2.90987
2.47
3.14449
4.13601
1.44974
3.75714
3.34201
3.13594
2.81303
2.29984
1.57412
2.0923
2.94309
2.04848
4.04211
2.32262
2.15255
1.74105
3.07351
2.59212
1.04261
1.91133
2.03304
2.4047
3.67564
2.07169
2.80305
4.32945
1.12863
1.85501
2.83529
1.51821
1.89464
2.75897
2.84025
2.43268
2.69763
3.13581
2.12957
3.00187
2.96393
1.78473
1.80098
2.09505
1.62298
3.02486
1.83402
3.93825
2.73465
2.6157
3.92993
2.42153
2.81732
4.55641
2.90744
2.85239
3.05023
2.00701
3.23158
4.40307
1.59137
3.07691
2.45218
2.76554
2.69439
2.74092
2.63447
2.17163
0.876345
2.11815
1.94957
0.262563
1.92149
1.60966
1.11136
2.95687
0.000948488
2.53698
1.37989
1.24369
3.42226
3.71154
0.938407
1.87324
2.80175
1.06391
2.12765
3.59378
3.13946
1.37606
3.70615
1.14893
2.77827
1.52736
2.50963
3.27892
2.29768
2.38627
2.88881
1.33701
1.15444
2.12994
1.54431
2.33567
2.43657
2.61723
1.93163
2.22202
2.10595
2.95342
1.86179
1.39727
3.1291
2.97492
2.36907
4.12603
1.62086
2.49124
0.786369
1.64855
2.72338
3.60145
1.35698
3.30463
2.78391
3.71087
3.06958
2.2386
2.56187
2.78434
3.64543
3.04012
2.76872
1.38832
2.05151
1.41673
3.62331
3.84008
2.75666
3.56692
2.40606
2.80791
3.21518
1.86492
3.09669
1.38894
1.70916
2.01361
3.19534
0.708238
1.74019
3.71706
1.08539
3.79559
2.0174
1.85711
3.17822
2.37164
2.16173
1.70558
3.54001
0.282864
1.4614
1.01944
2.45691
4.6702
3.47245
1.94292
1.48064
3.42819
1.48763
2.39251
3.31019
2.3454
2.33133
2.51757
3.03733
1.68882
2.6301
1.79784
1.83396
2.25308
3.84274
1.86958
3.94777
3.9813
2.89215
2.84874
3.21661
1.0265
3.33844
3.85379
3.31598
0.950853
0.686198
1.2461
2.22532
1.92127
2.41315
2.82518
3.25546
1.73609
3.23898
0.955047
1.03416
2.08112
3.47002
1.74532
1.61196
2.80973
2.28257
2.12883
1.55237
1.95379
1.80876
1.49642
3.24565
3.31379
1.83411
2.65138
1.80032
1.20219
4.22918
1.42231
2.42696
1.08084
1.09342
1.91433
1.85654
4.76068
2.14406
2.07715
1.56046
1.662
2.42377
1.0008
3.36218
2.97086
1.3249
3.12388
2.24747
0.904533
3.31801
4.088
2.17478
1.69732
1.29862
2.50268
2.97715
-0.0559313
2.8388
1.7817
2.55469
2.55371
2.50161
3.01258
2.14399
0.927958
1.99359
3.05126
2.39891
3.6393
1.78402
1.94693
2.37386
3.5346
2.02082
1.63484
3.60853
2.62781
0.930759
3.39497
3.47041
2.27428
2.24745
2.00378
2.16449
2.48631
4.1303
3.05122
2.86946
0.600569
0.796093
2.77961
0.0916587
3.14755
1.76699
0.148112
2.02612
2.13095
2.79381
1.51301
1.7448
3.06908
3.02039
2.14595
4.43119
1.24099
2.93196
1.8566
3.09039
0.448554
0.985581
1.62748
1.6104
2.47345
-0.18848
2.91713
2.67007
2.90247
0.825067
3.34096
0.873548
0.573236
2.48041
1.5701
2.19101
1.43781
1.61356
3.13727
2.01009
2.4259
1.1785
0.851888
3.36639
1.3647
2.55771
2.15566
2.16294
2.1299
0.870631
1.45446
2.89115
3.27885
1.2687
1.75986
1.66643
1.39534
3.43299
2.33292
2.97069
3.21199
2.24236
2.26418
4.02969
1.40101
2.42214
3.46747
3.38823
2.63047
1.27903
2.74731
2.961
0.972483
2.3714
3.60023
2.98651
1.88212
2.80991
2.88276
3.52536
2.31124
3.03406
3.14687
3.42922
2.00676
1.69524
3.00395
3.77945
1.3824
3.16851
3.60168
3.90248
2.15252
2.20704
2.34077
2.97223
1.31765
2.86707
2.56148
1.36247
1.86432
3.79925
2.70341
2.67013
1.97283
2.0755
2.37034
1.95926
1.83502
2.80331
3.17772
3.51447
1.79231
2.85459
3.43806
2.47286
2.02938
1.44188
2.96866
1.23413
1.49753
3.92379
1.90885
2.52644
2.95618
2.65372
3.15159
2.17981
1.4961
3.34682
1.19263
2.35415
2.7282
0.998323
2.19615
2.43688
3.09788
2.23182
1.26563
2.53261
3.65068
3.39689
3.63845
0.795738
3.28387
2.2879
2.21481
2.70137
3.15831
1.80799
1.94522
1.75824
2.97068
2.27567
1.31148
3.51315
3.28101
2.36315
3.52966
1.63165
2.40657
0.892496
2.48674
2.18781
1.60125
3.35942
2.11285
1.57558
1.9566
2.11802
1.85187
2.32297
2.632
2.92395
2.2334
3.4745
1.80069
2.65162
2.10358
2.78311
4.00691
2.30165
2.64015
3.01272
3.68026
2.4692
3.81085
2.62363
3.1588
2.23722
2.51602
1.64619
1.58432
2.03872
2.0095
2.90323
4.66856
2.65825
1.88148
1.97581
2.17305
3.52281
1.91324
2.38266
3.20018
1.54614
2.71398
0.000668421
1.01261
2.76728
1.81631
3.05098
2.75093
2.84442
1.7227
2.35824
1.17842
0.278793
2.40156
0.791355
2.24353
2.302
1.01475
2.03213
2.47471
3.26338
2.5187
4.33531
0.333788
1.56357
2.34442
1.76224
2.55003
2.06093
3.3558
2.99798
2.03564
2.33071
2.57785
3.87806
1.54736
1.30955
2.40413
2.6835
2.60993
3.01455
3.8327
3.02143
3.90859
1.65087
3.24721
1.78894
3.22874
1.89424
2.58205
2.36508
3.54473
1.66265
2.4068
3.27969
4.56818
2.40573
3.46493
2.38649
2.61954
2.37737
2.3137
2.48525
4.2244
2.80154
2.61036
2.24034
2.11933
3.47896
2.7281
2.78061
2.20807
3.39325
2.94748
2.14491
4.19829
1.98591
1.98854
2.99203
0.817798
1.49429
3.15669
1.68162
1.35207
2.16153
2.48385
2.95793
2.40836
1.32959
3.20517
1.11781
0.794115
1.67561
2.92508
4.21
0.830649
3.31955
2.09628
2.17932
1.22404
2.06829
2.40927
2.29759
1.85845
2.40991
0.603411
1.40033
3.9168
2.19114
1.50924
3.30346
1.63815
1.07351
3.47686
4.36344
3.47058
3.72307
2.5211
2.50574
2.16389
2.81509
1.60809
2.28425
3.04047
1.92368
1.76764
2.53348
1.82363
1.62872
2.23808
1.69307
0.723275
1.21152
2.29798
0.825567
2.44068
1.34451
2.47809
2.82798
3.33729
3.89319
2.4821
3.98401
3.07594
3.39844
3.74924
0.703565
2.38755
3.18543
2.70939
4.20143
2.19381
1.77641
2.60791
1.4889
0.0192704
3.2338
1.68283
2.42283
2.71319
1.42445
3.51307
1.92005
1.50195
3.49938
1.45077
2.49286
2.54081
2.17535
1.26071
2.64966
2.45165
1.29104
3.21486
1.79786
2.92719
3.41393
2.76854
3.81443
2.53445
2.81491
2.32991
3.04845
2.02956
2.7639
2.63862
2.9451
2.46638
3.41347
1.77751
3.36807
1.95525
1.52697
2.0499
1.74235
2.83791
2.33026
3.11794
2.81055
3.86006
2.09429
3.74812
2.50399
3.08942
3.36771
3.07956
2.50169
3.26018
1.65331
1.92004
2.69908
2.8607
4.2866
3.21283
2.76568
2.37285
1.36555
1.92513
3.58664
2.88304
2.95245
1.93214
0.727047
1.37097
2.53932
3.47598
2.73984
3.41308
3.78139
2.08306
2.31132
2.04881
3.00748
0.982167
3.8091
1.67885
3.10577
1.40631
3.27623
1.30553
2.58983
2.33595
1.54829
1.09238
2.67719
2.25197
3.20071
2.09126
2.16288
4.06918
2.22948
2.13986
3.29755
0.686591
2.14521
2.1961
1.26568
2.65915
2.79818
2.67807
3.97249
4.1011
2.12449
1.89835
3.38726
2.4946
2.21987
1.89955
3.00929
3.16707
3.35607
3.1668
3.38399
1.62385
3.29154
2.68314
2.24511
3.59044
2.29798
0.777053
0.82552
1.56306
2.44512
3.67465
1.80405
2.46021
1.7791
2.61333
2.82771
3.04808
5.1068
2.60215
1.58687
1.3784
2.9473
1.57524
3.05235
1.83437
2.24258
3.36784
2.28185
1.33168
4.06323
0.983063
2.76335
1.36474
2.17714
2.01676
1.1628
2.9015
1.44993
2.19164
0.967408
3.22215
1.56479
2.26556
1.67979
3.02953
3.34206
2.70534
2.91721
3.08694
2.08052
2.60989
1.23074
0.53658
2.61554
3.29848
3.67311
2.29462
2.78252
1.97507
1.29948
2.73608
2.87594
1.52424
2.05277
3.78958
2.43437
2.30283
1.46226
3.66077
1.4709
2.32056
1.96492
1.36531
2.74794
2.32127
3.16212
1.7943
1.67589
1.95754
2.3555
4.04319
2.61495
1.5505
1.8637
3.29262
2.83382
2.8613
1.6826
0.284492
2.22117
3.70599
5.46018
2.72912
2.49926
2.60773
1.28379
1.49428
2.64382
3.79488
2.48966
3.50487
3.85764
4.01812
2.41774
1.38496
1.59561
3.08847
1.794
2.75564
1.36865
1.73116
3.22488
2.06504
3.80467
1.48272
1.76115
2.94891
0.936284
0.573011
2.18889
2.53354
3.05886
1.17385
2.31428
2.41503
3.54557
2.01946
2.23494
1.01263
1.49933
2.6192
2.90957
0.0825968
3.57451
2.32977
2.45205
1.79645
2.99649
2.95649
2.04198
1.38272
2.0539
3.03405
1.61347
1.4719
1.09201
1.80002
1.88582
2.55298
1.11925
3.94748
0.981111
1.77795
2.06046
2.4912
3.2577
2.15434
1.45713
0.797794
1.9501
1.17187
2.24793
2.46754
2.61621
3.15326
3.48291
1.89491
3.2816
3.7358
2.06126
3.75984
3.30975
2.91604
2.96102
1.67553
2.54754
1.36924
2.26306
1.86949
3.16686
3.01569
2.482
3.40228
3.42087
2.91652
3.61097
2.69718
1.12866
2.9185
2.59818
2.59485
2.46386
1.96246
2.93257
2.947
2.37693
2.26294
2.80464
1.12302
2.50125
2.34413
2.50206
1.43949
1.5427
3.54489
1.63019
0.376374
0.79388
1.44013
2.52865
0.710686
2.64653
2.22582
3.16881
2.72996
2.86338
2.55709
1.99128
3.18031
1.59826
1.51618
1.38121
2.3358
2.90298
2.22849
2.22622
3.60249
2.92427
3.23954
3.73217
1.68984
4.31311
0.413289
3.05696
1.72218
2.63093
2.33763
2.15903
2.25462
2.18893
2.87241
3.40328
1.65379
2.47648
4.87387
3.68477
3.14814
4.10177
1.48238
2.79701
1.13346
1.15865
2.21872
1.56306
1.64167
1.8206
0.736489
2.86341
2.0705
2.881
2.09266
2.6395
2.53749
1.37541
3.19811
4.04596
2.49904
2.06861
1.71459
1.60675
2.67288
1.76706
3.29841
3.07188
3.48765
2.30474
2.285
2.6208
3.62989
3.69524
1.08058
2.70917
2.33514
4.0836
2.10661
4.15284
3.00811
0.664141
2.7398
1.69597
1.44231
2.44799
2.86945
4.74414
2.2054
0.746836
2.57586
1.26777
3.23753
3.53404
3.1099
2.32294
3.35304
1.80217
1.51822
3.02057
3.88554
1.31397
1.47488
1.8957
2.84739
0.676722
1.78182
3.05051
1.71482
2.4387
1.23053
3.34777
1.60541
2.79447
3.05555
1.80234
1.70198
2.81541
3.90435
1.81919
2.68283
3.67279
2.70371
2.64515
3.95712
2.40043
2.82096
2.47053
3.39821
2.44411
1.39793
2.29472
1.90664
1.95906
1.93914
2.13595
2.56412
2.67904
1.94989
1.61608
1.9215
2.07959
3.01143
2.52157
1.2684
3.09458
1.04202
2.01658
3.74113
2.97486
3.99936
2.84119
1.83108
0.725935
3.10535
2.68086
2.27881
3.3909
2.30614
2.50923
5.487
1.85963
1.08355
2.33359
2.51573
2.27898
0.820975
2.57711
2.60673
1.80328
2.95248
2.30856
2.29732
2.04986
3.59091
3.69695
2.89987
2.53878
2.45024
1.93582
2.47814
3.04454
2.46428
1.77149
2.15182
2.7024
4.25347
3.9651
2.76758
2.97717
1.60041
1.27504
1.29231
0.989643
4.44949
3.25839
2.9939
1.83058
0.802404
2.81508
3.91039
4.02827
1.2347
2.39675
3.01907
2.75904
3.16269
2.54897
3.3081
4.3426
3.21144
2.38186
2.07041
3.23135
2.98608
0.845228
2.9721
1.64123
2.50445
3.40728
3.07495
2.83073
1.22831
2.74801
3.61839
2.32138
2.08746
1.60794
1.55356
2.1635
3.01756
2.87554
2.66659
1.90069
1.46873
2.80871
1.38119
2.47235
2.34843
2.6239
2.33608
1.80815
3.52922
3.5269
2.32517
2.10255
3.76226
3.10241
1.44199
1.51031
2.84396
2.96206
2.49839
2.63704
3.33133
0.91921
2.59058
1.83733
0.215691
1.8138
3.29766
1.08355
1.851
2.67901
2.69367
0.758254
0.246936
1.54263
1.95665
1.94252
3.15434
2.5534
2.25328
1.47514
3.13577
1.72011
2.45967
3.55284
3.62789
3.59983
2.04883
3.01807
2.99366
3.20084
2.49251
3.45438
3.49386
1.16564
2.51949
3.5454
2.74289
2.10293
3.91402
2.7156
3.94181
0.921399
2.95857
2.79298
0.836341
1.47289
2.89883
2.52336
0.865678
2.25766
3.96204
4.33828
3.13085
3.76885
1.67196
4.49067
3.70547
1.20693
1.78927
1.96153
-0.023148
2.79842
0.982779
2.27419
2.44956
3.38224
1.74461
1.15285
1.70815
1.7847
2.93684
3.70779
2.32891
1.09198
3.3594
2.75071
1.55707
1.68022
3.08701
1.36765
1.08697
2.07173
1.3161
1.97789
2.30148
-0.0780655
1.641
2.41669
2.86741
2.60161
3.27476
2.18322
-0.323316
1.48574
2.90847
2.04489
1.34348
2.46593
3.93562
3.26262
2.35677
2.26396
3.06106
3.85028
2.9995
2.58406
1.88246
2.24505
1.28223
2.54649
2.83004
3.96918
2.10645
1.47876
2.49014
2.35145
3.21005
2.84326
1.36637
2.36873
1.55823
1.54358
1.50721
3.2066
1.26826
2.40501
1.9635
3.00559
3.87051
2.00664
1.98006
2.92624
2.28204
2.93356
2.48264
2.36481
2.03072
2.11854
2.83034
2.63799
1.0239
2.23315
0.404388
2.59742
3.57798
2.21619
3.16413
1.63935
2.39405
1.85238
2.37516
2.56263
3.81562
3.56812
1.41328
2.90766
2.03216
1.93994
2.92971
4.31639
0.619445
2.2174
1.58807
2.55854
2.26833
0.85651
2.37919
2.40132
3.10816
2.70679
3.2098
1.706
3.70936
2.89152
1.99063
1.58734
2.09822
2.08594
2.61262
1.88935
1.58988
2.3656
1.78521
3.00214
3.29311
1.79203
3.31926
2.58119
2.08669
3.6453
1.62463
2.43225
2.25208
4.29169
1.51837
3.47947
2.21614
2.57022
3.6223
2.00411
3.04323
0.955809
1.04616
2.68542
2.4424
2.80988
1.78803
1.39402
3.33953
2.10054
2.00649
2.45808
1.91988
1.70966
1.93173
2.86123
3.49046
2.23949
0.700292
2.27531
1.3734
2.12905
2.355
2.21013
2.61534
3.69667
2.77503
2.5976
2.93279
2.53887
2.22413
2.9229
3.76002
1.96715
2.85073
3.21864
0.154747
1.4249
3.39104
2.12782
2.45866
3.26074
1.98912
2.76363
2.81262
1.94458
2.00375
1.89445
2.38777
2.02456
1.59909
1.04477
1.35719
3.29595
2.45856
1.66259
4.06916
0.753802
2.39159
0.542926
2.5644
3.24629
1.59257
2.33234
2.29428
1.72085
4.04576
1.99112
1.57947
1.885
4.48066
1.24615
3.10511
2.66648
3.18432
3.77929
2.35525
1.16645
0.737483
2.5032
2.61471
3.48746
3.78668
1.80268
1.89198
3.0747
3.82907
2.24651
2.36445
3.31615
-0.0102761
1.26364
3.13436
2.47026
1.52343
3.50355
2.85169
2.56064
1.15985
2.78517
1.8018
0.819999
2.98579
2.49879
1.85752
3.56468
2.25322
1.52267
1.86932
2.60538
2.89632
2.44325
1.58077
0.361818
2.93658
1.55428
3.98251
2.04523
1.88333
2.0882
2.48259
2.09659
1.96599
1.93845
1.50204
2.12408
1.91339
2.57562
2.76886
3.11596
1.6739
3.41929
3.55811
2.86096
3.29997
2.61046
2.9041
3.09339
4.05201
2.96031
2.40216
3.09993
2.55007
2.40508
2.94539
2.12442
1.5528
2.81396
2.93115
3.31537
3.32173
2.68499
2.87825
2.2177
2.00745
3.63205
2.77648
2.07922
3.27751
2.4624
2.80175
3.15619
3.14067
1.73282
1.70517
3.80382
2.83519
4.47006
1.66222
0.572911
2.68248
2.31281
1.93892
2.84544
2.88892
3.11521
2.68605
4.08627
2.38595
2.31793
1.50135
3.10568
2.20828
1.82068
2.58723
0.944659
1.72383
4.37146
2.42757
3.35626
2.18335
2.22758
2.89235
3.50583
2.70664
1.88077
2.88987
2.88096
3.56163
0.688523
2.14109
2.48295
3.34447
2.51157
3.20788
2.65531
3.2705
2.4828
2.59916
0.948298
2.17393
4.17845
0.996832
0.753825
2.9204
3.16012
3.50409
3.49853
0.803824
3.47972
2.74557
1.4523
4.4165
3.76981
3.16555
3.80564
1.58309
1.80323
3.66182
0.962636
3.00247
3.0029
2.85752
2.57854
3.03013
2.44616
2.70886
0.77966
3.75981
2.70294
0.690473
2.86977
1.97753
3.29754
3.22418
2.08426
1.51985
3.15775
1.81622
1.18404
1.4979
1.7282
2.80349
2.43733
3.59063
2.57722
3.77846
3.71363
2.46502
2.24072
1.90519
3.32521
0.885981
2.36698
4.11898
3.74471
2.04879
2.04887
1.62992
2.98655
2.65623
3.55146
2.06987
2.68022
3.17862
3.25535
2.83247
3.53114
3.17767
3.41888
2.6245
2.20282
3.58297
1.95484
3.09471
1.31034
2.51289
3.33742
1.52481
2.31532
3.76806
2.68536
3.23755
2.12952
2.61154
1.5196
2.70153
1.74517
1.53268
1.15095
2.5493
2.69992
1.67559
2.04138
1.96687
3.75581
1.51336
2.01394
1.22995
2.32467
4.39122
3.45829
0.578153
3.42885
1.73682
2.65862
3.55295
2.91355
1.39644
4.02976
1.73322
1.3885
3.01781
1.57201
1.61486
3.48054
3.58313
1.64459
2.94344
4.03231
1.45054
2.69022
2.42404
0.509826
3.03257
3.51319
0.800341
1.08056
2.32739
1.5104
2.35969
3.04446
3.06501
1.91784
1.82733
2.96692
1.75997
2.09666
1.79853
2.11594
3.16743
0.574423
2.73838
1.42443
2.59745
1.23327
2.35142
1.25067
4.05846
1.72285
1.27837
0.929929
1.90649
1.8763
2.33276
2.75819
0.70984
2.74432
3.12522
2.36084
2.31488
3.35834
2.92717
3.34098
2.325
2.79953
3.49879
1.67445
2.19011
2.9425
2.51578
2.98808
3.04181
1.6733
2.78526
1.00642
2.46549
3.28711
1.64793
2.7363
1.92873
1.46513
2.07268
1.82244
2.3061
2.51283
3.95064
3.63122
3.36693
2.64104
3.30523
1.88992
3.02936
0.529346
2.75752
4.63558
2.14065
2.05477
2.66722
2.63245
3.51556
1.016
2.47476
1.25332
1.44027
1.7414
3.3997
2.03117
2.19945
1.9734
2.96472
2.56618
2.01722
3.50093
2.96357
3.42352
2.41434
3.27569
3.03109
2.00465
3.11426
2.27549
2.84453
2.76287
3.75257
2.50402
3.2215
1.98973
3.87617
1.65805
2.31107
1.94355
3.07951
2.93125
1.84531
1.82814
3.46193
2.87691
2.05005
2.94675
2.06272
2.08496
2.40327
2.73908
2.8357
3.27011
1.74604
3.07523
1.54631
2.90467
2.77539
1.65903
1.70333
0.884952
1.84483
0.560065
2.68032
2.72408
0.43204
2.83085
3.80967
4.28819
3.04899
3.04905
2.70348
1.21811
2.70671
2.61668
2.19158
1.85037
3.9221
2.08347
3.21459
2.10945
1.04018
2.61518
3.58157
1.45671
3.03152
1.90148
0.425857
1.93963
3.94221
3.57026
2.25502
2.51748
1.73246
3.64589
2.26471
3.09971
1.87188
3.46584
2.08011
2.86661
2.82013
3.32727
2.31539
1.00656
2.30972
1.74226
1.9242
3.05488
2.35919
3.72899
2.14162
3.58665
1.99663
3.47946
1.85623
2.64263
3.5665
4.24969
1.407
3.00243
2.8121
2.65215
2.47409
3.91959
3.93401
2.72674
1.12786
3.08534
1.92776
1.8938
4.26291
2.56867
2.09412
1.80376
1.70607
3.37398
2.63163
3.59234
2.85225
2.8838
3.9483
3.1584
0.783677
1.00406
0.875303
2.12114
1.65294
1.82153
1.91935
2.26738
2.13121
1.34873
0.286621
1.54925
1.50858
2.56042
1.44275
3.98071
2.68824
3.25781
1.15108
2.02143
0.558162
3.15864
1.98379
3.69952
2.40796
1.26889
3.70747
2.4028
2.56756
2.79344
2.8674
3.85682
2.34744
3.22199
2.17418
2.49595
1.51812
1.93637
2.55679
2.26512
2.75874
2.29642
1.01139
1.83298
2.67779
2.58825
2.84733
3.65447
3.2023
3.69935
1.97609
2.61784
1.12538
1.90546
2.95654
1.87155
2.0178
2.40573
1.7133
1.80708
2.50074
2.7368
2.28897
1.3971
2.99563
3.37124
2.31262
2.5733
3.09625
2.2155
2.70887
2.958
3.51396
2.08141
2.01801
1.94394
2.56136
1.82089
3.00372
2.88072
3.79947
2.78851
0.995398
1.88195
3.69556
2.48192
3.49366
2.47373
1.97813
1.8522
1.92152
3.26664
2.68968
1.44002
1.37754
3.81933
2.62319
3.65017
2.23371
2.80313
3.09606
3.2758
2.38996
2.04903
2.41701
2.25269
3.37332
1.7713
2.65234
1.87381
1.59232
2.81881
1.9247
2.38548
1.75644
1.51918
2.43189
1.58585
2.57577
1.87108
1.41087
1.83593
3.19346
1.82376
1.90296
1.28757
1.71643
2.75623
2.29265
2.40616
2.63422
2.08238
1.67996
1.47008
2.98288
2.06354
1.87801
2.77083
2.37494
2.3938
4.01622
2.56823
2.72432
0.319557
2.19693
4.17317
2.34707
2.84562
1.56928
1.96646
0.499044
2.32411
2.4866
1.84969
2.93076
2.66809
2.97503
1.78269
4.21574
3.46714
1.83351
2.29451
1.53366
1.94572
1.80692
3.80422
1.91821
1.16118
2.84049
2.13812
2.82805
4.0001
2.61151
1.78761
2.91795
2.86815
2.50229
1.71985
2.59969
3.25927
1.22219
2.20481
2.13484
1.59496
2.57125
3.7761
3.37693
2.78139
2.33523
1.73868
4.21028
2.3664
2.75036
1.79158
2.68301
2.52868
2.16889
1.55659
4.07628
2.1848
3.40806
1.94106
3.51052
1.47389
4.03083
2.26651
1.07442
1.43799
3.0434
1.22853
2.62312
2.73277
3.14936
3.28707
2.4157
2.46746
2.36697
3.21277
1.99422
1.91658
3.23402
2.56031
1.73282
2.73596
1.3555
2.18221
2.54213
1.98281
1.89598
3.01152
1.99539
0.994347
2.50896
2.32852
0.737959
1.86659
2.45797
0.174367
1.97151
1.97914
2.03377
1.94144
2.5945
2.84406
2.7074
2.94674
2.2874
1.42271
1.42739
2.97459
2.34616
2.13204
1.75083
4.04452
1.89341
2.79965
2.57341
2.88679
1.22092
3.68997
2.83876
2.49625
1.43779
3.12158
4.6121
1.57531
3.33655
2.80227
1.45205
2.42517
2.90532
3.19106
3.42998
2.91331
3.09812
1.35137
1.77112
4.12098
1.23655
3.01827
1.41089
0.229045
1.66718
1.90689
2.43537
2.13792
2.00465
1.91307
2.7426
4.55014
2.16649
2.05262
0.708386
2.19399
2.25791
0.897037
3.22388
2.71405
4.06509
2.24777
1.63891
2.01081
1.27858
2.22847
1.43882
1.6257
2.35017
2.4575
2.45509
2.83718
2.72376
2.8476
2.78578
2.24136
2.75304
2.36603
2.79372
1.45388
3.45142
1.07754
2.54324
1.47972
3.33606
0.872496
1.15603
2.71153
2.89938
2.0295
1.07852
3.1476
2.72268
2.20649
2.02586
2.66822
1.88258
1.93506
3.9052
4.09715
1.36022
3.59338
2.01994
2.73556
4.1976
2.74135
3.2076
3.43324
2.68203
2.51189
0.684497
1.90191
3.77672
3.86932
3.00118
1.64455
3.29732
1.45149
1.96027
3.53577
2.21096
3.4255
4.09402
3.11865
3.23141
2.91254
4.94265
0.883498
2.04051
2.03397
2.5102
1.39233
1.44297
3.48502
1.40409
2.77589
3.14145
3.34279
2.46393
2.28039
1.18416
2.49433
1.85081
3.47442
2.606
1.85459
1.8268
3.19291
3.3435
3.59905
1.57392
3.40109
2.78756
2.32999
3.77771
1.1915
2.50022
1.97641
3.58193
1.70965
2.9733
3.41314
2.50719
1.65887
2.03022
2.14461
2.43265
2.82429
1.75097
3.08545
3.17243
1.98363
1.92146
1.48048
1.46805
3.14449
3.00382
4.25819
3.05163
2.62513
2.11745
1.91496
3.30806
2.45373
1.55261
2.53222
1.25363
2.63119
1.70782
3.43727
1.95892
3.06714
2.47315
1.48443
1.81506
1.33716
2.17948
0.0937849
2.98233
2.67075
4.82931
3.42408
2.33521
1.80094
2.44442
2.48074
1.86849
3.3003
1.69753
3.53454
0.686527
3.71016
2.43474
2.4905
1.55764
2.47344
4.64126
3.37424
2.78969
1.14343
4.00769
2.74097
3.05842
3.04586
1.67624
2.21766
2.9154
2.74356
1.56335
0.310605
1.82316
3.59952
1.46819
1.19319
2.42187
3.60332
2.35508
1.08656
3.52418
2.73325
2.85638
2.18265
1.07042
1.26271
1.67849
1.5538
2.31836
0.354022
1.5304
2.84212
0.966781
1.72688
1.89035
3.02593
2.54946
2.40369
2.81912
1.04811
2.24681
3.61995
2.33944
1.57414
2.67755
3.53735
1.81239
2.64634
3.55979
3.54508
2.08514
3.08059
3.0839
3.98003
2.5876
2.80205
2.94949
1.46362
2.59325
2.10274
2.20802
3.83641
3.48768
4.232
2.11597
0.663078
3.41219
2.35877
2.1076
2.75925
0.883871
2.99659
1.68247
1.78435
1.15222
2.17107
3.76057
2.5351
3.54833
2.22646
2.70407
3.50236
2.22898
2.18659
2.46507
3.71096
2.15818
1.2465
4.02106
3.34467
0.615246
3.12881
2.6911
1.39537
1.37061
2.70873
2.10153
0.556972
2.08451
3.5664
1.14576
3.59756
2.82691
3.25194
0.993615
2.36231
0.209156
3.41867
2.15542
2.35738
1.61637
2.71161
2.0154
2.23378
3.48988
2.30493
2.32964
1.99589
3.63751
3.26197
4.18215
3.14344
2.97039
2.72571
1.63501
0.729366
2.10302
2.17727
1.34728
2.35482
4.80144
3.35308
2.94283
1.33767
2.24354
1.98243
2.33356
1.717
3.92516
1.14328
3.53841
2.19643
2.24325
2.79977
3.39734
4.13563
2.58544
3.06672
2.97937
3.42761
2.15343
1.08028
1.40404
3.89017
2.19168
3.34723
3.2946
2.483
2.66217
2.69603
3.77329
2.54369
2.18646
3.64637
1.57537
1.69197
2.06294
1.42135
1.22293
2.28022
2.77537
3.06672
2.95621
3.0506
2.35247
1.41355
1.89538
3.4576
2.94312
2.33251
2.29824
3.35552
2.0811
2.87426
1.6176
1.77196
1.68414
3.14336
2.76605
2.45495
2.18736
2.04836
3.28716
1.47477
3.00522
3.03563
1.22808
2.89801
1.66691
3.43215
3.12802
3.39352
2.53435
3.45656
3.36622
3.16756
2.45643
0.960301
2.58334
2.6789
2.85498
2.07863
3.57234
2.40976
1.7817
1.85899
3.7631
3.88165
3.23823
2.8064
1.90972
1.99918
3.55661
1.20122
2.77424
1.38567
2.52545
0.966573
2.63019
2.31492
2.69705
1.8731
3.193
2.27221
3.72274
2.14933
1.89613
3.0099
1.44582
2.16835
1.04319
3.20363
3.20019
2.05457
3.28019
2.18141
4.02354
3.44483
0.956489
1.22664
3.05302
0.352802
2.55891
1.93953
2.50323
2.60158
3.41175
2.1161
1.30582
2.24011
1.75008
1.51014
1.10112
3.14597
3.1945
1.86911
3.63557
2.86274
1.61858
2.49635
2.43486
1.26384
2.49955
2.2032
2.55741
2.17103
2.02718
4.01597
1.52288
1.45603
1.85606
1.80457
1.65702
1.89342
1.73709
3.04847
3.52351
1.11116
2.50997
2.95861
1.89286
1.97868
2.27298
2.29766
2.40538
1.74752
2.8555
2.46282
0.70648
3.64191
3.08691
1.86353
2.73281
3.78828
2.13312
1.97928
2.08483
1.53903
4.3363
2.86589
3.73157
2.55244
4.23025
1.1376
3.60877
0.7333
1.86892
3.33633
2.09371
1.91691
2.24774
2.15333
3.4585
0.634796
1.96471
2.77982
3.28701
2.70714
2.75121
1.68765
3.7071
3.35128
1.78952
1.55937
1.79982
1.71139
3.11252
2.55846
2.83222
1.13075
3.0573
2.85205
2.00315
0.856282
3.00044
2.16266
1.26429
2.51007
2.17056
2.85056
1.28485
3.39534
2.52527
2.85566
1.98849
2.16981
2.42032
1.71108
1.53885
2.33796
2.87594
2.3828
1.78089
2.58488
3.89592
2.21202
2.4764
2.11974
3.02007
1.8015
2.12363
2.2446
2.08987
3.04979
2.23137
1.85741
0.657389
2.8577
3.75617
2.81501
1.18923
2.51585
2.17479
2.45878
1.78605
0.711839
1.60175
2.73076
1.73186
3.05724
3.25981
1.3161
4.38127
1.60248
3.16437
2.4219
2.46674
2.54904
2.85728
2.32293
2.71172
2.50092
2.97064
2.43059
2.51993
3.85564
2.25715
1.56482
0.924771
2.78547
3.13838
1.43009
2.963
3.12214
1.05157
2.08406
2.02226
1.07775
2.15109
3.70155
2.1077
1.80458
1.74452
2.80817
1.69073
2.98827
1.43016
1.44623
3.42105
2.26579
1.90197
4.47465
2.69265
3.07357
2.23342
2.53613
4.30104
2.15681
2.49633
1.57111
2.3989
1.10511
1.34438
1.39018
1.18804
1.88689
1.79402
3.8255
2.1774
2.64636
3.2138
2.17442
3.05062
1.72295
2.2539
2.98078
1.83177
1.901
1.9265
1.05275
1.75216
3.65555
1.377
2.02437
1.21302
1.28799
2.62252
2.84925
2.2474
1.80121
1.41579
1.30422
1.66522
3.13546
2.60796
1.75763
2.72629
2.11525
2.49762
1.09625
3.97882
3.10665
1.60004
3.28905
1.71299
0.162541
2.96774
3.76006
3.0773
2.54997
2.01459
3.35476
2.5713
2.38912
3.33488
2.66203
2.88717
2.1532
1.94287
1.03933
1.73298
1.49335
3.36526
1.71176
2.03296
2.37632
2.21863
1.50426
2.34337
1.66765
1.53087
2.9856
3.42391
1.90338
4.0501
1.90395
1.51108
1.1984
3.58356
1.8045
2.49307
3.67572
2.99425
3.27599
2.90559
2.11725
3.48078
3.16071
2.49022
1.79025
2.92537
1.37049
3.34861
2.73504
2.13649
2.38756
3.56878
1.1965
4.36822
2.09832
2.60346
2.46512
2.3325
1.29828
1.82758
0.612273
2.61302
2.75012
2.72867
2.92943
2.63705
2.89914
3.09811
0.578423
0.662796
1.24365
2.44481
3.34451
2.67238
1.33574
4.29311
3.01722
3.02365
1.38003
3.13875
3.16767
1.60311
2.15774
3.63821
2.45616
1.47721
2.21851
3.45618
2.22282
2.47662
1.37636
3.44079
0.755539
2.99489
2.15214
2.92735
2.9397
3.75579
1.77323
3.32629
3.76269
1.41523
4.34279
2.32601
2.76739
3.20703
3.64103
2.25799
0.44434
3.0879
2.49865
2.94438
1.95649
1.37287
2.04675
2.90074
1.57812
2.1845
2.61379
2.43283
3.34376
2.44084
1.84033
2.927
2.96196
2.66148
1.1978
1.72364
1.94434
3.23343
2.88241
0.491055
1.46809
3.14313
1.24264
3.45302
1.63526
2.16144
3.03451
2.98863
2.37772
2.18933
2.59878
3.70863
3.06149
2.95039
2.55363
2.15627
4.32621
3.02821
1.93207
2.11039
1.81664
2.0908
2.19226
2.27941
2.74452
4.34891
3.45393
1.60865
2.01465
1.83242
4.12801
1.76753
2.74547
1.49143
2.12797
1.93583
2.90982
0.986652
2.40532
1.83507
3.64462
1.38992
2.30494
2.18971
2.56879
1.58649
2.765
2.6484
3.39677
2.03202
3.00158
2.77778
2.68225
1.48851
1.87351
2.28148
2.15961
2.29918
2.81161
2.74464
2.21316
3.92476
2.55678
2.61289
4.25433
2.03161
2.21732
2.56466
1.37987
3.28829
3.40636
2.29727
3.05657
2.30153
2.21202
3.00764
3.17446
2.13528
1.3148
2.6946
2.54113
1.89309
2.21601
3.04943
3.08191
1.9558
3.77665
2.56929
1.43516
3.88663
3.3105
2.3432
3.50578
2.76133
3.24514
3.53811
3.36382
2.44843
3.39285
3.28631
2.17555
2.27654
2.49249
2.29464
2.54608
3.08192
0.999561
2.00075
1.43718
1.82974
1.36155
4.45358
1.22021
2.58474
2.4933
1.91911
4.74039
2.01223
3.0787
2.77659
2.80966
2.11302
2.10558
2.91358
2.62331
2.70504
3.66701
2.72102
2.72764
1.61459
1.56135
1.94139
2.84691
3.2042
2.98701
3.08498
2.71167
1.81282
2.61431
1.81303
1.22261
1.23185
4.70058
3.61366
2.79961
1.99113
1.39195
2.4191
2.40124
1.96676
1.70722
2.36337
1.50152
2.77522
1.53111
3.08424
0.999857
2.85129
1.75427
1.38516
2.28532
1.20573
2.45341
4.68517
3.44204
2.76215
2.06338
2.48621
3.67354
3.92992
2.19265
1.4501
1.76503
3.48005
2.75651
3.06603
3.57833
2.58614
2.65267
3.34466
2.81184
2.68581
3.12399
2.8273
1.6085
2.19514
2.59796
3.67778
3.60945
2.92215
1.95663
1.57268
2.94597
3.09912
3.07456
3.56109
3.96484
2.32929
2.14714
3.23456
2.79836
1.7062
2.46278
2.40565
4.01939
3.68205
0.227503
2.4784
2.11577
1.63866
2.0093
2.88014
3.25866
1.68088
2.25407
0.777506
3.35923
1.62543
2.54869
3.95419
2.28002
1.26189
0.313427
2.62509
3.06434
2.60002
2.72926
0.747095
2.1194
4.00966
2.91681
1.93323
1.5643
2.03125
1.76564
3.85293
1.8309
2.76186
4.44206
2.73607
2.07315
1.3928
3.89116
1.99581
3.34012
2.08434
1.7891
2.2724
3.09734
3.09174
2.95451
1.1254
2.77649
3.02516
2.93079
-0.202758
3.73544
2.37366
2.21359
3.90517
0.518252
1.66752
2.01655
2.43655
1.73565
2.48814
1.55721
2.05013
3.95745
1.32097
1.76967
2.17524
2.15141
4.35307
1.76409
1.4188
1.95251
1.43779
0.127285
2.18955
1.61031
3.23679
2.76238
0.973614
2.45662
2.19992
2.08849
4.11271
3.33401
1.82061
2.08871
2.75161
0.606443
1.79936
3.58536
2.75178
3.27184
2.14163
2.32535
1.58469
2.45883
2.47092
2.64665
2.65205
2.3379
3.30691
0.552814
1.98685
0.838988
2.32888
1.62273
2.82708
1.52771
3.06252
4.07303
2.01536
1.02501
2.21918
3.17101
2.1255
2.75844
2.31711
3.22721
1.89567
2.54327
1.57841
2.33686
1.7334
1.42609
2.74927
1.36451
2.66425
3.19463
2.69999
2.05563
2.41203
2.59945
1.74061
3.15894
2.46774
2.948
3.47218
2.87028
0.464295
2.10589
3.29446
1.38715
2.21334
2.52576
2.36577
4.01554
2.28972
4.64614
3.11179
1.76186
3.43357
3.07452
1.4385
2.18044
2.85797
2.41419
2.70798
1.26871
1.77727
1.69416
2.50146
2.23222
1.58794
3.00849
3.88954
3.00513
2.95119
2.91372
2.82142
3.68782
2.4153
1.38858
2.83964
1.30034
2.61852
2.07824
1.27338
2.26254
2.35445
3.35715
1.53238
2.90561
1.68394
1.31125
2.37813
0.394138
1.95911
1.55366
1.09824
2.72013
2.47381
2.05406
1.42835
1.92351
2.27925
2.8132
0.545533
1.74267
0.54964
1.89614
1.54837
1.87329
2.32994
2.81206
3.29483
1.68138
2.45927
2.41837
2.57453
2.14954
2.7012
2.61105
3.33241
1.44662
1.9589
2.45456
2.36559
1.66519
1.89572
4.13393
2.17259
3.77748
2.29452
2.163
2.72119
3.10371
2.91726
2.92201
1.46525
1.73472
4.43558
3.15202
1.63962
3.18492
2.00783
2.49596
2.01645
2.24703
1.03969
3.03126
2.6478
2.53519
3.15833
2.51612
0.866066
2.48028
2.02028
2.68494
2.66534
2.77814
1.18919
2.61154
3.36926
2.33919
3.71417
1.17909
2.85819
4.15397
1.60015
2.47298
2.93022
3.59393
2.58897
3.97122
1.43149
3.85564
3.97986
3.65806
2.49832
3.31581
3.18006
0.848765
1.39281
3.14554
1.79849
2.47395
3.61412
2.23578
2.92719
2.4396
0.94592
0.824359
1.11777
2.1575
2.61602
3.19164
2.29785
4.29648
3.05659
3.44059
3.6489
1.4112
2.03925
2.1218
2.43774
2.03962
4.48181
1.95133
2.60733
3.78336
3.15281
2.41265
3.6624
2.70882
2.07947
1.0558
3.03624
2.19105
2.82966
3.43164
1.60543
1.92544
1.32075
1.82703
2.50711
1.96564
2.89319
1.44248
2.47789
2.0435
1.31716
2.5191
2.35916
2.25509
3.02981
2.56642
3.16603
2.08768
0.987327
3.21554
2.23362
3.14949
3.84132
2.08188
3.07575
1.71356
1.53284
1.09325
2.4303
3.44344
3.88378
3.60301
2.26444
4.25914
1.1099
1.22107
2.85258
2.79187
3.83823
2.14471
3.07438
1.68834
2.57763
3.69929
2.87632
2.88399
2.84447
2.06907
1.68167
2.77258
3.4189
3.24296
2.2466
3.13836
2.85168
2.27313
1.32692
1.74001
3.74389
2.65392
2.77213
1.77058
3.19739
3.54477
2.715
2.46706
2.3756
1.77537
3.16637
2.98579
1.05009
2.78064
0.548992
2.45211
3.35729
1.19739
1.92156
2.52288
2.51005
1.84739
3.02938
2.46979
1.25738
2.66865
2.73529
2.85796
2.96754
1.60391
2.86052
1.1936
2.52314
0.819985
1.77258
1.2643
1.53306
2.75897
2.42065
1.56217
2.2948
2.88632
1.94933
3.39769
1.9182
3.08507
2.25983
3.64754
3.54543
3.47074
1.60082
2.95433
3.10517
2.00405
3.24043
1.45498
2.56304
1.41336
1.46923
2.2997
3.38101
2.31355
2.67793
2.15749
2.43451
2.30888
0.512688
2.55886
2.72863
2.43893
2.39235
2.41642
2.41675
0.850581
3.65133
3.40985
1.40375
1.95419
2.41216
3.04099
1.96005
2.57307
1.90665
2.28198
2.0051
1.85705
2.06046
2.22259
0.956357
2.78167
2.69117
2.07076
1.55232
2.94158
3.43454
2.94687
1.84952
1.66577
3.83703
1.85908
2.03072
3.79506
2.89212
2.80074
2.04624
2.43613
3.28771
1.24725
2.70684
3.4928
2.40162
2.46243
3.67326
3.05218
2.09949
2.3707
2.26375
1.84341
3.27104
2.94832
1.53046
2.27399
2.99576
2.8316
1.86571
1.74637
2.39328
2.13265
1.25484
2.80362
2.66691
1.09553
1.69359
1.71177
1.708
2.6997
2.46103
2.76919
2.65748
2.801
2.39061
2.67405
2.38712
2.17118
2.48641
2.00313
0.930955
0.824239
2.48353
2.96187
1.92088
1.0908
2.03234
0.992227
2.80573
1.66519
4.49017
2.05837
2.52757
2.20646
1.14036
2.1224
0.805208
1.67298
1.17202
1.66502
2.35417
2.88628
1.00056
1.56906
2.66923
3.58003
2.32003
2.77074
1.95316
2.7804
2.4562
2.73967
2.80369
1.85393
2.60211
2.48651
3.55927
2.89478
1.68672
1.25467
3.23191
1.91283
3.43249
3.29814
2.43242
1.3217
3.79501
1.50675
2.68877
2.31209
1.90345
2.616
2.13025
2.56108
3.37413
1.96936
3.00799
2.63535
1.70766
1.86568
2.83322
4.37773
1.61855
2.31127
3.9012
3.28359
3.70777
2.7179
4.02913
1.99257
1.64098
1.99603
3.09304
2.31384
1.1355
2.14781
1.73488
1.54078
1.26892
2.35502
3.89946
0.862212
2.5427
1.92729
3.74791
3.99885
2.29538
1.5806
2.21227
2.94245
2.84407
1.43307
2.23356
3.17541
3.42567
1.06884
1.84727
1.963
2.44537
3.62946
2.35042
1.51928
1.86305
0.656859
2.13552
2.44109
2.61352
2.00191
2.35715
3.11237
1.35253
1.81932
3.25145
1.45838
2.4758
3.50679
2.39854
2.61137
1.90156
3.02814
3.51381
2.80409
2.01335
2.58005
2.79295
1.05625
1.73171
2.92478
1.88775
2.96501
1.8223
2.59706
4.49791
1.06427
2.27007
1.48668
3.61807
2.32713
2.01635
1.97785
3.57995
2.70183
3.02193
3.64762
2.87304
2.78275
1.96169
3.49065
2.81511
2.27863
1.97539
2.69249
2.47322
3.36655
2.66926
0.72918
2.38484
2.37059
2.21288
2.01665
2.15722
2.30837
0.86957
1.63538
0.599638
0.970233
0.945615
1.51971
2.00453
3.39807
1.06191
2.80052
2.82257
3.36472
2.28675
2.52945
3.44503
3.0254
0.45493
2.78175
2.52863
2.69889
1.14025
1.55464
2.20464
3.53492
1.93709
1.09175
2.0062
3.72346
0.560854
2.01711
1.02729
4.4179
2.31342
1.9989
2.46441
3.99304
3.15628
3.77464
2.3476
2.20851
3.23728
3.09281
2.52668
2.36526
0.77365
3.0119
2.00397
2.27766
2.35036
3.47121
2.24491
1.53521
2.1692
2.54548
3.09525
3.65957
2.57322
3.63992
2.74529
2.33649
1.06098
1.94852
1.87453
2.68118
3.14574
2.56229
3.51672
1.1901
1.89955
2.18719
2.44981
2.83656
3.47878
1.91421
1.57096
1.2976
2.23215
2.6425
3.44707
1.55343
2.56483
1.14164
1.66404
0.646051
2.79904
3.22143
2.90034
3.09995
2.15049
1.24045
1.73234
0.853381
2.74713
1.66474
3.36691
0.774589
2.84415
3.35496
2.57997
2.83103
3.70055
1.13715
3.71327
1.56161
2.51859
4.42581
3.53485
2.99204
2.46338
3.84195
2.18523
2.20142
2.06725
1.89829
1.59167
2.76128
2.38738
3.42699
2.75582
4.32175
3.89267
2.1543
2.81493
1.55925
2.92552
3.11854
1.02884
3.53239
3.23011
2.65623
1.03815
2.30279
2.31452
1.5083
1.39102
3.38405
2.77924
1.28897
2.2514
2.01704
1.53635
2.51404
1.35812
1.74897
3.53715
1.61312
2.13123
2.71115
2.60138
3.74201
2.26743
2.5093
2.91985
1.71226
1.10991
3.28933
3.13073
2.86958
1.71521
1.9112
2.60186
1.98375
2.38042
0.573699
2.22148
2.31754
2.9018
2.02882
1.39112
1.49727
2.31884
3.00439
2.44621
1.80344
1.76645
3.38438
1.7494
3.41579
3.9119
2.43973
3.02998
1.98606
2.37782
3.60595
1.93683
2.65525
2.27657
1.78688
2.35894
1.67427
3.68479
2.81363
0.424705
3.25523
2.32726
0.0100634
-0.300219
2.83881
3.38594
2.21489
2.87093
2.83236
1.41423
1.15928
1.82232
2.68628
-0.833127
1.50821
3.52584
3.45142
3.00253
1.6425
2.42467
1.43696
1.95392
2.87987
2.37662
1.23319
1.61969
3.31904
2.54095
1.99213
2.36466
2.66326
2.57269
1.78634
2.2464
2.2618
2.40765
1.661
1.93001
3.91672
4.24667
4.22373
1.07268
0.937481
2.49899
2.63317
2.03134
3.44577
2.32095
1.40118
5.0077
1.53354
1.68632
0.68024
3.43135
1.39945
2.5766
2.52132
3.52917
2.55275
2.1834
3.52519
3.12614
3.46379
3.06326
1.39359
2.02942
2.28196
2.59695
2.66783
3.2432
3.07042
2.92183
2.55749
3.30901
1.55215
1.48244
1.74734
3.54764
1.42555
4.24186
1.95143
1.1812
1.63472
2.13112
2.88723
2.74155
0.883014
2.53845
1.29674
1.92896
2.15102
2.21604
1.34391
1.20083
2.24874
2.12248
1.34388
1.26798
2.22073
3.61453
3.72655
0.761944
2.40497
2.87808
4.20077
3.3933
2.18451
1.40711
1.26133
1.22858
2.61265
1.4111
1.58186
2.91282
2.32165
1.23306
3.13974
1.86999
3.57904
2.41012
3.39612
2.68755
1.48106
4.66756
2.21817
3.43955
2.15753
1.76589
2.36608
3.45814
2.25906
0.541935
2.12737
2.3449
1.6687
1.74982
0.757412
1.99303
3.031
0.785312
1.72302
3.16914
2.9474
1.66146
3.03935
2.47547
2.26276
1.83416
1.20016
3.36387
2.64928
1.58707
2.32678
2.25168
2.54541
3.45697
2.90202
2.82103
2.71007
2.79938
1.78427
2.19098
3.52058
2.22169
1.88402
3.74024
3.1931
2.14625
1.90731
2.13959
2.74807
3.72607
2.50091
3.52001
1.13494
4.4818
2.97337
4.41137
1.24731
2.39207
2.2765
1.68469
1.61293
2.95871
2.62635
3.08427
4.23817
2.39037
2.77183
3.7592
1.97182
2.05152
1.12333
3.05767
1.54738
2.92198
2.65133
0.370578
2.93593
1.66125
1.52753
4.14907
1.55692
1.66552
1.8908
1.46462
2.06433
1.60139
2.0669
3.17827
2.49581
1.41811
2.66115
3.14889
3.55337
2.32881
1.75742
3.29577
1.57447
2.93497
1.3124
2.5655
3.41371
2.50661
4.74675
3.4954
1.54041
1.56902
3.62105
2.1404
2.23343
3.0285
2.44902
2.86352
3.25975
2.18906
2.94394
2.76048
1.61314
2.84563
3.00871
4.02033
1.17236
1.92685
2.57572
1.7542
3.8342
1.9118
3.40131
2.4239
2.90031
2.41642
3.11828
3.05446
2.88878
1.97983
2.99939
1.61739
0.0119916
2.73696
1.56972
1.70582
3.79853
2.01344
2.2162
1.06098
4.08651
2.08726
2.32707
1.7746
3.22124
2.95216
2.06953
1.94425
2.88098
2.17569
4.01819
1.33292
1.40752
2.93475
2.69928
3.29912
2.89982
1.89469
1.87954
1.74612
3.53747
1.80247
2.21681
1.9497
1.94533
1.93196
2.62245
0.898587
3.93741
2.45859
2.21307
2.19049
2.3552
4.05266
1.15133
2.45222
2.09663
0.974572
2.22508
1.03705
2.49243
2.2448
3.00406
0.574696
2.08096
1.77097
2.21334
3.50629
3.10177
2.44083
3.29248
2.92423
2.6592
4.50787
2.07015
1.72251
2.25011
1.95421
5.18656
2.98576
1.91585
2.22854
2.3909
2.70334
1.97098
1.18597
3.34051
2.39639
3.61779
2.09108
2.97905
2.70004
2.34481
2.18096
3.11563
0.85227
2.71881
2.56981
1.23392
2.05076
1.08238
3.11268
3.43441
2.78732
2.884
2.61918
3.02604
4.06111
2.13162
4.19753
1.83547
1.92365
2.43774
1.8621
2.36077
2.15277
3.18967
2.05177
2.08306
3.50964
3.20935
3.14497
2.61173
2.45831
2.71379
4.03003
2.4044
2.26723
1.89322
1.90338
3.38736
3.17266
2.00693
3.49525
3.92656
2.90546
0.39589
2.58956
2.68416
1.89133
2.88161
2.61103
2.26469
2.69063
4.66104
1.69032
2.76501
0.99485
1.32777
2.45101
2.88884
1.91754
2.21897
3.81504
0.953095
2.43024
1.62484
2.13615
1.3875
2.29204
2.70184
3.39755
2.70342
3.21812
2.92797
2.95486
1.70439
2.43723
2.98992
0.956415
3.82795
3.08105
-0.0817924
2.12885
1.81617
2.61934
3.35579
3.07867
1.23771
2.6088
2.33487
2.25964
2.34661
2.30147
0.746558
1.84683
3.14702
2.97186
1.9774
2.50719
-0.562786
2.22639
1.22389
2.63535
3.75818
3.53054
2.86471
2.03232
2.24482
1.45502
3.23087
0.729726
3.82897
2.57414
2.90598
3.19707
2.53489
3.16838
1.66228
2.65453
2.23393
3.62278
3.54253
2.69654
2.30021
0.90792
2.90946
4.12812
2.63189
3.30032
4.00466
1.56791
1.60443
1.58856
2.19737
1.09224
2.13007
4.11799
2.55604
1.76928
1.5782
2.48303
1.60122
3.03301
1.20424
1.04833
2.77621
2.26962
2.18215
2.39191
2.77118
3.53948
3.27274
2.6878
2.44594
1.37595
3.46163
3.9325
2.73505
3.41991
2.55054
3.05463
2.74481
2.9294
1.85213
2.87846
3.36572
3.32124
2.46056
2.75119
2.76425
3.66699
2.68029
2.05045
1.4291
2.95334
0.902874
2.48018
2.18671
2.7605
2.61543
3.24713
3.80149
2.83139
3.35785
2.42992
2.6093
2.92546
0.614157
3.16969
2.91268
2.0192
3.58562
4.71709
2.34754
2.07329
2.53343
2.0404
4.44102
4.30728
3.01686
1.98317
2.69827
2.74865
2.6769
2.37858
3.73658
2.73699
2.54844
1.67362
1.68298
2.46718
3.61159
1.48341
1.58533
2.26481
2.46872
3.18931
1.89943
2.01581
2.34844
3.28101
0.967569
3.40044
1.47005
3.10323
2.63972
1.93886
2.57384
0.592211
3.56684
1.665
2.24459
1.31703
2.33702
2.6387
2.024
1.79574
0.719079
4.07749
1.04069
2.43597
2.22376
3.35144
3.48363
1.11136
1.08018
2.93053
1.36818
3.97309
2.06345
3.33107
3.05767
2.7056
2.20587
3.25504
1.74639
2.61931
2.59709
1.77476
2.25901
2.40636
3.34974
2.65504
3.07475
2.76209
2.55345
1.46451
1.2909
2.39684
2.95809
2.12607
1.58387
1.77937
2.36284
3.31179
2.77399
2.90585
3.63846
3.82122
2.41109
2.6097
2.48855
2.65095
2.67395
2.78318
2.67283
3.12156
0.893938
2.61501
2.87191
2.61904
1.91827
3.11589
1.38404
2.3015
2.62675
2.90624
1.10343
2.01386
2.36264
2.08259
1.90516
2.28314
2.81907
1.69681
2.59563
3.0583
0.821339
3.85796
2.39467
3.29996
3.03772
3.60608
3.67568
2.83027
1.32843
0.267784
3.87066
2.01178
3.01221
1.14006
1.70906
2.77814
3.52765
3.21382
1.95102
2.65229
2.77918
2.8762
2.45934
3.63662
2.15025
2.46123
1.3792
1.35279
1.48929
3.76429
1.89616
1.9157
2.58909
2.59028
3.20011
2.16974
2.55709
2.88851
1.76158
2.72326
2.37586
2.46603
2.85564
1.89015
1.8728
2.86858
1.6269
2.24222
3.10285
1.97695
2.39296
2.68171
3.11968
3.29139
3.54923
2.60921
1.50696
1.33237
2.84342
3.9653
1.63257
3.29869
2.9639
1.88572
0.869542
1.47994
2.39275
2.34023
3.26194
4.61063
2.99337
-0.214096
2.26198
2.41968
0.29467
3.47672
3.6028
2.62267
1.40341
2.36583
2.93855
2.63433
1.84379
1.32635
2.56694
1.15137
1.05841
2.37067
1.9375
1.44881
3.1266
2.76983
3.01253
2.20884
0.566686
2.28377
2.96268
4.60061
2.59247
1.1924
2.78108
2.37633
2.23473
3.12653
2.50494
2.21018
1.98822
1.9563
2.46333
0.892844
2.01677
3.05546
3.35449
2.94845
3.94318
1.12033
1.17084
3.2299
2.84268
1.61394
0.588466
1.30325
3.43977
3.15457
1.65041
2.39882
1.79362
0.650717
2.70207
2.3989
1.85884
2.21111
0.966202
2.51834
2.29173
1.35166
2.01247
1.52789
1.49248
2.34524
3.43869
1.98644
1.47296
1.26836
5.35968
4.56857
3.28795
2.30911
1.52288
2.12283
0.906868
2.57575
2.31839
0.377547
1.75236
3.49644
2.35433
3.04353
1.67577
1.75852
3.5295
3.60074
2.40773
4.05787
3.04242
2.50282
0.945284
2.5112
2.46366
3.38331
2.17729
3.24008
1.42112
2.85407
1.74638
2.77436
1.452
2.648
2.4805
2.87675
1.3493
2.21656
1.01931
3.2466
0.405237
0.68269
2.52055
2.36153
1.47621
3.58621
2.38397
1.99902
2.15695
4.38874
3.4447
2.32242
3.39462
1.17391
3.07429
3.1979
2.82023
1.59585
2.20533
3.03382
2.61658
2.62361
0.800538
3.12158
2.87954
3.37707
3.00199
2.43909
2.16417
2.61864
3.33303
3.49597
2.00929
1.49055
1.36309
1.52238
1.70264
1.44466
2.16182
2.93262
3.52346
1.93022
2.73092
2.92727
2.46239
2.29133
1.99923
2.55753
2.12724
3.09121
2.60679
2.02448
3.14117
2.34669
1.90325
2.10004
2.0013
2.24761
3.35589
1.58898
3.40109
2.0559
2.37253
2.07837
1.1601
3.19446
2.33044
2.59038
2.58128
1.94072
2.75226
2.64188
2.39176
2.26926
3.83638
2.58173
2.22094
3.0926
3.33099
3.71836
2.39517
2.11925
3.08449
3.18723
2.94081
1.10941
3.52185
3.50677
2.03555
1.95925
3.39708
4.25572
2.78474
1.41212
2.97846
3.54016
1.88325
2.26542
2.75489
4.35919
3.2517
2.50339
4.59158
1.61172
1.795
3.08897
1.31839
1.54192
1.50091
1.93829
1.69284
2.21224
2.56197
2.02666
2.51033
1.528
1.0329
1.536
2.79394
1.10967
3.62582
1.35167
1.43442
0.786758
2.13958
2.56746
2.75531
2.23852
3.14668
3.62906
2.20709
2.04383
2.10784
1.77613
3.25409
2.54414
1.27059
2.55598
1.75943
4.38316
1.03731
3.68932
3.29271
2.79254
1.91951
1.06136
2.44758
1.95046
3.7031
1.68202
0.824483
3.98754
1.53062
2.47115
3.09273
1.69531
2.69022
2.51723
3.02514
2.39586
3.32211
1.88662
2.41519
0.996598
1.63932
2.14823
2.43248
1.88344
1.31052
1.61147
2.29864
3.43156
2.77358
1.91489
2.82914
2.51202
2.60168
1.87847
1.68775
3.02998
3.34063
1.58994
3.07971
2.34039
1.5114
3.03294
0.697233
2.58616
3.23003
2.88681
1.44911
3.17027
2.89507
2.62201
2.57753
4.07339
3.0839
3.52322
2.01611
3.40635
3.27599
1.94635
2.29525
2.56442
2.86063
3.78163
1.49246
3.40136
2.59752
2.22035
2.23381
2.44719
4.30359
1.33104
2.31502
1.45126
3.38543
3.95846
2.53567
1.45887
3.43666
3.74049
1.95075
1.73255
0.268847
2.56201
2.6613
2.97047
3.52683
3.89611
2.61053
1.983
3.01212
1.26015
1.98747
1.89794
2.45071
3.44162
1.74443
1.87714
3.57891
2.84504
1.9642
4.07373
2.8601
2.33331
3.27589
3.9555
2.85841
2.72015
1.4007
4.44314
2.08056
1.87485
3.35183
2.61992
1.29235
1.12532
2.5913
1.94361
1.25599
2.25687
3.4147
-0.222427
2.26746
2.07887
1.40131
2.74981
2.22157
1.81577
1.57986
1.11575
2.00023
2.92869
2.77781
2.58966
3.07373
2.69727
3.01963
2.09412
2.66075
2.57626
2.24135
2.37319
1.92397
1.22726
1.66269
1.06662
2.40976
3.35097
2.58002
1.10594
4.62028
1.18106
2.88412
2.05096
3.3437
1.70633
0.330163
2.93306
2.7941
3.40691
1.86686
2.92077
1.9766
1.80217
2.94914
1.26046
1.94632
2.70823
2.16475
1.69345
3.21225
1.27942
2.67635
3.17219
2.2652
1.65346
3.36713
2.67867
3.70484
1.55726
2.94452
2.6204
2.73602
2.66176
3.20797
0.771845
3.15591
2.30193
3.00552
1.45159
2.01533
1.72673
3.3353
3.03388
1.58404
2.25815
2.14035
2.67287
0.862964
1.90785
2.80128
3.01278
2.19051
2.02967
3.44765
2.06232
0.935088
1.36459
2.64126
2.47666
1.81442
1.40249
2.76154
2.37714
2.63882
3.29056
1.40893
1.2895
1.49947
1.45015
3.30179
3.11091
1.25866
3.2004
2.68241
2.27428
1.66132
3.09491
2.81436
3.05858
2.30738
3.4975
2.85521
1.30381
2.37904
2.76217
2.57241
2.72768
2.91621
2.10834
0.287078
2.24657
2.12337
0.825958
1.74819
3.27235
2.35944
4.70828
3.12782
2.25645
1.34809
2.27788
1.59898
2.29545
3.8531
1.76062
1.51781
1.7109
2.40108
3.31629
4.27425
3.5084
2.45777
1.92332
2.5828
2.83019
3.22791
2.22706
3.21863
3.26905
1.81737
2.94905
0.757867
1.04588
3.99774
2.1794
3.29257
2.38031
-0.155327
1.81822
2.42725
3.05651
3.13201
3.00495
1.18062
2.65378
4.05768
0.969064
1.97598
1.04586
1.38391
3.08345
2.31245
1.38067
1.25088
2.76106
1.41148
1.84456
3.43904
3.67184
2.86082
3.15679
2.12935
2.89004
1.51579
3.28048
3.37642
1.48131
1.97622
1.39394
0.868531
2.55665
1.88954
0.0731797
1.79005
1.82218
2.87667
0.500497
3.57765
1.64991
0.940288
1.18905
3.86642
4.08345
2.72118
2.90011
2.94616
2.07991
2.5283
2.47994
2.73188
1.76023
2.79182
2.58772
1.8463
2.65839
2.55386
3.11504
3.27984
2.98048
3.32969
2.57796
2.676
2.60668
3.92572
1.3735
1.73686
2.6978
3.85632
1.33519
2.54485
2.37341
2.99934
2.36267
2.48456
2.66442
3.83934
0.0108205
1.7725
0.676325
2.25182
0.935575
2.30561
3.09542
2.6214
1.07509
2.82632
2.28422
1.72008
2.36698
0.982978
2.44118
2.77025
1.52681
1.82038
2.57167
3.69556
2.64772
2.57503
1.85147
3.55592
1.04202
1.02928
1.33857
2.27782
1.91774
0.0987129
4.23192
3.40287
1.79498
1.91543
3.7084
2.52629
1.16898
0.727279
1.79441
3.18935
2.51354
2.27654
2.57362
1.65293
2.64794
4.62231
3.5753
2.00749
1.65425
1.99961
1.16237
2.02666
4.16968
2.95167
1.19306
1.39226
2.24907
1.32623
1.55007
2.28821
3.86778
4.22106
0.488102
1.66593
2.79663
3.32253
0.60844
1.48447
2.94179
1.39526
1.83761
2.57991
1.58753
2.00569
2.97092
2.39404
2.44774
2.1784
2.71832
4.14515
2.50325
0.637164
3.34939
2.07531
3.16605
2.5104
3.75314
1.29675
2.7239
3.29612
4.35654
3.50795
2.07378
2.83101
3.2917
0.686639
1.4961
1.8146
2.86984
1.88466
1.47454
1.73883
1.60679
1.81526
1.17274
4.56993
1.67864
4.51956
2.14845
2.45124
2.87528
2.01756
2.5474
4.60818
1.69416
2.52972
2.2976
0.778537
1.88444
1.77673
2.8948
3.32098
2.28504
2.85162
1.20615
1.54904
2.54207
3.3453
0.593453
4.31346
0.815042
3.50167
1.845
2.04502
1.45242
1.78431
3.07597
3.61125
1.1232
2.31872
2.07083
1.93127
1.79486
2.92647
0.757134
2.25473
2.86406
2.13205
0.838526
2.03791
3.74281
2.50046
2.48304
2.18057
2.75146
2.82276
2.47498
1.32237
3.23419
2.69919
2.07298
2.12934
1.10644
2.57494
0.783255
2.97026
1.66469
1.69682
3.05349
2.75758
3.69895
3.54843
2.51326
2.69636
2.36807
3.9557
3.86721
1.96035
3.50723
3.22359
2.08714
3.20123
2.52759
2.93985
2.32048
1.88359
3.05702
2.76751
2.89443
1.82556
3.66319
2.05829
1.62736
2.24312
2.293
1.93999
1.93477
1.60312
1.19468
1.82392
2.40921
3.07259
3.81255
2.28238
1.56947
3.76525
1.70079
3.09229
2.17317
2.17768
3.89123
1.96691
1.24693
2.88667
3.31747
2.15699
3.39575
2.51805
2.28162
3.75286
2.93578
2.67189
1.02455
1.64481
2.62793
1.19079
3.05692
3.2759
2.2087
3.65098
1.11573
2.47692
2.34217
2.56945
3.22786
2.63586
2.72082
2.83778
1.99587
1.8718
1.66336
-0.339744
1.9437
3.2948
2.39337
3.08058
2.01335
3.33716
1.68251
2.19321
1.3427
0.806755
2.40234
1.08731
3.20033
1.75722
2.03261
3.47004
2.75488
1.97347
2.09782
3.00607
1.54782
3.14124
2.77131
1.41756
1.78749
2.46498
1.99534
1.56725
2.95183
3.30339
2.68877
3.54868
2.92492
1.73749
2.44465
1.24906
2.55697
2.3537
1.19456
1.70744
3.31534
2.13181
0.943672
1.46993
2.38145
2.82726
2.58279
3.14744
2.62748
1.53312
3.63928
4.25281
2.32375
2.10087
1.07263
1.22454
3.21708
1.07408
1.5912
2.83575
1.34203
4.42409
2.54106
1.87327
3.80272
1.9547
2.24074
2.35853
2.40518
1.73396
1.65975
3.59389
4.42207
1.93353
2.68747
1.56144
2.12622
2.23413
1.83625
1.14824
1.48225
1.47193
1.43106
1.59883
2.61143
2.10528
3.14547
1.61967
2.10746
1.1722
1.76153
2.32186
4.2556
1.81228
2.9821
3.13338
2.01519
0.893934
0.982315
4.04567
1.27577
1.41525
2.53028
1.56442
1.62598
3.44134
3.64977
1.99193
4.13011
2.37177
3.39379
2.15446
2.88205
3.071
1.91273
3.61807
2.92935
1.98641
0.460635
2.62586
1.58953
1.5646
1.84311
2.13458
1.65181
3.47257
3.84294
1.86796
2.75732
4.11175
2.07999
3.22723
1.63982
1.70397
2.64033
3.27701
4.34669
3.34154
2.47721
2.42034
1.61313
2.84447
2.38506
3.08792
2.17367
2.85004
2.77248
1.83556
1.36771
3.34215
3.15616
3.19647
2.10828
3.63921
2.72302
2.00199
1.79034
1.45696
1.9582
1.88375
2.15644
3.54209
1.54309
2.66576
1.64
2.57842
3.81686
2.79533
0.618927
2.21605
1.88315
1.92047
3.1314
2.95678
2.97131
3.05122
2.62373
3.2621
3.3139
1.69044
2.65795
1.76783
1.55069
1.77383
2.45148
2.68846
3.32706
3.02336
2.43771
1.61799
3.42967
1.67491
2.92316
3.56822
1.30358
1.03399
1.77837
2.90174
3.59889
4.15462
3.51577
2.46707
2.56744
2.39215
2.96377
2.65733
2.50119
3.57542
3.22707
1.41064
1.78186
2.85527
1.31944
2.84639
2.60248
3.28094
2.13752
-0.422222
1.65273
2.30436
3.0014
2.49992
3.37163
1.81892
1.64857
2.53088
2.60837
2.92589
3.58477
2.45264
0.528867
3.24911
4.19167
2.13462
1.82771
2.37258
2.34596
3.0431
0.364169
2.87594
3.2327
2.43237
1.7114
1.49962
3.42301
1.43626
1.49067
2.321
4.26518
1.50202
3.1497
4.02047
0.650981
2.2418
2.91065
4.13351
0.912547
3.48613
3.62477
2.81269
1.9721
2.75578
3.0898
1.4903
2.19302
2.34519
1.74834
0.631715
2.50429
3.08608
2.14064
1.98075
1.64876
3.68944
2.56034
2.6882
1.17673
1.95547
2.37323
1.59717
2.17166
2.96137
3.17987
2.69329
1.53301
1.73326
0.618242
3.48623
2.57588
2.68925
3.77548
1.12852
1.22357
1.6119
1.76423
2.1531
3.39268
1.48211
2.64962
1.9898
1.55586
3.10343
1.5487
3.57369
3.71991
2.4074
3.25543
3.39644
0.621113
2.03124
3.50078
4.38186
1.04229
4.40825
1.44235
1.60293
0.788447
2.54918
2.43701
2.37762
1.86938
2.57304
3.25275
2.0004
2.66371
1.83877
3.23586
2.38845
2.43866
3.50314
1.54748
1.70809
1.64641
2.33966
2.56
2.62677
1.65945
2.37816
2.62325
2.12151
4.47608
3.17296
2.78227
2.5957
1.66164
3.18211
2.89351
1.03512
3.31461
2.85851
2.19492
2.81535
3.10717
2.65018
2.70793
1.25856
1.96064
3.5788
1.98627
2.46497
2.61023
2.3278
2.18871
2.46617
2.91952
4.11333
2.64899
3.77567
2.08324
0.132738
1.18805
3.05657
2.06489
0.625054
3.37907
1.77734
3.33221
1.73345
3.74036
1.79505
1.98115
1.77443
1.77068
3.62585
0.957786
3.56987
2.23328
3.08406
3.56344
0.0985683
2.17781
3.20798
1.43911
0.923623
0.784324
3.09546
2.62385
3.37465
1.46274
1.51766
2.84419
1.1537
2.25115
3.39016
4.08531
1.89414
0.946495
-0.357653
2.03427
2.00735
1.37158
2.12893
2.81949
3.08421
2.85594
2.46187
2.19474
2.31973
1.97083
3.07858
0.89907
1.31574
0.379617
1.87205
2.58415
2.91753
2.21389
2.12088
2.6331
3.35315
2.28687
3.50983
3.45458
1.47294
1.45451
3.59445
3.42255
0.851124
2.20454
2.19218
1.8481
2.4683
3.04205
1.78725
3.43156
0.874044
2.04942
1.00412
1.51275
2.16562
1.40539
2.29679
2.26197
2.0981
1.21215
2.35048
3.08777
2.36807
1.83109
1.35425
1.80756
2.23939
1.64743
1.84957
2.24313
3.15646
3.09151
1.50015
1.01595
2.56889
2.14394
3.01366
1.8546
2.77449
2.52751
1.77493
1.45489
2.13913
1.88523
2.93494
2.36962
1.94855
4.47842
4.7385
1.75783
1.73967
2.08063
2.11128
1.00243
0.972808
3.69268
1.47689
2.51299
2.537
2.45731
2.65248
1.64489
1.91443
1.64809
2.41086
3.26529
3.37243
1.95311
1.02793
1.45389
3.76876
2.84056
2.49251
2.22447
3.13803
1.44686
2.70644
0.701915
0.581699
1.23576
2.28016
2.87274
2.94048
4.53128
2.45695
1.55953
1.23671
3.59006
1.11678
3.42303
1.14022
2.0675
2.44511
1.81672
3.04106
3.0998
3.92459
4.24939
1.44987
3.48316
1.31144
1.97896
3.51294
1.06434
1.62072
2.82471
1.74455
2.95396
3.28012
2.54821
1.47228
1.28063
1.47721
1.0617
2.87648
1.52389
2.76292
3.31537
1.99009
1.49715
1.98688
1.6653
4.63606
4.30308
2.89713
3.97739
2.56228
1.93477
2.02785
2.24609
4.13935
4.11994
1.87747
3.68846
3.02358
1.55808
2.81605
2.25472
1.63511
2.2344
1.93599
4.49854
2.41442
1.1539
1.77994
0.513684
3.72915
2.10604
3.75682
5.05213
2.14103
3.48792
3.5537
1.56486
1.99347
1.82736
3.52538
2.3823
2.74507
2.78578
3.44919
2.07094
2.34506
2.15997
1.55983
1.30538
1.40176
1.70196
2.99696
1.75234
3.77625
3.65953
1.77972
2.57947
2.15168
2.62719
3.54149
2.55547
3.4068
0.33904
3.44223
2.82622
2.75023
2.4242
1.10251
2.27725
2.1384
2.57107
2.49145
2.12124
1.71844
3.59298
2.94213
2.67622
2.17927
3.54054
3.4232
2.28232
1.42605
2.65734
2.7504
0.926937
1.75568
2.99909
2.69971
1.88865
0.616477
3.3788
0.478734
1.72723
1.57054
2.23839
3.64971
3.61716
3.08601
2.26385
2.06812
1.95482
1.67655
3.8506
2.18461
1.45303
1.78065
2.08599
2.69264
2.71165
1.75039
3.25981
2.92536
3.10899
1.91801
3.42767
2.19135
2.30008
3.18121
1.29851
1.10206
1.73577
3.97799
2.21198
2.16708
3.09482
3.32672
1.21805
2.04381
1.22642
2.94191
2.61148
1.27431
3.21322
2.79136
1.4376
3.03675
2.39818
1.85895
1.54183
2.19681
3.53575
2.11426
1.22964
2.68935
3.21672
4.39698
1.95949
2.44796
2.20713
2.67524
2.76344
3.27329
2.61793
2.34133
2.12313
2.63984
3.14382
2.31819
2.44808
1.97895
2.7238
2.89972
3.55107
2.44769
1.83006
2.22064
2.22012
2.39526
1.99467
3.45358
2.05646
0.408142
2.534
4.56709
1.33808
1.34535
3.51598
2.71719
2.08015
2.42085
2.03314
1.64991
1.82393
1.92834
1.76613
2.89286
1.73486
2.81066
3.57305
4.40035
4.34282
1.96204
2.52799
3.79509
2.12583
3.34239
2.7091
1.44883
3.83296
1.983
2.23327
2.12583
2.99606
2.7838
2.75482
1.47486
1.89538
2.34722
2.3595
3.07901
2.32939
2.13619
2.83094
1.66005
1.68367
3.32755
2.22549
1.57272
1.31445
3.72716
2.41103
4.29322
2.79405
2.64437
2.41684
1.42952
3.00527
3.04082
1.69752
3.30348
2.41035
2.33483
1.377
2.72321
3.21389
2.18404
3.33409
2.22523
1.42054
3.77991
1.20155
2.1695
2.44721
2.26077
1.81851
3.39495
1.81416
2.37235
1.07159
2.38904
4.29235
1.78399
1.40167
0.79059
1.92063
3.1571
3.24485
1.70191
2.61235
3.05529
2.46695
1.9316
4.17166
2.0535
2.01934
1.3123
2.93698
2.73065
1.28166
1.34391
2.49625
2.66844
2.50909
2.44072
2.57264
2.25892
2.02724
1.90649
1.56949
1.53317
0.691431
1.54373
3.20857
3.41053
1.37875
1.2903
2.92832
2.63963
2.84937
1.31083
1.20716
2.09417
3.68347
1.53791
1.34375
1.81552
3.09659
3.37412
1.87607
2.31841
1.22679
3.45948
1.86806
3.76515
3.03584
2.70187
1.85245
1.13846
1.84012
2.02081
2.44092
2.99299
3.05448
2.32461
3.09379
1.09293
1.84363
0.55195
2.8027
3.9634
2.96437
2.50553
4.40658
1.59328
2.75249
2.32528
3.44035
1.81144
2.81166
2.05227
2.96163
2.28536
1.07119
2.13061
1.9346
2.19306
2.75763
2.69098
2.62922
0.295232
1.34536
2.86027
1.32668
3.51663
2.322
2.25647
1.97676
2.7393
2.83981
3.56038
2.0321
3.77022
2.86283
2.50401
2.93416
2.4552
1.74455
2.82667
2.48538
2.32979
1.81841
2.26322
2.13095
1.5623
2.47888
0.696699
3.80003
2.92811
3.05481
3.06594
1.52554
1.31914
2.94485
1.51858
3.03355
1.29495
3.11339
3.4106
3.36058
1.87472
2.07412
2.96733
2.25614
3.42202
4.62832
2.2532
2.25024
2.69801
2.82469
2.43201
1.37579
0.445038
2.99157
2.82426
2.39423
2.45787
2.62427
0.649643
2.68072
2.6617
1.36516
3.12306
3.13473
2.76048
1.03112
3.1248
1.9455
1.86585
1.32727
2.19292
1.78781
2.61804
1.82558
2.18021
3.63427
2.1347
1.20432
1.41933
2.40132
1.86255
1.81391
2.18542
4.02808
1.67045
3.67456
1.63387
2.7566
0.844276
1.42374
3.03966
4.09281
2.72886
3.57082
2.23444
2.40836
1.16696
0.651238
1.03974
2.77669
2.12862
2.50482
3.01391
2.98192
3.22139
2.46194
3.89466
1.51361
2.61281
2.89707
2.32023
2.77881
2.01619
3.68885
2.14946
3.54522
3.0778
1.8199
3.81324
2.61393
3.56723
3.39346
3.57052
2.38736
3.30419
1.95244
3.0027
2.76392
3.18975
1.0553
2.52312
2.46223
1.59641
2.10317
4.07792
3.91831
2.76931
2.52616
1.93478
4.54258
2.32369
1.46881
3.9658
3.13781
1.85818
3.21899
1.12083
2.69755
3.23884
2.61832
1.46113
3.64489
1.8229
1.88049
1.10427
2.96585
2.6641
2.57777
4.02067
2.54721
1.12288
2.53983
3.53997
0.912616
1.36422
3.29498
4.11884
2.51644
1.63346
0.915589
3.73412
1.23798
2.1569
2.62493
2.27403
2.71302
2.58404
4.00615
1.11969
2.58472
1.71723
2.09624
2.02977
2.00852
0.816259
1.66241
2.53677
1.2326
1.68557
1.50309
2.16699
2.56806
1.87109
2.18829
4.94669
1.78549
1.72415
1.44724
1.52221
0.886514
3.30876
2.64639
1.27139
3.41749
1.15206
3.26241
3.34936
2.96281
3.46798
2.99615
3.02927
4.34359
3.98272
0.891631
3.96721
2.89339
2.99474
2.68243
3.49033
3.69253
2.89487
3.30232
3.39626
3.26846
2.39002
1.72867
2.00253
0.647418
2.14664
1.78376
1.13896
2.03761
2.72306
2.79285
2.50846
2.43324
2.23056
2.09673
2.02907
1.64058
1.62654
2.32243
2.1758
1.35519
2.60232
2.53357
2.19091
1.53992
2.01371
1.13719
2.5404
1.3853
0.906985
1.82535
1.89764
1.53973
3.28511
2.5249
3.79095
2.61304
2.20356
1.63581
4.16409
2.28714
2.75959
1.38665
2.85742
2.43528
2.8228
3.08748
1.49004
2.51549
1.75572
2.29203
3.19492
1.42555
3.03062
1.98049
2.5581
2.00111
2.9597
1.40038
1.99063
4.36678
2.70333
2.64586
0.607704
1.90172
1.44997
2.01781
3.95809
4.27828
2.31214
2.27118
1.81704
2.86239
1.78226
-0.0744629
2.08654
0.404849
1.03193
1.20448
0.750891
1.62219
2.39431
2.05092
2.09255
1.44711
3.35144
3.02917
2.27701
3.12336
1.64999
1.72524
2.76985
2.50247
0.718638
1.26548
2.15289
4.46758
1.33189
2.23317
3.31449
2.93038
0.966545
3.13062
2.82624
1.98341
2.67647
2.55688
1.3647
3.31805
2.48799
2.49284
2.96767
1.02192
1.75392
0.969199
3.29728
2.2711
0.943712
2.00294
2.84961
0.343994
1.32177
2.45106
3.1038
0.471107
0.782508
2.23037
1.31916
2.45317
2.57618
2.55945
3.5113
1.4728
2.9991
2.07239
2.49421
2.30017
2.44094
2.8881
4.28285
1.78949
3.8671
3.67203
2.21516
3.15148
2.79527
2.09461
1.83151
2.89346
1.35968
1.6402
3.14868
1.7483
2.27133
2.52446
1.41765
3.99801
1.75294
2.00241
1.53701
2.47025
1.09682
2.5983
3.50167
3.12765
2.81049
5.00048
2.09825
1.2982
1.78625
1.73909
2.62932
3.08834
1.64019
2.46055
2.52918
1.96828
2.79878
1.67692
2.74597
1.5153
2.7534
3.3899
1.23966
4.01025
1.34087
3.83687
1.98152
2.3963
2.86375
2.70224
2.42335
1.26752
2.39186
3.16785
1.89702
1.92495
2.43105
2.04047
1.79014
0.243439
3.13427
2.38593
3.13675
4.43085
1.2257
1.21671
2.65634
1.21945
2.68387
2.42166
3.45383
2.99328
2.73633
2.3137
1.02122
0.296455
4.81003
3.18134
0.86048
2.83092
2.81723
-0.178257
4.35491
2.96961
2.79482
2.46084
1.4961
2.01694
2.16779
2.89397
2.03627
2.74103
1.5835
2.73247
3.77941
2.70875
2.05192
1.0437
3.21099
1.98672
3.09738
2.10596
3.13251
1.63771
3.71731
3.46277
2.58499
1.14704
2.53728
1.86908
1.08987
2.32634
3.90225
2.21506
2.23444
1.45
1.24922
1.23681
2.0735
3.88243
0.0730621
1.27652
4.02826
3.4905
4.37217
2.60722
1.55204
-0.312765
3.27694
3.26336
3.45466
3.49753
3.40164
2.36796
3.79505
3.62562
1.786
1.85803
3.51947
3.44425
2.38657
2.83482
2.76063
3.31652
3.69293
2.80082
2.25018
2.2859
1.5647
2.25161
3.15169
2.5948
3.70894
2.82895
1.56555
1.78302
3.0755
1.24049
1.93089
3.23202
2.347
2.94826
2.74528
2.04619
0.216426
3.55271
3.40884
2.91776
1.59181
1.56775
1.87002
2.37659
2.17124
1.53396
1.67382
1.63596
2.06342
2.36089
1.59821
1.33485
2.0533
2.86259
2.54763
1.90284
2.61303
2.03686
2.96188
0.792596
1.84833
1.46601
2.02652
0.588879
2.07395
2.39224
1.93624
3.02957
1.23519
2.05637
4.1825
1.8801
3.22282
2.28987
2.1423
1.27057
3.25651
2.19354
1.70937
4.82411
2.31323
2.21849
2.35068
2.13536
3.23981
2.6632
1.9033
0.447318
2.83871
4.66628
2.26808
2.17269
3.24622
1.49176
3.21307
2.59459
3.17445
3.2749
1.07887
1.61594
2.52075
2.8611
2.28137
2.77585
1.78342
3.03919
2.42982
2.00515
2.90338
2.30536
2.25971
2.4749
2.42372
1.37258
1.75794
1.65264
0.932246
3.61425
2.77641
2.10885
2.42026
3.43685
2.25815
0.756337
2.69526
2.68624
2.8209
1.89047
2.71245
2.46913
1.70666
3.79723
3.44721
3.19431
2.48501
2.4254
1.02027
2.35869
4.79017
2.4098
1.374
1.80389
1.53415
1.39827
2.56707
3.87376
3.02625
0.649114
2.71282
4.63627
1.3271
2.91273
2.94952
1.99391
2.5553
4.01178
1.14808
3.79664
3.42392
3.7436
0.750788
2.80793
2.1825
2.66048
2.37627
3.01394
3.27342
3.7769
1.35439
1.36402
1.65334
2.82455
2.73949
2.51343
3.57288
2.92223
1.45186
2.05115
2.38874
2.42951
3.36806
1.52182
1.81343
2.35326
1.52111
1.69618
2.64956
3.19896
2.75433
1.83476
0.988403
2.06988
4.30391
3.45133
1.25465
2.1387
1.89926
3.03013
2.62071
3.10661
2.40069
1.52764
1.58334
3.42244
1.56885
2.74437
3.07309
1.85771
2.21491
2.90803
3.44861
1.40907
1.82233
2.16404
1.56171
3.06845
3.62013
2.89121
1.31562
2.31721
4.80064
1.68287
2.35787
1.42964
3.71051
2.97683
2.01055
0.821894
2.48835
1.74461
3.79093
3.45977
1.61019
0.957113
3.25194
2.66624
3.85083
2.56726
2.54817
0.639791
0.383371
2.93005
2.8558
1.63337
2.25291
2.373
2.94749
3.19728
0.895183
1.9162
2.60561
2.47462
3.61817
1.54733
3.03411
3.36546
1.23205
4.60448
2.13331
3.47859
3.22608
1.99176
2.77875
2.69952
2.07994
2.11342
4.07916
3.00579
1.86721
0.784259
2.92391
4.43803
3.21052
1.10444
3.28236
1.49339
0.0926784
2.43218
2.15604
0.610785
2.95524
3.54062
2.96443
2.08943
2.1775
0.792026
2.43707
3.47322
4.0171
0.88418
2.41892
2.36628
2.49456
4.5
2.07376
2.95588
2.43952
0.709927
4.26229
4.32243
1.86388
1.50177
2.88495
2.46836
3.72261
3.03597
1.73636
2.29509
2.29636
3.89703
2.16447
0.951579
1.11054
2.47647
3.3917
2.87234
1.5568
3.23339
2.60801
2.30975
1.72447
1.99266
1.97457
1.76208
2.32727
1.54313
1.87038
1.80793
2.02515
2.44116
1.65729
2.01712
4.0544
2.4921
3.46064
2.96174
2.58526
2.04113
3.36677
3.67554
2.94176
1.70494
3.16336
2.20215
2.60881
1.91499
3.04802
1.79756
2.06809
1.27832
2.21205
3.07476
2.82523
1.19995
1.67574
4.10387
1.97185
1.24402
1.65475
0.414697
2.89143
2.93679
0.633305
3.12452
1.99619
1.28806
2.56497
2.99347
3.38473
1.58679
2.7242
3.80774
2.58734
3.00939
2.92992
1.26587
3.54856
2.90327
1.56998
2.91676
3.67759
1.52123
2.73959
1.87147
2.40352
2.73006
2.10438
3.60337
3.36763
3.12013
2.42225
1.85389
1.10208
2.95
0.944917
3.77619
3.29616
1.30123
2.85524
2.74233
2.71435
2.34581
4.20583
2.21553
2.96187
1.81804
2.31534
2.47345
2.4236
3.87677
2.26979
2.14145
3.54902
2.32301
3.08212
3.17551
2.62345
1.74959
2.63363
3.09245
1.56456
2.83666
2.1735
2.99707
3.47779
3.79524
3.55534
1.90161
2.74443
0.444669
1.49139
3.71502
2.29264
3.58365
0.808339
2.29157
1.78011
3.41825
1.95041
1.34792
3.73778
2.09549
3.68268
2.62853
3.23873
3.05349
2.59675
1.13556
2.90035
3.56597
2.69428
1.88789
2.69802
2.7222
3.71885
3.45612
0.732181
0.907836
3.27422
2.17225
2.84374
3.15392
4.29573
3.08952
2.24521
4.40452
2.64699
1.94787
1.14246
1.75461
2.9895
2.82127
2.51596
3.09732
3.40099
2.36981
2.99492
1.20771
1.72844
3.60464
1.91093
0.976093
3.04047
2.53107
2.48055
2.19006
1.984
2.17445
1.81294
2.85179
1.60296
2.16831
2.53652
1.98891
2.33418
1.62889
2.43629
2.36275
1.53934
1.61071
1.63902
2.91488
3.56837
0.881469
2.31185
2.74275
3.20357
2.1037
3.60941
2.1791
2.58608
3.55315
4.14596
2.89525
1.47788
2.84027
2.98873
2.08292
2.21072
1.82617
2.56673
1.52597
3.50212
3.50994
3.64844
2.2995
3.29754
3.03028
2.03034
1.48906
1.64565
1.18993
1.93297
3.30955
1.28994
3.15906
2.79326
2.89094
3.39015
2.48492
1.37361
2.21427
2.4424
3.1466
1.57351
2.99757
3.20704
2.84797
2.3392
2.84005
4.37266
1.48364
2.87598
1.15379
3.31535
2.02263
2.23787
3.76947
1.03843
3.49719
4.59353
4.94283
2.1204
3.29076
3.45181
1.73616
2.66639
3.36792
1.3794
2.03766
1.92106
2.30714
3.77067
3.64487
2.00043
3.50069
3.50549
3.42186
2.14637
1.50975
1.72568
3.06441
0.881146
0.480587
2.77586
3.20978
3.88448
0.642928
3.62498
3.18218
2.92118
0.140439
1.14138
1.57473
1.44945
2.44831
2.59468
1.30049
2.09527
2.59292
2.38543
2.00312
1.35632
2.33966
3.30709
2.15797
1.46214
3.14328
4.14428
1.51924
1.47575
2.76938
1.76523
2.06378
0.755731
1.60084
1.54885
2.26289
1.93721
2.56475
1.61338
3.40434
2.5303
1.321
2.24557
2.80516
3.41462
2.73585
1.8385
2.74857
0.967143
1.58797
2.14457
1.79648
2.7189
2.27637
3.15814
3.51002
1.88711
2.86636
2.71242
1.07038
0.756661
2.06433
1.12083
2.36355
3.32013
3.23242
3.31223
2.29579
2.22282
1.54175
3.22689
1.25934
2.39757
2.36053
2.94401
-0.381886
2.27339
2.0906
2.95368
3.0362
2.01345
3.90421
2.63069
2.16658
2.51677
3.40138
2.60981
2.46207
2.67499
3.73676
1.30749
2.29186
2.48541
3.07412
2.77031
3.60025
3.56383
3.19053
1.57916
2.22241
3.11068
2.49114
4.386
1.98934
1.53987
0.714671
1.48697
1.71051
2.10818
2.09236
1.56434
2.90762
2.1575
3.64986
1.6375
1.42096
1.69543
2.44628
2.34738
1.44558
2.7974
2.38391
1.46676
2.45661
1.57181
1.75123
2.00168
2.73782
3.27814
2.65388
1.75571
2.13162
1.947
2.12848
2.08305
2.34957
0.00854378
2.2215
1.51557
2.35126
0.504138
2.27274
2.71174
2.89398
1.67557
2.94786
2.27714
4.31915
4.15863
2.49721
3.12945
2.28761
1.72227
3.0167
4.11663
2.03441
1.55052
1.88829
2.25997
2.862
2.8034
1.79387
2.33318
1.38848
2.29467
0.703178
3.64352
2.44807
0.649037
3.30479
2.98673
1.79282
3.70085
1.82648
2.02044
1.78715
2.3542
2.73252
3.16123
3.21238
2.41296
1.42914
3.08113
2.69278
2.40994
2.02014
2.01808
4.49799
3.39883
0.353071
2.76909
2.58009
3.83436
1.62746
2.88839
2.75754
2.75236
1.98026
2.73048
1.85739
2.14416
2.82413
3.63362
0.922124
3.11002
3.38485
2.48484
0.380813
1.79679
-0.150127
2.96264
1.32683
2.61836
3.31733
0.859995
2.05989
1.07829
2.4349
3.29328
3.78685
2.09136
0.588824
1.0299
2.92791
3.21529
0.578352
2.79608
1.77004
2.96353
4.29132
0.785065
1.57572
2.59773
1.48927
2.82627
2.67637
3.23079
3.29675
2.87607
1.83773
3.24463
3.44856
3.33861
1.72033
2.9675
1.94147
2.10839
1.71776
1.44512
4.09304
3.69286
1.42399
3.40529
2.03778
2.06317
3.47333
1.40808
2.77286
0.991589
3.31769
1.92207
3.06443
3.80577
3.02167
3.93636
0.787798
2.26205
1.7095
1.6705
2.94381
4.07175
4.72174
3.56641
2.82249
1.09747
2.96986
1.64881
2.27753
2.87285
1.79871
4.0393
2.98245
2.75541
2.97714
3.34525
1.75764
1.93633
1.75315
3.18921
2.50519
1.20906
2.45371
2.60465
2.40444
1.4615
3.33563
1.39082
2.94012
0.46364
2.45904
3.77762
1.71475
0.945341
2.92998
2.35385
2.28275
3.40305
1.89366
1.34865
2.55755
1.20423
2.58951
2.10982
2.13192
2.41957
3.19789
2.46449
3.69168
1.86811
3.97372
0.692356
2.50413
0.664855
2.70352
3.77708
3.52197
2.2417
2.39737
2.66519
2.78494
2.59472
2.751
2.51713
2.87009
2.7465
2.06836
3.15436
3.75968
0.794566
3.35709
2.55263
3.29575
2.82834
2.82062
1.96603
2.22267
3.08965
2.9158
2.25679
2.99934
2.94364
0.556988
3.52014
2.51887
2.20966
2.42185
1.64912
3.16365
3.22178
3.59562
2.36198
0.911576
2.14771
3.18515
2.76626
2.23924
2.80047
1.66773
2.27755
1.20747
2.75399
1.14153
2.01446
0.736606
2.48753
4.05813
1.55897
3.63843
4.04296
2.44273
4.51403
2.16295
2.38266
3.33496
2.06382
2.89673
2.27124
1.36588
1.27154
2.32652
2.55006
1.79088
3.65468
1.5046
2.12046
2.21917
1.98988
1.31729
0.941913
3.33738
1.44668
2.63523
1.73484
2.42872
3.53728
0.354938
4.73077
3.39891
1.47861
2.66686
4.42968
2.38121
2.11611
1.59724
2.60305
2.4768
2.7951
3.61162
1.67448
1.11506
1.49455
2.00984
2.56807
2.98779
1.15119
1.9904
2.12587
1.40997
2.12374
2.34191
3.46786
1.39296
2.65298
3.31373
2.1261
1.64417
2.84727
3.57894
2.68931
3.54764
1.93102
1.44578
3.89086
0.956713
2.08296
4.41774
2.38113
2.68265
3.32245
1.71766
2.2708
2.06424
2.38781
2.15861
2.72429
3.72276
2.33707
2.47484
1.81872
2.2487
2.48297
1.74488
2.9246
3.70074
2.11508
2.07013
2.78109
1.94357
2.43072
1.16049
1.70941
3.63655
2.52004
2.16361
3.14154
2.58684
2.78369
2.85881
3.1274
2.40521
1.31404
2.33906
2.27335
1.35347
2.27525
2.19903
3.70837
3.42292
2.54634
2.00343
1.37078
1.28144
1.71327
1.97451
3.28417
2.61241
2.98322
3.42686
1.92608
2.41079
4.27273
1.75128
1.84882
2.52147
2.35798
1.43464
3.78174
4.04714
3.03373
3.67131
1.64077
3.27736
1.88724
1.74345
1.49219
2.87679
1.93048
2.8592
2.11983
1.9883
2.77066
2.89613
3.05318
3.22664
3.04755
3.23435
1.86884
2.80447
2.43129
3.29231
2.05268
3.30561
1.64562
3.49394
1.75106
2.00491
2.88964
2.81856
1.95503
1.28707
1.60801
3.15818
2.38243
1.6963
2.35172
1.87028
3.59196
2.15791
1.54476
2.76949
2.01859
3.89335
2.24321
2.61821
1.47775
3.3778
1.37043
3.23606
2.46173
2.74185
3.64067
1.52631
1.78132
2.13807
3.15043
2.11654
2.37177
0.314937
1.9963
2.60241
2.84566
0.976287
2.62484
3.0511
1.7619
3.05264
1.28604
4.16945
1.81705
1.66891
3.29215
2.78056
3.0343
2.98368
3.04914
3.04095
2.57509
2.76126
2.4587
1.32523
2.48898
2.36541
1.94797
3.44683
5.38532
1.86746
3.36944
2.30457
2.30883
1.92085
2.44596
2.22434
0.840702
2.08881
3.08156
3.36914
2.2382
2.19511
1.9337
2.06759
2.45953
2.39204
2.48234
1.56417
3.03412
2.81635
2.98074
3.65389
2.1968
4.38168
1.81561
3.53343
3.24609
2.21892
2.98059
1.89465
1.993
2.91572
1.78659
1.78004
1.89905
2.42896
1.50625
3.71264
1.33873
2.39182
2.04941
2.71745
2.79303
1.5066
3.20573
3.37039
1.50132
2.21903
0.905005
2.00474
2.11315
3.3976
2.44836
2.86299
1.10038
2.01542
2.85183
2.47498
2.78262
2.36193
0.147914
1.64408
3.05717
2.92169
2.43472
1.44606
4.35002
2.85922
2.22544
3.60531
2.75643
2.67133
0.866461
2.47475
2.63931
4.06093
3.55413
1.1791
3.65353
2.52849
3.09499
2.93239
2.39543
2.63259
2.84913
3.15275
3.10131
1.73222
1.5005
1.9006
2.76072
0.985567
2.91471
0.965015
1.90496
2.27831
2.41161
2.33877
2.15953
1.09242
1.43291
1.83948
2.72719
2.77521
2.23343
1.85708
1.99891
3.2368
1.58932
1.73649
2.52316
3.21042
1.5967
3.06098
1.85067
3.46382
2.23361
3.48467
1.50806
3.51018
1.652
3.4734
2.6109
3.80584
1.55088
3.92185
1.90535
3.14865
2.72613
4.09641
2.86042
4.09079
2.56941
1.94274
2.89842
1.63937
3.11094
4.18969
1.4027
2.82478
2.56448
2.38476
4.40897
3.54024
2.90369
2.86277
0.925699
1.89349
2.46568
2.32861
3.07798
2.20629
1.63828
2.34313
2.30907
2.02378
2.14383
3.44155
1.27688
1.86268
2.27226
1.89916
0.891163
2.15932
2.56967
2.14729
2.18453
4.12579
2.96409
3.95836
1.69027
2.40634
2.75611
2.13655
2.64726
3.04807
3.86426
2.35631
2.56905
3.4849
2.29502
2.23224
1.49815
3.01663
2.51411
0.370657
2.55557
0.951133
0.778783
1.69602
3.32521
0.690635
2.19585
4.01635
3.335
3.8784
2.7006
2.93566
3.08597
0.801383
3.37799
2.62178
1.96375
1.8456
2.81877
1.28655
0.860414
1.40564
1.76036
1.87968
3.30683
2.01137
1.60033
1.92984
3.43865
2.0151
2.51342
2.34017
2.40855
2.74789
2.25297
4.07178
2.78442
3.47997
2.4279
3.30867
2.1779
1.41888
3.74283
3.33819
3.67957
2.88398
1.4605
1.15862
2.84281
3.83187
3.05994
1.32707
0.660287
4.566
2.79023
3.33624
2.90131
1.39828
2.06391
3.04156
4.12299
4.76336
1.88504
2.71448
2.37016
2.19619
4.185
2.04105
1.00091
2.37956
2.23468
4.25492
3.48355
1.59303
0.907419
3.87369
2.48674
3.00483
2.50692
2.02575
3.33245
3.34015
2.73702
2.57278
2.49336
2.00103
1.0958
2.27327
2.55257
3.28393
2.13493
2.33993
1.05809
2.85496
2.86458
1.74498
1.41635
2.7044
0.470281
2.37364
1.50321
1.60693
2.10886
1.93444
1.37631
2.13219
1.03383
4.06016
3.20492
3.15454
2.64896
3.58254
1.56628
3.39553
2.04416
1.28827
3.16733
3.24418
3.06107
3.21054
3.64958
2.01994
1.75691
0.807505
1.27287
3.59266
3.546
2.78365
1.57677
2.82425
2.04212
2.16639
1.78701
2.25356
1.68927
0.60134
2.2474
2.98839
2.81127
2.82866
2.64681
2.32551
2.73349
3.2459
3.31492
5.0264
3.26553
1.61175
0.931129
1.89169
4.53381
4.45116
2.65921
1.86601
2.22457
2.66633
3.47271
3.67237
2.60186
1.65675
1.69833
2.5485
3.84691
2.16214
3.26803
2.43399
2.18541
2.51678
2.53999
1.2592
3.99306
1.35295
3.54509
2.74242
2.80807
3.30573
2.43713
1.85569
3.45822
2.59772
1.99257
1.64656
1.86102
2.22075
1.12746
1.76937
1.50397
3.62746
2.40705
2.04304
1.26741
2.12466
1.68847
0.211121
1.72773
1.25465
2.27121
3.19107
2.01918
2.77324
1.25467
3.07264
2.51898
2.77601
2.67009
2.71525
2.03712
1.81551
1.90802
2.8948
1.78451
3.41432
2.66028
3.06882
1.8759
2.36465
1.30984
0.77005
0.70253
3.61579
2.11904
0.741801
1.79541
3.08096
1.71122
3.11752
1.63136
2.77483
1.56198
2.44433
0.84497
4.21769
2.33701
0.145736
2.05932
2.99042
1.38579
2.21667
2.36771
3.21475
2.25969
2.45114
3.52499
2.5695
3.46642
1.47003
2.55372
2.22021
1.45034
4.29755
3.35
2.36418
2.71916
3.00456
2.75972
3.24406
1.62418
2.16575
3.66346
1.41985
3.01782
0.703059
2.06864
1.30297
2.22058
2.88224
1.08509
3.47693
2.90517
2.67014
2.49832
1.52065
2.80026
2.49428
1.96887
2.98409
3.75058
3.185
2.15086
2.90861
3.81183
2.43791
2.5429
3.61231
3.11209
1.33878
2.58022
1.99555
2.66079
0.78314
1.18056
2.80438
1.96126
0.621126
-0.356326
1.38762
1.46592
1.51535
2.87186
1.9544
3.60443
3.10771
2.48197
2.26537
4.2463
1.52941
3.57895
2.87508
2.77097
1.79468
3.95747
3.77226
2.68554
2.00843
1.7732
1.93307
2.09444
2.11202
3.40919
1.70537
0.755057
2.06381
2.00459
1.86178
2.491
3.09649
1.8968
1.36095
1.88061
2.98323
2.52744
1.97187
2.70581
2.11045
0.721738
1.76932
1.67172
3.09169
2.25962
2.22727
2.60434
1.03714
2.53967
2.03696
1.43904
2.77165
3.45572
1.86114
3.24492
2.25514
3.2801
2.42742
2.45345
2.69616
2.315
2.78156
3.47739
1.88714
2.82663
2.77492
2.4134
3.43783
2.65196
4.17028
2.56223
0.689481
2.34788
3.33675
2.53187
2.64464
1.74462
3.5613
3.98772
2.4165
2.49372
1.98783
2.26311
1.47661
2.13658
2.5053
3.49209
1.5773
2.09627
1.43453
2.82677
2.32615
2.55084
3.21497
2.02578
3.51754
2.20841
3.04155
2.92601
0.840166
2.96345
2.96084
1.18015
2.00923
0.901107
2.29517
2.17535
4.02516
2.47091
3.63688
1.67546
3.12618
1.60163
3.51619
2.34526
1.26041
3.29374
1.39587
2.54878
1.41958
1.95128
3.10472
1.63553
3.1872
1.74963
3.91224
1.8594
2.8225
2.35788
2.6356
3.76593
3.10677
1.89045
0.963232
1.94905
1.93094
1.72319
2.36618
4.05819
1.50019
3.53929
1.04958
2.25707
0.592886
1.7038
2.99893
1.82627
2.8128
4.00585
3.35741
2.95834
1.74812
2.92672
2.89933
2.47728
2.70714
2.01522
3.60905
2.8489
2.48789
1.55554
2.38463
1.34718
3.585
1.69128
2.99044
2.26212
3.10574
2.33731
1.1855
2.49402
1.55439
2.13998
1.91325
1.33599
1.23703
3.70312
2.2393
2.14555
2.12406
3.9598
2.3363
1.94955
3.00874
3.3292
4.1244
1.24236
0.58268
2.30299
1.77041
2.43681
2.37848
2.59426
2.55261
2.40196
1.5822
2.19107
1.88551
1.78237
2.39716
2.55519
3.10385
2.717
2.14407
1.82746
1.08605
1.69265
2.69261
2.31406
0.626649
2.64276
3.2384
2.82423
1.25355
1.96019
3.13604
2.99473
2.23314
1.73306
2.60735
2.19482
0.9633
2.41378
2.25128
3.48485
2.28625
2.44534
0.917143
2.07792
2.4197
2.32689
1.94653
2.49753
2.01989
1.83456
2.73888
1.98452
1.42637
2.6511
2.31047
2.31216
3.07825
2.30399
1.28191
2.3886
2.75755
1.26376
1.74674
3.88486
2.62991
-0.389837
3.30432
1.80782
1.7573
2.69839
1.13471
1.41521
1.66211
3.13037
1.33965
2.09791
1.30912
4.56186
1.99795
1.3655
2.3943
0.842926
2.13913
1.22788
1.6247
3.56397
2.36768
3.17006
3.37503
2.06246
1.1628
-0.448771
3.95056
1.88559
3.52518
2.68593
2.11571
1.62885
2.38549
2.78408
2.9384
0.697209
1.3535
1.98844
3.53788
2.07482
2.85401
3.8186
2.52586
2.92032
1.70431
3.20393
1.21351
1.985
1.49298
2.7638
2.23993
2.29263
3.89042
2.1351
2.47873
3.73649
1.19625
2.36138
1.85722
1.93975
1.53619
4.14014
3.83056
2.35279
2.74447
2.84496
0.276318
1.37802
3.60042
3.23624
1.89229
1.84043
1.91959
3.36354
2.54971
2.67322
3.59852
3.02191
1.59136
3.23397
2.23927
1.1026
0.538824
1.22422
3.57669
2.39795
3.9756
3.36804
1.58597
2.45541
2.2439
0.200444
2.12057
0.354572
1.98615
0.863943
2.45225
1.15101
2.30976
1.4251
1.07089
2.65405
1.37014
3.18201
2.87688
2.2371
3.21925
1.90466
1.35707
2.7189
2.71897
2.15278
2.82064
2.70767
3.01679
1.53418
2.34092
1.56554
0.680085
1.72873
1.68776
2.22847
2.52357
3.88824
1.34228
3.14242
1.68668
3.44972
2.1138
2.55209
2.36637
3.28094
1.94663
2.79041
2.13683
1.45404
3.81144
0.954106
2.79146
1.2046
2.10602
2.14159
1.6764
0.511736
2.46371
2.60779
2.23828
2.91521
3.24045
1.29122
1.92577
4.55171
3.34229
3.66218
2.42731
2.99192
1.04824
4.46734
2.939
2.36206
3.36918
2.68517
2.17953
3.96127
2.86297
3.5846
1.97881
0.20813
2.09201
1.68046
2.50213
2.19891
3.11341
2.48497
2.91003
2.56153
2.34153
2.49688
4.03404
2.09958
2.99488
1.16837
3.2686
2.09602
2.50217
2.43026
1.37748
2.51868
2.07475
2.24445
1.66224
4.05151
2.96996
3.33377
1.87202
1.77013
2.45382
1.2288
2.43272
2.0821
3.04814
2.62996
2.17718
1.55025
3.1308
2.08937
4.89315
0.298681
0.47662
2.76255
2.72295
0.701989
3.61957
1.73655
2.73266
1.70004
3.09139
4.10132
2.30998
2.76341
2.43477
1.72285
0.674926
3.34391
2.28369
3.87035
2.97643
0.635603
2.37547
3.24143
3.18112
2.76386
0.758433
3.37511
2.65635
2.77
2.2212
2.83436
2.56411
0.87626
1.58221
3.29289
2.00561
3.53741
2.65574
2.4487
1.84816
1.87743
1.89678
1.33401
1.81535
1.73968
3.4495
2.29581
2.84755
3.02123
2.65636
0.585638
2.61561
3.7321
1.55955
1.75376
2.06586
3.42947
3.83196
1.73874
2.23021
1.35536
2.36224
2.34704
1.79376
1.07702
3.05579
3.35853
2.4082
2.76853
3.07588
1.41416
2.98025
1.14963
1.81644
2.24809
-0.0557929
3.99402
2.99459
3.24815
2.72325
3.7124
2.04083
0.1995
2.86108
3.7559
1.55272
2.22026
1.8225
3.47834
0.88856
2.78866
1.47797
2.60077
3.12209
3.84044
3.09503
3.60284
2.02187
2.78367
2.4127
1.45931
1.56773
2.49946
3.57835
1.64266
2.5454
2.31096
3.41066
2.56988
2.38374
1.86008
2.54846
2.55944
2.30434
1.3192
1.94521
2.83746
1.52372
2.25806
3.16507
1.68227
2.58104
3.862
1.52463
2.74135
3.70324
2.21137
2.23732
1.82236
0.0337427
2.06491
1.76215
3.48042
2.01514
2.38117
0.911686
3.76271
3.37089
0.807508
2.04234
4.93011
0.885006
2.87087
2.3552
2.32516
3.07197
2.63329
3.08802
3.13933
2.71349
2.35567
2.31683
0.572716
1.6477
1.75226
3.14221
2.80014
2.40343
2.27213
0.938773
1.42753
3.40194
1.70464
2.41152
1.53677
3.06144
2.28456
2.04528
2.47599
1.18358
2.90396
2.26951
3.10353
2.8972
1.57563
1.56564
1.55132
1.62595
0.633171
1.59413
2.62814
2.33269
2.70972
2.48517
2.30867
0.498792
2.58308
1.2459
1.89937
-0.0380822
2.33433
2.4439
1.78866
2.59051
3.03149
3.28863
4.94137
2.42001
0.401228
2.89808
2.24552
2.6566
1.73814
3.76134
2.62608
3.16987
2.7634
2.69885
0.763668
1.92344
3.11705
2.27108
3.33312
3.8621
2.87403
3.08228
1.00154
1.79413
2.09806
1.34705
3.16156
4.02585
1.53175
2.91186
2.31017
2.85501
1.92365
1.90347
3.09607
2.20868
1.23624
1.07241
0.999154
2.38182
1.81799
3.43074
-0.273359
2.4047
2.57381
3.21488
1.64835
2.82841
2.16592
1.97069
1.52021
2.36211
1.82816
2.23167
3.92898
2.72369
2.85008
2.43252
3.26356
1.88833
2.86124
1.50637
2.77276
3.15181
2.90188
1.31815
2.0849
1.69126
1.4668
2.65141
3.20441
2.8771
2.936
1.94461
2.19253
2.55946
2.42095
2.25944
2.34636
1.83722
3.1606
2.17545
4.32896
2.53111
2.54868
3.4185
3.09457
3.27709
1.49561
1.87593
1.50246
2.48505
3.47478
1.84512
2.4237
1.81122
2.12006
1.08566
3.59999
2.36318
3.31822
2.31792
3.78075
3.3912
2.37967
2.91217
3.39642
3.09102
1.50791
1.55317
1.8766
2.93404
2.68243
1.25214
3.94967
1.84204
3.04745
2.68409
3.12372
1.27516
2.58991
3.2974
1.98277
3.9512
1.71235
1.58675
2.01259
2.69862
3.12591
2.75202
2.11204
0.843956
1.27474
2.79624
2.68658
2.95609
0.331382
3.01977
2.42574
3.07187
2.8666
1.73569
3.79399
2.28237
2.84857
1.76775
2.2636
2.54755
2.86443
2.24145
1.37306
2.67667
1.43522
1.6494
3.1604
2.12449
2.56096
3.14916
1.57851
2.85751
3.36592
3.56235
1.5391
1.40501
2.24848
3.01635
3.45957
2.18799
3.09388
1.86763
3.25652
1.73843
2.91712
2.87088
3.70259
2.15019
2.16621
1.81285
3.1509
3.30437
2.35223
1.76639
3.32172
0.298854
2.37494
2.77357
1.71476
2.00215
3.04036
1.40885
2.99684
2.67762
1.29679
2.85955
3.26992
1.82424
2.44194
3.31074
2.16577
1.62195
1.75958
2.09035
2.07241
2.9669
2.68202
2.08414
1.00005
2.25996
2.03103
2.88607
3.39271
2.79431
2.5909
3.40863
4.12898
3.30327
0.596149
1.67505
4.21707
4.06342
2.35787
1.96091
1.36046
1.53761
2.64942
2.58502
2.10886
2.31006
1.7472
3.09467
0.168731
1.7014
2.96824
3.49052
1.67624
1.16278
3.29597
3.97733
2.94258
1.81736
2.44012
0.970937
2.53215
3.05056
2.4874
2.13168
2.05374
2.64772
2.53222
2.86433
2.8597
2.77679
1.26857
2.91596
2.33408
1.82564
3.18153
3.14757
2.73087
2.39601
1.91334
3.75643
0.326151
2.41993
3.052
1.36641
1.91139
2.49489
2.66087
3.60436
4.01782
2.11065
2.90426
2.29898
3.21338
3.36019
3.2706
2.21466
2.76758
2.06266
1.05098
2.1997
2.34885
2.49719
1.13561
1.94773
2.35352
3.04305
3.16481
2.17613
1.20895
3.68962
2.08052
1.18909
2.59878
3.84351
1.84048
1.59979
1.2403
3.17165
2.39604
1.57897
3.72689
1.01938
2.41886
1.69957
2.1781
2.50151
0.950414
2.54855
2.86079
1.51627
3.31702
1.86061
2.00808
2.491
1.54717
1.3324
1.88854
2.97793
2.00801
1.13586
2.72764
1.88425
1.92925
1.95347
-0.0741368
1.98271
2.77184
2.44435
2.81578
4.18893
3.69271
3.97864
1.5413
1.54994
1.64139
5.0337
2.66925
4.09957
2.68486
3.0699
2.34043
2.35747
3.32305
5.64694
1.7168
3.1753
1.26424
3.21214
3.49153
3.12399
-0.0740506
1.68014
3.76324
3.69518
3.14209
1.76644
3.07065
3.4142
2.96086
1.9308
2.47949
3.00958
1.82494
1.85154
2.61837
1.81353
3.45528
2.57946
1.66621
3.496
2.37933
2.12207
3.25178
1.97788
3.46466
2.26045
1.63585
1.71577
-0.19203
1.7288
1.52059
1.7614
0.980052
0.999986
4.26827
1.3242
1.7168
1.33886
2.39056
0.635472
1.96157
3.13935
0.426456
2.49845
3.1171
2.89377
1.33631
1.73361
2.68577
3.49732
2.91444
2.31589
3.18941
3.61365
2.63151
2.89651
2.78799
2.96687
3.06301
2.30024
1.90299
3.29886
1.65388
1.99934
4.42088
2.63143
3.27904
1.85309
2.37201
3.18453
2.11857
2.14941
2.14215
1.63073
1.66053
1.46891
3.28449
3.41787
1.46403
1.58538
4.00712
2.61819
2.76125
4.10562
2.58991
2.09004
1.47086
2.11185
0.981257
2.52605
0.965901
3.00657
2.58295
2.32937
1.28713
3.96214
2.75203
3.27907
2.37168
1.27995
3.49578
2.37192
3.25264
1.39165
1.29426
2.02445
2.87872
1.64495
2.21875
3.53349
1.66967
3.02492
1.47576
2.53453
2.03506
2.63376
1.36293
2.36782
2.76216
3.96623
2.69437
1.74862
4.76095
3.10263
3.84668
4.41986
2.84396
1.41288
1.84814
2.30138
2.24811
1.42762
2.58169
1.20906
2.21677
2.73602
4.00104
3.08779
2.95536
3.11146
1.14365
3.84485
2.3759
2.59764
0.717808
3.36892
1.85665
2.37614
0.147148
2.87638
1.72603
2.83327
2.47539
4.04717
1.83032
2.8195
2.08918
3.31446
2.52273
2.05866
1.7514
3.24327
2.66521
1.63568
3.08947
1.94425
0.717497
1.34479
1.65605
1.68738
1.27254
2.19211
1.97247
1.07214
1.92047
2.73107
1.69126
3.78074
3.04961
1.94305
1.22647
3.20805
3.52671
2.38193
0.280101
1.75039
2.75537
2.4007
3.90172
3.39046
1.90263
0.328792
2.10608
3.50786
3.69253
2.12423
1.0676
2.12242
2.14697
2.00876
2.86552
2.78964
3.08065
2.2
2.86986
1.67084
2.21573
2.20956
0.84629
2.7559
3.80569
2.12006
2.50702
0.654543
2.57545
2.78305
2.48534
2.05211
1.52496
3.81272
3.07942
2.96142
2.8956
2.54285
1.63094
1.95533
3.48264
2.85088
0.528657
2.96593
3.87726
1.54454
3.79508
1.82506
2.30058
3.0372
2.92415
2.87762
1.68006
2.22177
3.02922
2.10662
3.62935
1.69869
2.81243
2.24465
2.44488
3.55977
1.81175
3.60213
2.99568
1.99585
1.25744
2.40485
4.63077
2.14437
1.15839
3.19052
2.081
3.32562
2.69376
2.25486
2.26492
3.73804
1.4555
1.46131
5.14676
4.18715
3.88419
3.49598
1.26105
3.42575
3.25785
2.67097
