2.49597
2.08397
1.58076
2.31875
1.96078
2.35432
2.40843
2.27969
2.71254
2.80678
2.56388
1.35551
1.43614
2.69037
2.09392
2.68852
2.92333
2.68765
2.25077
2.87249
2.94433
2.29476
3.26591
3.12424
1.82087
3.70891
2.38056
3.23096
3.85954
1.58684
2.53037
3.63262
2.5492
2.9147
2.39653
3.88024
2.51425
3.1611
2.42909
1.58172
2.49206
2.22126
3.36251
3.13677
2.3883
0.61714
3.75141
1.7129
2.38128
1.13158
2.68858
1.59338
1.99912
0.876273
2.60705
1.63623
2.99043
3.3603
2.10319
2.25565
2.62606
3.80015
1.27493
0.541956
3.7626
3.01665
3.4152
1.89589
0.843389
3.02821
2.67837
3.28347
2.12601
2.02016
2.21656
1.31951
3.13251
2.47481
1.07551
3.35814
3.62421
2.76624
1.83774
1.83902
3.04725
2.6617
3.46437
3.64308
2.66019
1.55814
3.36345
1.9625
1.95649
2.11558
2.79711
2.84896
2.30542
1.06209
1.90684
2.10807
2.95355
1.64921
2.43083
2.30033
2.41034
2.36528
2.79575
2.84594
3.43179
4.07708
3.18688
1.4006
2.7323
0.870994
2.12238
3.96529
2.79702
3.0948
2.77262
1.94371
4.51912
2.07682
2.9938
2.35315
2.93865
1.56347
1.75523
2.39646
2.61401
2.69569
1.17239
1.68209
3.12184
0.825225
0.649705
1.58556
2.03502
2.48985
1.83514
1.1711
1.7788
4.01623
2.22256
2.62048
1.92374
1.84809
2.46263
3.04424
1.98938
2.94016
1.51152
2.70745
3.07698
1.86162
3.90813
1.51348
2.21481
2.98587
0.969883
3.73079
2.56963
1.37732
2.58102
3.21221
3.39327
1.88095
2.92029
1.92998
1.28694
2.34813
2.80678
1.67486
2.82294
1.9045
1.47724
1.79504
0.927496
2.66147
2.4386
3.72292
3.5442
2.22481
3.19038
3.32458
2.36077
2.69557
2.70081
3.14219
2.70741
3.59893
2.0446
2.05101
1.73243
3.3746
0.901957
2.33934
3.34395
1.2793
1.83402
3.59488
2.96863
2.43544
1.18489
2.43087
3.89449
3.96227
1.6156
3.33524
2.98718
2.81433
2.37754
1.21151
3.9967
2.95941
2.5135
1.36221
2.27444
1.55009
2.18506
2.56708
1.20019
2.34245
3.27904
2.33851
0.566676
2.91742
1.3025
2.18637
3.39549
2.91559
2.68098
2.41067
2.66391
2.7769
3.0417
2.94038
2.10479
2.64952
2.28258
1.6428
1.94114
3.74794
2.96135
1.18085
3.13331
2.94896
3.48466
0.466524
0.459787
2.00025
1.94104
0.871992
-0.0493197
2.63724
2.9191
3.75488
4.66858
2.06617
3.49604
1.7118
2.904
2.94148
2.90633
1.46263
1.62187
3.24694
1.2949
2.05605
1.75282
2.11125
2.79705
2.56896
2.73542
2.21982
2.22891
3.80514
3.269
1.5559
3.11581
2.01442
0.578846
1.49804
1.18619
2.45192
3.06439
0.874068
2.56973
2.84968
0.566502
3.04285
1.68297
2.96029
2.83694
2.1434
3.01259
2.73035
2.65118
2.40393
1.23334
1.48106
2.70741
1.33524
1.77982
2.30588
2.19059
1.19265
2.00682
1.16593
3.82113
2.567
3.26309
4.15509
2.49769
1.7893
3.87686
3.0536
2.17798
0.626228
4.97235
1.45883
2.85304
2.08286
2.36761
2.88714
1.78003
2.88345
2.43815
1.51858
2.89686
1.10419
3.19561
3.27624
1.68398
1.45964
2.95071
4.08985
2.52535
2.75198
1.13544
2.9005
0.85325
3.05571
3.06342
3.03738
2.4746
2.90799
3.4158
0.808367
1.79793
1.52535
1.65659
3.13784
1.4314
1.32165
2.88439
3.32123
2.11568
2.67566
2.66271
2.41541
4.50308
2.42084
1.25816
2.70537
1.53567
3.00807
3.42811
2.42449
1.6016
1.19699
1.06683
2.77833
4.90113
3.61516
2.2109
2.23695
2.38092
2.7478
3.65057
1.28254
1.23903
1.49597
0.572186
1.65378
1.60705
3.07302
2.68229
2.558
4.36791
3.44786
2.08902
2.10572
2.67945
2.45922
3.10136
1.6385
1.74175
2.90537
2.55673
3.62504
1.54926
3.42271
3.22934
1.80058
1.91719
1.72251
2.85793
2.15986
2.48978
1.78793
2.32277
1.73357
2.67028
1.56811
2.53576
2.6261
3.32047
3.47518
2.73227
1.91469
2.67293
2.00892
3.06226
2.0778
2.52978
3.14992
3.5802
2.6189
2.80781
2.47288
2.25998
2.70849
3.30112
0.98612
2.05373
2.06452
2.42387
2.55013
3.79981
1.45589
2.81887
3.38999
1.67061
2.53033
3.75818
2.32241
2.08088
3.02134
2.30426
4.35796
1.65218
2.74882
1.43017
3.0016
1.77796
2.28689
2.2128
2.67374
2.50396
2.70308
0.92464
1.68107
2.20431
2.62998
0.929644
2.54137
2.53418
2.03059
2.68062
2.96954
2.19311
1.30583
2.26454
1.44499
1.79346
1.36534
1.94071
3.34175
4.35778
2.1907
1.36399
1.74815
1.53784
1.88325
1.38769
2.15932
2.8758
2.37429
1.8052
3.32826
3.22906
2.55621
2.22723
3.00543
1.87413
2.04352
0.639294
2.15349
1.52681
1.89416
1.00553
3.27424
1.2365
1.60637
1.79688
2.67834
2.40914
1.99651
3.29844
2.89007
0.734132
2.78461
4.13503
2.813
1.38872
2.45538
2.98276
3.57296
2.85634
1.03762
2.77842
1.02368
2.82325
2.27499
2.87064
3.14927
2.73674
1.82589
3.59416
3.71143
1.21621
2.01526
3.37752
1.13825
3.41965
2.51606
2.209
3.21254
2.26065
2.89792
2.03311
2.16939
1.27274
1.07236
2.27322
2.61581
1.56191
2.57303
2.0255
2.18895
1.66166
3.54666
2.57327
1.96363
1.7775
3.05798
2.99118
3.25762
3.92267
3.01134
1.53204
3.3595
2.36436
3.28885
3.39973
4.08103
3.04767
2.95668
2.1903
1.62852
3.2837
3.04702
2.51244
2.44941
2.51224
1.81394
2.9539
2.6378
1.9963
2.41647
0.568625
1.86092
3.96463
2.54658
3.00383
1.45808
1.79651
4.26621
2.43074
3.44852
3.19531
3.30277
2.77163
2.85657
0.973481
3.11477
1.55387
3.78778
2.52215
3.44069
3.1891
2.79612
2.11996
2.71418
3.93875
2.43755
2.9446
2.91115
1.00942
0.628135
1.48728
0.903856
1.62589
0.753544
0.755444
3.73531
2.00527
2.76988
2.8162
2.60273
2.48595
2.16074
1.92323
3.20203
1.11732
2.01707
1.85957
2.37384
2.72033
1.24583
2.08841
3.27091
1.55365
2.0995
1.30819
2.2071
2.40152
2.9503
2.70935
0.478148
2.51028
1.62063
2.15008
2.45281
0.578218
3.97876
2.69334
3.07821
2.82222
4.60077
1.09631
1.41106
1.8194
1.89999
1.55014
3.27854
1.98123
1.8595
3.85618
3.07227
2.49245
2.08759
2.88134
2.68235
3.45429
2.07336
3.04338
2.43867
2.70953
2.50826
2.47147
3.97148
2.61641
4.17238
2.29423
2.08571
1.21757
2.52293
1.63302
1.64711
2.35956
3.53503
1.54105
2.1796
2.628
2.91428
1.37295
2.27828
2.7561
2.0332
3.55357
2.10444
2.32712
4.14957
1.21822
2.36169
2.26113
4.33313
2.72598
2.33939
1.25701
2.41517
2.34552
1.88781
3.26436
2.79091
2.42087
0.85854
1.93431
4.23212
3.54586
1.11849
2.96733
2.46698
2.67993
3.01837
2.70585
3.09348
3.58207
4.46977
1.00466
1.98648
2.81959
2.11493
2.9831
3.24565
4.36879
3.53427
3.6884
0.993008
2.88123
2.0193
1.87323
1.90155
2.90385
0.705052
3.30073
3.15527
3.50346
1.89182
1.35214
2.66501
3.76969
2.83953
3.25627
3.70499
2.68279
2.98081
3.17823
1.637
2.0757
0.720789
1.16207
1.56393
2.39898
0.814508
2.61522
1.91572
3.51056
2.42717
2.64871
4.07336
1.14085
1.62533
3.46577
1.16036
3.90375
3.07402
2.43892
2.29224
3.11482
1.95587
2.77467
2.34601
3.31528
2.9108
2.65438
2.24497
3.29254
1.13154
4.27244
1.7815
2.39015
2.54097
2.74026
1.40786
2.06342
2.29583
1.80423
2.4418
0.38882
2.59496
3.19378
3.36809
1.86959
1.66396
3.13221
1.01772
2.77092
3.17681
2.13664
4.00999
2.56622
2.9413
2.98743
2.51821
0.955456
1.15003
2.39806
2.05995
1.5505
1.70957
0.845754
2.18053
2.92178
1.27012
2.62198
2.6843
2.00376
3.26493
1.61957
2.30204
3.21919
4.0736
3.66937
1.42162
1.59695
2.26793
2.95407
3.25335
3.01526
2.90791
1.84181
3.6961
2.38172
1.99389
3.61973
1.85259
3.08842
3.01671
3.41307
1.84923
2.1248
1.32208
2.76504
1.40164
2.23176
3.15864
0.799771
2.46391
2.63431
2.16485
2.83035
3.32078
3.53942
-0.374378
3.08037
1.7643
1.93698
2.8599
1.99897
3.30794
4.02201
2.22089
3.11901
2.26762
2.66878
1.98915
2.83539
3.79286
1.42542
1.50412
1.91649
3.54859
0.89791
2.02075
2.36326
2.80117
2.04043
2.19344
2.72329
2.66331
1.54891
2.93153
1.46794
2.62252
2.9966
1.63404
2.11339
3.75175
2.93285
1.41723
2.23938
1.35124
3.28813
2.31657
1.26299
1.47953
2.40802
2.34755
2.64068
2.52371
2.56088
2.14129
2.30041
1.99715
1.58663
1.68055
1.42031
1.75061
2.48329
2.96834
3.17703
2.88766
3.46589
2.60859
2.27092
1.98793
2.62087
2.10485
1.9489
2.17286
1.85701
3.10106
2.45958
2.53472
2.58541
2.73037
3.12085
4.63708
2.65658
0.923615
2.27597
2.45347
3.0416
1.12534
0.642482
0.585438
3.69633
1.31372
2.97268
1.41925
2.8181
2.08434
1.82509
2.79761
4.57367
4.90023
3.69636
1.21668
1.37885
2.03566
2.83647
1.83651
2.67053
3.24005
1.00547
1.94025
4.02792
3.3847
1.49861
2.26237
1.55627
3.98779
2.23371
0.978486
2.62365
2.08659
2.85634
2.46758
2.79374
2.09512
2.98461
3.67889
2.94912
1.92197
2.8888
1.82532
1.9971
1.16607
2.59742
3.59111
2.45174
3.12779
2.75602
3.93384
4.11888
2.7792
2.50537
2.80539
3.13748
2.33691
2.47413
3.36542
3.01531
2.23385
2.54117
2.55192
3.39941
3.82538
1.94556
1.90565
2.84049
1.97992
3.57151
4.84004
1.88005
3.29258
3.47646
3.24688
2.29802
1.79286
2.28577
2.53151
0.804763
2.56923
2.25389
2.35676
0.836397
2.82297
2.22969
1.53252
3.42382
3.41943
3.2479
1.4377
2.91179
2.21931
1.64348
1.28141
3.37642
1.73123
3.31736
2.55949
2.48589
2.04271
1.6675
2.44723
2.07356
1.03059
3.0419
2.00738
2.82792
3.25018
4.27546
3.28918
1.54967
1.46536
2.79355
2.41016
0.870157
2.20574
2.1396
1.14494
1.56144
1.67789
2.05605
2.73224
1.87864
3.03744
2.12556
2.46509
2.46531
1.99886
2.09047
2.88547
1.3959
1.93188
2.85851
2.55671
1.07107
2.52948
3.04911
0.589682
1.03564
2.16574
1.90807
1.96708
2.38081
3.37229
2.83704
1.51445
4.47032
2.19703
1.9674
1.42013
1.44243
3.03429
2.16003
2.45459
3.71103
1.99893
3.98188
2.61056
0.850389
2.46715
2.61117
2.84304
3.10361
0.659667
3.43939
1.53421
3.32091
2.18812
1.30886
0.827471
2.61352
2.78766
1.32261
3.18269
2.47087
2.87094
2.54026
3.21995
2.63329
2.30355
3.24878
1.87718
3.16546
3.25916
2.63349
3.17118
0.139951
2.42904
0.940849
3.12932
2.56837
2.46908
3.2462
2.37638
3.07714
2.35424
2.11837
1.69303
3.15515
3.43155
3.8311
1.73182
0.886859
2.39532
1.42276
2.75877
2.90497
3.18293
2.06781
3.55634
3.20657
2.93681
3.34764
2.43862
2.8617
2.49083
2.10808
2.5418
2.68567
2.38509
1.83545
2.52327
3.18713
1.54788
1.38424
1.90622
3.50625
2.76244
2.14144
1.46106
3.69191
2.33722
1.84048
2.07354
1.67492
2.90105
2.01165
3.40007
2.08374
4.21247
2.03131
3.08944
2.21779
2.26885
1.23932
2.44518
2.54804
4.62742
2.74397
3.60696
1.97001
3.12357
1.69871
2.71987
2.30047
3.41394
1.7356
2.17397
3.26523
2.878
3.01749
2.99575
2.25775
1.79859
2.92726
2.1238
4.51906
3.55308
2.37362
2.09301
2.58944
1.55017
2.236
3.28778
2.00433
1.15785
2.61097
2.01532
2.24422
2.05034
1.48849
2.78124
1.19201
3.52818
1.8139
2.40032
1.36559
2.82851
1.77741
2.11756
3.15127
2.7403
1.39118
3.54212
2.37699
3.53791
2.68421
1.79764
2.2675
1.80206
2.4479
3.00615
2.26928
1.82326
3.23608
1.48246
1.03874
3.13584
3.96631
1.25497
2.11554
1.34935
2.16506
2.91546
0.722458
2.37595
1.99875
2.4097
1.44806
1.56925
2.47165
3.85947
2.94585
1.65303
3.20305
3.51786
3.96422
2.60648
2.77693
2.5674
3.14883
2.20061
2.30244
3.06962
2.0822
3.73756
1.97343
3.16024
3.2168
3.15097
2.06709
0.961462
3.44526
2.45008
2.26223
2.13913
3.00362
3.58037
1.72439
1.54343
1.54044
3.0229
3.57355
2.55976
2.35612
2.06174
2.05549
2.27548
2.32463
2.59658
2.67246
3.10985
3.29229
1.59344
2.35313
2.80481
1.94599
3.08283
1.44342
3.59832
0.809285
2.8911
2.33721
2.03952
3.23423
2.48484
3.01471
2.80386
3.17692
2.32152
1.64839
2.09908
2.73762
3.95649
-1.12495
2.07624
2.78066
2.4455
2.58089
2.35568
1.9081
2.50427
0.856342
2.09515
2.05922
1.91811
1.62812
2.14301
1.48997
2.95698
3.1142
3.22843
2.2177
2.45675
1.81935
2.3999
1.37453
1.45965
2.13298
3.12837
3.34748
2.05491
0.440923
0.501076
1.36038
1.67518
0.661555
3.46037
1.54875
2.20912
3.91508
1.51107
1.31859
2.61219
3.21859
1.55793
2.5222
2.58339
2.52521
2.88273
2.87935
1.86029
2.58856
2.6908
3.06167
1.5171
1.39581
2.25532
3.03421
2.20916
1.76091
1.47031
2.8692
1.5504
1.62279
3.3835
2.47591
3.33763
3.1445
3.16795
2.71574
1.0123
0.956238
2.19431
3.82573
3.34181
3.41026
3.51212
2.049
2.43224
2.12499
2.38521
2.36335
3.14414
2.33042
2.47547
3.40369
2.29976
2.39785
1.1691
0.916567
3.23779
2.76923
2.31589
2.20396
3.1885
2.54168
2.35917
2.93461
2.38924
2.55645
2.28033
2.63297
1.99694
2.61742
2.86811
2.10769
2.39154
1.58081
2.3258
1.67676
2.29171
1.8779
2.22243
1.81969
0.979524
2.3303
3.59065
1.11701
3.15457
1.70134
1.52643
2.60511
1.47683
2.84561
2.67139
2.42118
3.9377
1.42881
2.07815
3.61452
3.0568
3.2591
1.82513
4.20951
3.74106
3.67107
1.76469
1.34503
2.04484
1.58897
1.8797
2.1579
2.75601
1.49974
0.573595
3.5685
3.1476
3.04122
2.5767
2.89195
2.9105
0.817501
2.1683
4.8379
2.75977
2.35726
3.15997
2.09844
2.60844
3.36798
2.64519
1.70974
2.00567
1.72833
2.04596
3.16398
1.2513
3.00804
2.83379
3.39669
2.87122
2.59417
2.75261
3.18773
2.34316
3.08701
3.86853
2.2635
2.08677
1.54157
2.3367
1.882
3.99342
2.68689
3.22405
2.99798
3.75493
1.26705
1.09622
2.23482
3.41238
2.15288
1.49662
0.0858441
3.07127
0.717834
2.01998
2.24829
2.93976
2.25051
2.18734
4.11083
2.68901
2.85096
3.76017
2.44838
2.39203
1.50566
1.25174
2.88196
2.22314
1.26555
1.232
1.75155
2.55215
2.5528
4.39548
3.87143
3.21355
1.68733
3.58321
1.3685
1.56276
3.56118
3.33182
2.29651
1.0665
3.23334
2.36948
3.43851
2.23326
3.50269
1.55967
4.17567
1.54461
1.81262
0.894724
1.11107
0.593045
3.23916
2.56879
1.95384
3.17693
2.61875
0.581501
2.50361
2.57583
2.94085
2.10291
2.76648
3.12423
3.25608
2.23031
4.09498
2.49631
2.92169
2.32364
4.39527
3.32449
2.97773
1.83613
3.61654
3.10988
1.51667
2.40915
2.9549
2.89883
3.68529
2.52348
1.88422
2.74921
2.01237
1.80098
4.01024
1.08802
2.03998
1.88257
1.60455
3.18398
2.26588
1.58561
1.70993
1.61339
1.13637
3.03162
2.11058
4.03977
1.87848
4.15476
3.30874
1.95496
1.5462
1.67312
3.2358
2.81199
2.39915
3.19114
2.56564
2.77962
2.45055
2.8849
3.18043
1.34925
3.10835
3.37302
3.79052
1.8769
2.49181
2.30251
2.58332
2.83329
2.24942
2.0913
3.91117
2.23887
2.71923
2.13589
2.65778
2.4057
2.75278
1.86579
1.03467
3.13005
2.70614
2.99479
2.25458
2.83146
3.57481
1.47711
2.1668
2.06912
2.8414
1.22586
0.391104
2.89031
3.01647
1.91254
3.30983
3.20847
3.11469
2.91431
3.07356
2.03831
1.36401
2.67973
4.23388
1.88429
3.0335
2.50769
2.49763
2.88138
3.15282
3.00902
1.77242
2.72987
2.10703
3.75524
2.44723
3.53072
2.8789
1.74405
3.17803
3.9758
2.52096
2.92113
2.82876
2.10636
3.14326
2.18735
4.01269
2.00446
1.95365
2.48999
1.76813
2.63886
2.14916
1.73877
3.89366
2.71726
2.61436
2.40859
2.81004
2.78955
3.09698
1.04049
1.15476
1.97312
2.57178
2.049
2.52632
2.8388
4.24535
3.70952
2.1783
2.36649
2.02502
2.80427
2.21683
3.32406
2.3325
3.79587
1.00355
1.86394
2.36381
2.27603
2.5348
0.999013
1.27024
2.51958
1.72923
2.15323
3.61566
1.97835
2.41181
2.22021
2.35942
2.00616
2.79213
2.205
0.5572
1.01519
0.685089
1.13242
1.80299
1.82688
3.58418
2.12242
2.43804
1.95078
3.2393
3.00458
2.9959
2.22328
3.22683
3.03785
3.1683
3.04915
2.22433
1.59877
1.13918
2.49445
2.77454
3.05331
2.98066
3.16158
1.95846
2.65633
2.77607
1.60587
1.69949
2.93196
3.56847
2.1566
1.94303
3.33555
3.19679
1.59101
2.54457
2.42444
3.26971
1.50601
2.84824
2.90843
2.33318
3.55968
1.82301
1.45662
0.891284
1.26696
2.19692
1.87533
2.51674
2.23046
2.23092
1.78618
1.16076
1.17896
1.70509
1.56183
1.55692
3.0328
1.82523
1.31963
1.12118
4.4251
2.44328
2.57884
3.84783
1.37415
0.911177
3.64744
2.18254
2.45354
1.81548
3.09009
1.88487
3.30333
2.2888
2.76542
1.65032
2.01871
1.8976
0.327983
3.16511
1.64774
1.98964
2.60238
2.67791
2.47263
2.76745
1.57501
0.72187
2.05436
2.21004
3.40198
2.67403
1.68929
4.5109
3.76849
1.20534
2.3534
1.63873
2.10202
1.49753
0.173217
3.38811
1.15861
2.92352
2.35435
3.05162
2.1987
2.50273
2.57506
2.43857
2.38026
1.76582
2.08232
3.25477
2.34719
2.61624
4.30665
1.09047
1.80242
2.3814
3.04639
2.03281
3.52286
1.53633
2.10862
2.31249
2.512
2.78172
2.87377
3.72285
2.36639
1.99717
1.93504
2.33991
1.88297
3.29818
2.3498
2.10538
3.13152
1.36738
2.44047
1.60642
3.56648
5.01924
2.5897
2.02335
2.03465
3.37913
2.62705
2.85565
2.0424
0.829945
1.50587
2.03445
3.19878
1.61091
2.9504
2.09932
2.55626
3.13213
3.14084
2.36358
2.12196
2.23264
1.95493
2.56211
2.65958
2.61048
3.62309
3.50584
2.31648
3.12432
2.37842
1.88513
2.15649
2.33327
3.36998
2.51919
2.37376
2.99665
2.69544
2.94255
3.16025
2.53687
2.44818
3.79736
4.24863
1.61442
3.60325
1.43416
2.63093
1.22975
2.4953
2.32466
2.13422
2.77472
3.33733
2.30171
2.38299
3.71413
1.86201
2.35865
1.59028
0.212281
2.52981
1.95577
2.6607
2.7858
1.90199
4.62396
4.27115
1.71956
2.46534
1.94263
1.59675
2.63487
2.96826
1.84765
1.53923
1.41087
3.13806
1.95645
3.78244
1.47088
2.64732
1.55721
2.50914
2.8649
0.225457
2.27993
1.60396
1.65822
2.70988
2.39727
1.44853
3.22066
3.02595
3.4145
2.28087
0.992698
2.696
2.61325
3.38872
2.5741
3.02315
3.17649
3.92675
2.0668
2.4697
2.82404
2.59029
2.01493
3.71977
2.76172
2.05051
2.42933
1.25313
4.91761
2.69363
3.62281
2.50977
2.72762
1.25501
3.22967
1.22322
3.24783
2.66144
2.48021
3.5278
2.23074
3.16625
2.70267
2.07717
2.34513
2.44549
1.58954
1.89527
3.78907
1.42279
1.66623
2.46584
1.36688
1.89873
4.26775
2.97901
1.82252
3.67876
2.28429
3.22243
3.04445
3.21157
2.39081
3.7899
2.66815
1.57775
2.55626
3.38608
3.19937
0.973064
2.53348
4.11913
3.20814
2.43773
2.35277
2.37709
3.4401
3.11243
0.781335
3.74565
2.4282
2.2799
3.82999
4.87695
2.38509
2.35121
2.57168
1.28126
2.53411
2.28663
2.3871
2.16847
3.32092
2.75839
2.98278
3.30644
3.35161
2.02554
2.68296
2.88809
3.32958
2.6639
1.67904
3.31571
2.26959
2.80312
3.43444
3.31311
1.1829
3.40022
2.33411
1.85017
4.54701
3.07245
2.33521
2.77318
2.0387
1.96003
1.13624
2.44359
1.80092
2.09192
1.40919
3.13164
2.40476
1.13402
2.87546
1.92996
2.53457
2.71513
3.25478
2.10859
1.86612
2.87988
2.41328
2.5463
1.91463
3.37415
1.89158
3.23527
2.038
2.60714
2.31375
2.4458
3.76428
1.96929
3.57419
2.83906
2.92849
2.42144
2.56551
2.57823
2.77724
0.909311
2.38438
1.90905
2.52512
3.44594
2.208
3.01474
2.16741
1.09142
2.0033
2.67681
4.55689
2.89531
3.53862
2.32893
1.59252
2.60917
2.82006
2.65308
2.49808
1.84924
3.37995
1.34345
2.6384
2.1281
1.66037
4.08764
3.58685
2.68414
2.81543
4.11803
1.89226
1.70899
2.22009
1.93542
2.99614
1.87676
2.02797
1.55941
1.92946
2.38504
1.85654
2.87336
2.47954
1.34724
3.1821
4.19286
2.14654
1.87371
4.30129
2.08306
3.41943
1.75842
0.965193
2.61877
2.69613
1.94975
3.01709
3.79139
1.83346
2.02906
2.02407
1.49944
3.49604
4.32658
2.73692
1.13343
2.1604
2.39229
2.81823
2.77096
3.24944
2.14077
1.92378
2.41901
1.52114
2.27439
3.31724
2.12208
2.11961
2.12067
1.30544
3.94672
3.48299
1.86794
2.41125
1.4642
2.45238
3.21932
2.27598
2.2157
2.74331
1.7998
1.8237
2.68947
2.34045
1.36032
3.16672
2.11073
2.55355
3.47636
3.00773
2.71029
3.47258
2.92198
2.54648
2.65144
4.39415
2.48406
1.57764
1.77738
1.62875
1.00569
2.57972
1.79386
2.82413
2.03759
3.17152
2.1256
3.07273
1.68325
3.93992
3.61083
2.84891
4.28358
3.11657
2.90738
3.74683
1.60047
2.77557
2.56761
1.87603
1.29563
2.61789
2.54448
1.05782
3.69179
0.640691
2.75462
1.13473
4.50972
2.27788
1.40319
2.4598
2.16633
3.09992
2.67596
2.03446
3.80634
2.74011
1.96701
0.777243
2.61522
2.04235
2.79369
3.18011
2.1008
1.00593
3.07588
2.76831
1.89457
5.15651
2.61108
2.39997
2.07528
1.53324
2.86802
3.27745
0.878513
2.34574
0.842144
3.06602
2.01834
3.21816
2.06242
2.37887
1.8814
1.79369
1.6568
1.62681
3.89328
2.49727
1.6134
2.39194
2.54996
2.80246
2.54788
2.94043
2.03488
2.4058
1.42856
1.14775
1.48393
1.47412
1.71013
3.03511
1.51637
2.30865
1.79046
3.95563
2.76929
0.309226
2.79021
2.35877
1.76764
2.905
1.92901
1.62571
2.31603
1.86546
1.88392
3.15466
2.53351
3.42968
2.03268
4.92852
2.75883
3.19963
1.29836
3.08032
3.13709
2.20697
2.51294
2.77563
3.4995
2.85407
4.52483
2.58102
3.51226
1.86407
0.487082
3.60736
1.7716
2.14167
1.19682
2.50548
3.14295
1.97836
1.9762
2.55843
2.34776
3.15862
3.65983
2.33433
3.28886
1.74516
0.982144
2.33216
1.01029
2.7439
3.2062
3.53802
4.14957
1.56188
2.9846
2.76904
2.92953
1.21406
2.50905
2.23347
2.97541
1.51518
2.87693
1.98936
2.98683
3.57264
2.56911
1.21505
2.64025
1.50514
1.67747
1.60529
2.6098
2.71106
2.89061
2.53306
2.77781
3.23178
2.64401
2.57773
4.43944
2.41318
2.88327
2.37202
0.533334
2.73477
3.15608
1.47561
2.31372
2.36265
2.6535
2.90595
0.994699
2.86615
2.40849
2.535
1.56168
1.7661
4.00317
1.95821
2.55273
0.895218
2.78502
2.46342
2.1228
3.32371
3.36054
1.87241
3.17774
2.24929
3.14459
2.24724
2.30583
3.83945
2.95425
2.87149
2.16694
1.36477
1.79137
2.50951
1.77497
2.02521
2.58626
1.92307
1.47663
2.1829
1.74711
3.26679
2.79368
1.5507
1.58331
3.15306
3.50113
3.2458
1.78464
2.73089
1.53194
3.13785
2.78951
3.16667
2.27151
1.65459
2.37154
2.68463
2.89698
2.63615
3.06313
3.65254
0.942464
1.46574
2.05874
2.52574
1.27745
1.84692
2.57586
2.19241
1.41287
3.57995
2.14822
1.97461
2.0006
-0.638534
2.84947
1.77161
3.40282
1.837
1.87224
3.16188
2.31935
2.83651
3.51001
1.63038
2.3018
3.45304
1.64822
1.75621
2.54391
2.88062
1.2823
3.61797
3.54193
3.03883
1.08216
2.14585
4.2431
1.14094
1.80501
4.82102
2.82378
2.56361
2.58768
2.90732
1.76381
3.63254
3.30522
2.18012
1.89496
1.47107
2.6312
2.14127
2.99932
2.90243
3.64085
2.34498
1.41387
1.3843
1.80744
2.94859
2.78303
2.8158
3.11938
2.56779
1.74849
2.45945
2.56935
3.65449
2.24543
2.57997
3.02343
1.73093
2.95159
2.7443
3.3671
3.01356
1.44621
2.05091
2.22215
2.6711
3.4597
2.50135
2.2414
1.65641
2.46024
2.69299
2.68813
2.78131
1.81787
0.794
1.92887
2.90727
4.2165
2.60969
2.7255
2.94793
2.48195
2.46971
1.83555
1.22473
3.26373
2.10235
2.50549
2.64929
1.23078
0.808472
2.89685
2.77051
2.59763
2.17367
1.38423
1.75312
3.28101
2.30104
2.44043
2.28098
2.72041
2.19726
1.99839
2.73016
1.34797
2.04058
2.61002
1.65983
1.89639
2.98885
1.71153
1.89183
1.56189
1.98172
2.4034
1.89263
2.18453
2.94973
4.32573
3.70937
2.08074
3.62181
2.37543
2.1426
2.05404
2.20164
1.68066
3.16808
2.91832
2.30989
2.96701
1.70466
2.1088
2.96929
3.26003
3.38169
1.87613
4.09433
0.929903
1.59577
2.3256
1.97528
1.68507
1.61385
1.95912
3.60014
2.39157
2.3626
1.60962
3.94496
3.61534
1.32211
2.55395
2.311
-0.083903
1.79563
3.42757
3.71565
3.2376
3.25349
1.5886
1.32479
2.4399
2.19959
0.758461
1.81793
2.68676
2.02832
1.64435
2.22447
2.63748
2.12997
3.25386
2.16659
3.00398
1.56255
2.4103
2.85529
2.2854
1.41832
3.00656
2.74687
2.15436
4.34139
2.85098
1.68415
2.80895
3.53303
2.96227
1.57446
1.23167
2.73695
2.37411
2.36593
2.06353
2.67037
2.02846
2.75405
1.71996
3.28329
2.67806
3.28128
3.93329
2.03058
1.43784
1.58607
2.62424
2.41473
1.45683
3.04927
2.73283
3.02595
1.53229
1.07021
3.43214
2.68786
0.95078
2.65294
2.26424
3.14672
1.71284
3.47407
1.72474
3.00025
2.13552
1.71543
3.19934
3.39377
3.48701
3.5154
1.81886
1.55787
2.11361
1.90939
2.13137
3.36398
2.28953
2.1682
1.94006
3.4033
2.02312
1.97165
1.62695
3.08354
3.5409
2.66471
3.98245
2.93741
1.86098
3.48742
3.08246
0.972568
2.01746
2.22177
3.30212
2.7851
2.35069
3.04437
2.99302
2.28181
3.60407
0.943867
2.96152
2.10182
2.42726
1.58362
2.31874
2.59491
2.36789
3.52955
3.31798
2.26811
3.22569
2.70568
1.15141
3.28727
3.06072
1.92042
2.00101
2.8069
2.5382
1.42448
1.26041
3.78117
2.78579
3.17038
1.62421
2.11296
2.42541
3.73971
2.66282
2.47245
2.66847
1.43628
2.61608
1.25984
3.79387
3.31446
4.43213
2.97505
2.06987
3.36892
1.65861
2.88794
1.63652
4.13997
2.83596
3.15258
2.62508
4.14236
2.68658
1.6128
2.81565
2.60533
3.49592
1.90934
2.08611
2.64594
3.95952
3.77118
2.77782
1.48346
2.21849
1.9718
2.53409
1.82736
2.61586
2.30949
1.87339
1.48812
3.43406
1.59928
2.11551
2.89222
2.68239
4.47971
2.62418
2.51414
0.638766
2.31345
2.5009
3.25638
2.29462
1.66466
0.291994
3.25742
2.48758
1.89471
3.66304
2.99683
3.35282
2.86956
2.86467
3.63512
2.04047
1.44121
2.37922
3.56155
3.11011
2.31961
1.53682
2.12294
1.428
1.69564
1.92487
3.96058
2.39768
2.5703
2.76376
0.937894
2.77993
3.56082
0.614545
4.14842
2.01689
2.53408
2.61326
0.040102
3.30795
1.75002
3.90937
1.806
2.768
1.5078
2.97981
2.11856
2.65701
2.64859
3.32857
1.07138
3.67734
2.09961
1.27642
2.92186
2.35858
1.76712
0.794837
2.48831
3.12618
2.95626
2.78313
1.76063
3.19216
3.2296
0.973502
1.14361
3.0748
1.30309
2.70378
2.88626
2.09788
1.54931
3.20057
1.29051
2.99929
3.37355
2.35795
2.88821
4.32385
2.30446
3.09722
3.13683
3.68951
3.16644
2.41214
2.58278
1.97543
2.7559
1.36722
2.45459
2.72297
2.78564
2.6967
1.84141
2.17274
3.00505
4.06837
0.984584
2.81319
1.32457
3.4411
2.84009
1.88707
3.09104
2.4141
2.88777
3.74711
3.29086
2.98358
3.81036
3.64974
2.94235
2.21938
2.70971
3.82567
3.74048
3.13536
3.29822
2.14059
2.0046
2.18411
3.8887
2.10877
2.74893
1.73338
1.2571
2.87329
0.420828
1.4347
2.08804
1.3518
1.35299
1.82918
1.32813
3.11636
1.87422
1.67681
2.79327
2.45034
1.67481
1.59015
2.13843
1.31588
2.70103
3.14805
1.36733
1.8272
1.31757
2.34436
3.77803
3.04006
1.64391
2.82124
2.53644
1.74512
0.982356
2.64352
3.00218
3.73151
2.39129
3.92879
2.46205
3.03341
2.03801
1.41337
2.30524
2.63839
3.93814
3.34367
2.9721
2.0695
2.36971
2.68402
2.24845
4.1219
1.75012
1.87685
1.79072
1.32828
2.68362
1.56995
2.0198
1.63189
4.11656
2.45202
3.79702
1.33785
1.86372
3.64881
2.46841
3.22899
3.56375
3.24217
1.79283
2.89802
1.99315
3.2356
1.31628
3.10754
1.85825
2.52162
3.12871
2.80309
1.2659
2.98962
2.92141
1.52125
1.68141
1.72735
1.80718
2.43455
1.36037
3.35577
2.27824
1.90768
2.82114
2.42496
1.7546
2.54781
2.04142
2.52194
2.59721
2.11095
2.17241
3.7134
2.3775
1.44408
2.15564
4.17817
0.984787
1.48418
0.914557
0.950108
3.12528
3.08061
4.37408
1.91659
1.97239
3.36957
2.6731
2.91353
2.98111
2.4881
2.88589
2.61024
1.64573
1.96461
2.42236
3.18315
2.14827
1.94188
3.1524
3.1051
2.03694
1.78994
3.91543
2.85368
2.07133
2.19795
2.05588
3.34509
2.06255
1.68308
2.69105
2.98542
3.94035
2.15296
0.77162
1.79369
2.94928
2.71065
2.02358
3.6429
0.72042
1.42746
2.40341
2.18412
1.67044
1.82449
2.5025
2.77582
2.14768
1.46778
3.95729
2.76175
2.12544
3.82973
1.81544
2.24415
1.14919
2.01322
2.28975
2.97283
2.51621
3.37787
2.62752
1.37299
2.64515
1.74577
1.63122
1.82025
2.92643
2.62869
3.25503
2.99462
1.16684
3.26212
2.7767
3.34076
3.20454
3.22387
2.06211
2.79162
1.30099
1.44366
2.28365
1.77801
3.07857
2.73074
4.90798
3.19044
1.99096
1.59532
2.02143
4.17792
2.93923
2.91503
0.910356
0.658178
3.32956
3.01387
1.49403
2.47564
3.15524
2.26297
1.38106
2.4298
3.5709
2.77727
2.69831
2.58548
1.00616
1.4105
2.42076
0.780987
2.58671
2.60298
1.17172
2.3928
4.44943
2.2151
2.7602
2.00916
1.83771
1.86415
2.02812
3.02959
2.08326
2.99125
3.51656
2.15876
3.26627
1.7262
2.90556
2.65574
2.68027
2.68358
2.31529
2.30117
1.54407
3.35021
2.14825
1.60703
0.818619
1.34895
2.88396
2.55705
2.94659
2.12169
2.80963
2.58747
1.98139
2.53548
3.11034
1.14467
3.97472
1.96867
1.87072
3.194
2.01602
1.23818
3.2891
1.4733
1.70633
1.60883
2.52947
3.43009
1.7411
3.02514
2.30008
2.06274
3.16621
1.6128
2.97582
1.99998
2.04207
1.53391
2.3151
1.78064
2.7421
2.19483
2.96378
2.41343
3.3
2.34104
3.14673
2.14904
2.56634
2.58062
3.14382
1.60619
2.58551
2.5533
2.83049
2.08088
3.38859
2.67267
1.71778
2.72928
2.88768
2.58892
2.46173
2.82883
1.14402
1.87004
2.75737
3.00238
2.67476
0.811122
3.24205
0.962053
2.15193
2.82907
1.83722
1.75495
3.9075
1.52183
3.74804
-0.078503
3.77643
2.5348
0.523885
2.70637
3.07351
1.09634
1.55164
2.55057
3.37987
3.04195
2.87209
1.31982
2.8811
1.54599
2.95359
3.03302
2.55969
1.13403
3.20015
2.96402
2.0805
3.26403
1.88475
0.888508
2.56423
1.37104
2.10154
1.67773
0.472283
3.89107
2.01921
2.08419
2.1357
2.57451
2.16448
2.77238
2.44813
3.03034
1.89939
1.39605
3.60393
1.04
2.72115
2.79974
1.27477
3.94951
2.68439
2.68332
3.33858
3.14963
1.67405
1.6973
1.99144
1.15997
1.80386
2.69738
2.07717
2.27205
4.41389
1.10043
2.36498
1.353
2.15015
3.25002
2.52721
3.00005
3.16816
0.45811
2.54718
1.89796
1.26528
3.10237
2.20941
3.40829
3.27296
3.7949
3.07434
3.59295
2.1045
2.29727
1.24013
3.08579
1.94798
3.15279
1.58153
3.37361
1.84657
2.95972
2.03198
2.89946
3.01942
3.01483
2.10712
1.78752
2.40989
3.87552
2.38499
1.03726
3.07658
1.74673
1.31756
2.68836
1.90963
2.3288
2.4891
2.10447
1.70892
2.78298
1.27408
1.8372
2.67807
3.4022
2.8267
2.2571
0.841554
2.75409
2.99622
2.08067
-0.162866
2.17845
2.78203
1.11315
2.87306
2.7606
2.26729
2.89066
2.66244
1.35645
3.7016
1.86032
2.59734
2.86133
2.50775
3.40081
1.67064
2.36203
0.570184
2.90721
2.52333
3.69639
3.1938
3.81303
2.87602
3.56706
1.42703
2.07238
1.27642
2.49582
2.91895
2.75047
1.94432
2.18855
2.66489
4.38106
1.77447
3.379
1.5288
2.64637
3.00633
1.09923
2.21988
3.25622
3.73183
3.01503
3.57806
3.06314
3.38464
2.47564
2.4397
1.77348
2.27452
1.66398
1.20063
2.95881
1.63442
3.07091
2.93933
2.80473
1.50223
2.09656
2.53311
2.2771
2.96194
2.18398
3.28931
2.47908
3.31121
2.84253
3.57343
2.82524
3.60141
3.33842
2.60454
1.56234
1.73909
2.55942
2.08047
3.09637
2.73831
2.72029
3.18945
1.1102
3.155
3.07149
2.67686
1.41989
2.54897
2.38465
3.13202
3.69386
1.57982
2.47933
1.16545
3.49692
0.819583
3.2239
2.54876
3.76074
3.7426
2.23795
2.7312
2.2928
2.93119
2.34888
1.26061
2.23121
2.31726
2.61806
2.99171
3.74014
1.79956
2.63091
2.864
3.6059
3.27668
2.26003
1.74289
2.42219
1.53653
2.80403
2.46349
2.47355
1.66365
1.01367
1.90247
2.28009
2.93431
3.45909
2.43142
1.59855
2.38282
2.67414
2.72251
1.87287
2.2613
1.259
2.29064
2.4651
1.03169
3.57281
1.63337
3.73356
3.03878
3.53719
2.72953
2.17077
2.18891
1.92757
5.03458
2.27165
2.94942
1.479
1.24782
3.45332
1.62294
2.94571
1.53929
1.28913
1.37972
3.47776
2.37512
3.04367
1.99733
2.58099
3.011
2.89404
1.98244
1.8811
2.79126
2.15901
2.15833
1.90293
2.46346
3.94241
1.95559
3.7475
2.75417
1.99586
1.97328
2.80929
2.83088
2.141
1.72258
2.15721
2.28177
1.09319
1.15853
1.53205
1.88669
3.24622
2.65499
1.72632
2.23454
2.97251
4.64294
3.47837
2.37367
1.95655
3.01846
1.81811
3.92967
3.69139
2.29391
1.57815
3.47197
2.13649
2.08406
3.08004
3.17849
1.32414
2.87104
3.85065
3.35492
1.10257
1.60704
2.85428
2.49256
1.62555
2.78632
2.27578
4.07719
1.68082
2.18977
2.7053
1.64075
1.44074
2.92808
3.00268
3.01745
1.46464
3.30443
1.74328
3.67915
2.74922
2.73242
2.35083
1.0881
3.08265
2.59516
1.16228
1.50755
3.43205
1.47858
1.46002
1.51514
2.81822
2.40854
2.08676
3.06786
0.982176
2.38765
2.45176
3.61484
2.58136
3.20296
2.94223
1.43156
1.70055
1.06314
1.89351
0.999332
3.26867
3.24408
4.11769
2.38899
2.68262
3.58946
2.19578
2.55038
2.41797
1.89296
2.18216
2.9398
2.55934
1.88286
2.75671
2.30212
1.52109
1.86188
3.07625
3.2357
1.70596
2.05216
1.44081
3.1808
2.34066
2.3088
3.74729
1.65601
3.81598
2.93084
2.08476
2.3663
2.76197
1.77215
1.0974
1.28031
1.81671
3.02595
2.31151
2.94479
2.43356
2.15205
2.70679
2.55475
2.01267
2.33614
2.39355
2.8763
2.148
3.20164
1.89936
3.41337
1.67105
1.94699
2.16277
4.64106
4.0506
2.85903
2.50613
1.57126
2.63365
2.74124
2.34253
3.44537
2.71971
1.33352
3.42735
2.7301
2.26784
3.02336
3.34027
1.99274
1.69906
2.70159
2.70529
2.89284
2.62716
1.77553
1.53697
2.20896
1.72161
1.75267
2.94688
1.44734
1.79721
2.25852
2.76436
2.47091
1.99169
2.39414
1.10941
1.36671
4.43072
3.03912
2.55167
1.98864
2.99799
2.38082
1.79313
2.89332
1.60718
2.92597
1.74951
2.80802
2.70571
2.31919
2.19629
2.74396
2.81095
2.71635
3.17795
3.9297
1.44261
3.40953
2.32201
0.796073
2.65832
2.35981
1.99429
3.59304
2.47928
0.661642
2.29713
3.86058
2.13612
1.02615
1.71955
2.77608
1.3809
2.64487
2.9197
2.16258
1.15975
2.23134
3.17571
2.76293
1.37582
2.79406
2.04974
1.00232
1.10243
1.23501
3.68931
2.2186
1.84719
2.7152
4.60424
3.73252
2.87312
2.76152
3.10583
2.77392
2.37558
2.72337
3.14316
2.70695
2.07601
2.99218
4.24522
3.73131
3.03338
2.04402
2.86658
1.88861
2.44499
2.10793
3.13885
4.65932
0.821169
2.41352
3.48819
2.33822
2.58733
3.08259
2.33326
1.80123
3.06519
3.2888
2.2239
2.32302
3.86902
2.73828
1.22088
4.06271
2.88984
2.83637
1.40839
1.66836
1.88166
4.99622
2.47019
3.29813
2.17841
0.684722
1.67034
3.04241
3.47907
4.64366
2.68816
2.85528
2.11175
3.05835
3.38773
2.31966
1.63316
3.01853
1.76888
2.51166
2.67712
2.36969
2.70775
3.33808
0.80933
3.1548
2.71095
0.974276
2.56266
2.88099
2.34239
2.73421
4.08706
2.99234
2.13391
2.7157
2.63018
1.70019
2.58289
2.26043
2.9866
3.69932
0.115803
2.88532
3.92636
3.21313
0.160543
2.78903
1.53352
1.11891
2.03183
3.39606
3.14105
3.08499
2.24697
1.69786
3.60281
3.39394
2.50632
1.67063
4.09649
1.79917
3.11497
1.7
2.63424
3.66667
2.67825
2.08743
2.74559
1.50648
1.45512
2.69629
3.3759
1.79875
4.2772
2.64945
1.84744
3.16132
1.5267
3.13661
2.929
1.71081
0.837263
3.05984
3.06837
3.74297
2.80003
2.62808
3.14522
1.43738
0.309337
2.67882
2.50327
1.92944
3.93659
3.26286
2.31135
4.17763
0.83885
3.84555
2.49675
1.27437
2.70762
1.74502
2.07166
2.73743
3.19095
3.55993
2.5667
3.0167
1.85164
2.13923
1.88127
2.51253
1.96811
2.94616
2.28996
2.36528
2.61866
3.1215
2.61566
2.28911
2.20408
2.24483
2.19749
3.35789
2.74811
2.19759
3.66366
2.27036
3.1511
2.26464
2.88891
2.80525
2.10709
3.48294
3.04651
0.823278
2.46272
2.91264
2.30263
1.21297
2.51904
1.98213
3.131
2.77811
2.71244
2.12151
1.96906
2.81445
2.30765
2.30859
2.82322
0.941198
1.55279
1.93256
1.88955
3.73371
1.30354
1.38989
2.08922
1.47293
2.83575
3.84286
2.63148
2.71061
2.76575
1.14131
1.96559
2.50671
2.88758
2.72555
1.45471
1.15971
2.35556
2.84817
3.07131
2.3853
0.87235
1.99593
3.53443
1.28354
1.07826
1.45572
1.31067
2.58953
2.49352
1.75334
2.41813
1.36206
1.39473
3.18214
2.02451
2.14339
2.6015
3.29248
3.82018
2.8513
3.87536
1.44564
3.71728
3.63836
2.28104
1.97002
3.61526
2.35995
2.96431
2.80242
1.88031
3.27339
2.33705
1.82678
2.03898
3.85896
2.46111
0.890227
1.19122
0.751871
2.75082
2.29846
3.5815
2.82691
1.28717
2.4822
3.92262
1.42046
1.03966
2.96182
2.85182
2.63009
3.56214
2.58884
3.5763
3.79507
3.25989
2.22119
3.3264
1.75751
2.57832
3.05743
2.07643
2.27579
3.49304
0.251434
4.79924
2.0388
1.19483
2.21049
0.59878
3.41683
2.87392
3.56208
2.57364
2.42509
0.913872
2.34055
2.01873
1.35365
3.18328
0.752047
2.49412
3.32897
2.08187
4.72243
2.37515
2.82285
2.48068
1.56273
3.40808
3.36749
2.93483
3.07755
1.76896
3.65255
3.29914
4.16988
1.45706
2.4046
2.1981
1.63952
3.92652
1.53421
2.13317
3.33373
2.16066
1.88107
3.19021
1.56939
2.37405
1.22286
2.18267
1.00797
2.13374
2.45249
2.56489
2.06586
1.3688
1.67872
2.97551
1.33957
1.3924
3.33988
3.13638
1.57291
3.39807
2.0335
2.00768
2.75735
2.25403
1.23334
1.21058
3.19286
1.68974
3.3361
2.13445
1.86123
1.57116
1.63661
1.66767
3.45405
2.15042
2.14588
1.6788
2.30007
2.36301
1.35917
1.24405
2.46681
3.19472
3.59348
2.38406
2.23856
2.20033
1.56353
2.54414
2.48549
1.48581
2.44524
2.03172
2.24891
2.93588
3.14144
2.89545
4.76928
2.29929
2.3099
1.91474
2.15134
2.06225
2.69761
2.13109
1.93733
3.6499
2.02497
1.12101
0.423071
4.75237
2.23023
2.39277
0.192108
0.976457
2.82031
0.919409
1.8697
1.01236
1.69336
1.78929
3.2869
2.23006
3.25976
2.59213
2.79439
2.03789
3.07051
1.03091
3.0688
2.10528
2.66828
1.97168
2.81706
3.03002
2.13651
0.936807
2.49788
1.55635
1.33874
2.57438
3.69487
2.8167
2.70577
2.44725
1.33281
1.46778
3.84157
3.19831
2.98876
3.25884
3.28898
1.91996
1.37502
1.13243
3.43696
2.14751
2.56158
2.74474
3.41303
1.33559
3.02734
2.07878
1.80944
1.50483
4.24975
2.28129
1.94645
0.0816787
1.13785
1.46978
1.53277
2.00638
1.88733
3.4774
2.56657
1.86717
2.37299
2.75232
2.46995
1.44994
2.17434
1.90208
1.21213
0.618561
1.07891
2.91739
3.3833
2.43918
1.61877
3.62137
3.64973
2.35061
2.57622
2.5836
1.63304
2.4729
2.57308
2.11393
0.833368
2.79824
2.73094
2.53538
0.879903
1.31907
2.98482
1.966
2.36124
3.73727
2.60723
1.55168
1.10969
2.40764
1.32177
1.00383
1.05359
1.71282
2.18949
2.09328
2.7209
2.63646
2.63232
1.85734
3.15549
2.62923
3.02442
3.32312
2.15384
1.94061
3.32432
3.23502
4.0572
0.866828
1.84382
1.8825
2.77686
1.68391
2.67503
2.13087
2.10539
3.03036
3.13153
2.8446
2.66669
2.95913
2.39549
2.48361
2.25238
1.53939
2.69134
1.70176
2.30444
1.65292
3.43906
1.73228
1.51405
1.18221
1.58446
2.48251
3.61404
1.69775
4.66022
2.66307
2.48708
3.3687
3.28994
2.38605
1.48479
1.54625
3.13667
3.11321
2.3157
2.19377
2.62152
2.0386
1.02359
3.2904
2.27035
2.83842
2.47695
2.94768
2.81298
0.691117
4.08101
1.02256
3.2087
2.53112
1.20622
0.261566
1.45968
2.05734
3.60453
2.06373
2.43406
2.90753
3.47607
1.93006
1.02394
2.14344
2.08043
2.77231
1.66344
3.88327
2.57954
2.88448
2.92033
3.31588
1.13407
2.91522
2.64671
3.03913
2.76148
1.35727
2.46339
1.64609
2.58242
3.44457
1.69139
0.662742
2.14028
1.45366
2.37925
2.91672
2.80428
3.76735
1.77275
1.32499
4.04038
1.97627
1.97167
2.27501
2.64939
1.89335
2.73897
3.24749
2.51874
0.890785
3.88701
2.34853
1.20841
1.17026
3.47139
1.7312
2.36377
2.39176
4.03525
1.50842
2.38191
1.83696
3.6913
3.02111
1.84024
4.23253
2.59537
1.85068
1.59543
2.20291
1.71291
2.07381
4.41376
2.20599
4.15084
4.07282
3.15155
1.28516
1.57079
1.52905
1.15909
1.67297
3.08343
4.51654
2.04612
0.926309
1.74696
2.2089
1.96822
1.59335
0.552329
2.71206
1.67561
2.41186
3.48495
2.76898
1.12205
3.39007
1.8389
2.7389
0.391681
2.28414
0.711429
3.14785
3.08662
3.61384
3.1092
3.90878
2.24533
2.40785
2.84498
2.23347
2.40835
1.96433
2.09843
3.05913
1.29457
2.49165
3.26491
3.12392
2.37322
3.43663
2.40267
3.43409
3.06267
2.10643
0.656185
2.26901
2.54687
3.99498
0.922055
1.77323
1.7296
2.62877
1.01122
3.95016
2.77286
1.67435
2.29315
2.98129
2.66139
3.41615
2.93311
2.09876
2.05919
1.80474
0.956361
2.33367
2.45569
2.00399
0.914891
1.76083
2.47682
3.43785
1.78862
1.55048
3.55802
2.62085
1.71581
1.37081
2.51748
2.75671
3.19364
2.70145
2.15846
2.86915
1.72036
1.80444
2.76698
2.58667
2.17324
1.87331
2.26096
3.59342
3.25414
2.32636
4.15482
3.32697
2.94632
3.00668
4.03256
2.33499
2.43268
1.60949
2.55739
2.84254
2.63257
4.45149
2.66778
3.51274
1.24925
2.30504
1.36262
2.92737
4.71604
3.21983
2.82677
3.23167
3.08137
1.1344
2.0254
3.76965
2.4162
2.6189
4.12525
1.44218
1.85512
2.12494
2.72217
2.5205
1.13369
1.30205
3.20613
2.4477
2.53197
4.00451
2.76525
0.899788
1.41228
3.9199
2.79593
2.73282
1.73139
2.40249
1.95752
2.34602
2.68717
2.47433
3.25343
1.3752
1.32693
3.59979
3.42228
1.89719
2.51883
2.91542
1.62816
1.92633
2.95906
2.24061
2.00543
2.67345
0.764092
3.00645
2.74033
4.44566
2.56018
2.06633
1.56033
3.3975
1.91944
1.82431
2.90772
2.88818
3.27596
3.31932
2.87278
1.37605
3.35067
2.35962
1.24626
1.43714
2.70449
3.20282
1.89618
2.30413
3.51618
1.70597
0.821927
2.0774
3.09136
1.15904
2.82341
3.34054
2.84441
3.43551
1.75557
1.73871
2.07398
3.55735
2.46991
2.78785
3.38125
1.56982
1.51585
2.02839
4.18119
3.36101
2.47806
2.0265
2.0929
1.10483
2.08486
3.07232
2.45401
1.2158
2.61182
2.70423
1.93927
3.63381
2.06682
2.27108
2.08348
3.00405
1.68262
2.51818
2.00023
2.99931
1.19335
3.86393
1.09894
3.9829
3.09405
2.93733
1.58621
0.812237
3.32451
2.20944
3.91972
2.01049
0.528556
0.555737
2.12903
1.27271
2.50629
3.27564
3.27564
3.26361
2.815
2.1724
3.77282
2.40497
1.11595
3.4086
2.9781
3.55569
3.07648
3.09851
4.04727
2.8827
3.6741
2.67931
2.12345
2.63258
0.531593
3.33153
1.94453
2.94679
1.31867
3.14515
2.67296
2.71794
1.93903
3.14755
2.25048
2.103
1.64976
3.46418
0.67642
1.5302
2.1297
1.95448
3.76356
3.15522
1.48743
3.84954
2.354
2.3622
1.01593
1.30287
4.23086
3.50109
2.51647
0.956765
2.10183
2.99081
2.11135
3.41412
2.90802
2.65916
3.23122
2.52696
2.66578
2.88219
1.82771
1.29747
2.57151
3.50121
3.06203
2.3621
1.91113
1.51169
3.64632
1.22449
1.76049
1.69949
2.82553
1.35317
2.96931
1.71695
3.16729
2.17746
3.77386
1.3255
3.5008
1.17538
2.61831
2.4344
3.19821
3.76847
3.12248
4.08768
2.1133
2.22908
2.95271
2.28718
2.72412
3.20216
2.9237
2.97766
2.36377
3.68933
2.84293
2.86816
1.7629
1.77234
2.1078
3.15003
2.94256
2.23945
0.43207
1.61306
2.1798
1.16006
2.90782
4.3292
2.99152
2.75579
2.70932
2.07468
3.48409
2.38676
3.54276
2.07538
2.05286
2.35762
2.36815
3.25126
3.33041
2.17304
2.85963
1.79849
2.45632
2.71621
3.03572
3.77649
4.51275
1.87624
5.58054
2.18162
3.96575
1.72791
3.11015
2.86055
2.1677
2.59294
3.39866
2.20244
3.57773
2.67013
2.95886
3.01332
2.04203
2.20855
1.99229
2.01534
1.40183
3.94299
2.73873
3.16211
2.79428
2.57293
4.04474
2.9778
1.90924
3.3844
2.39722
2.36973
2.66769
2.14253
2.82135
2.4072
3.18997
2.67156
2.17732
2.36262
2.59075
2.42783
2.00772
2.58139
2.07691
2.638
2.7734
2.18512
2.10531
3.34693
3.39895
2.1242
1.6423
0.928398
1.63149
3.09809
2.67855
2.4393
2.5655
1.29692
2.21717
2.28965
3.35983
2.59775
1.71876
3.65153
3.68794
1.93277
2.96043
2.04915
0.783654
3.14818
3.54669
3.32538
2.70547
1.66403
0.863086
2.82832
1.75812
2.07749
0.99902
2.69076
1.56564
3.0299
2.80186
1.25004
1.73785
1.48674
4.38427
2.29417
1.51324
2.81572
1.3853
0.802497
2.47044
1.43349
3.28351
3.82273
1.72824
0.854877
1.89494
2.79709
0.964817
2.7
3.0082
2.37893
1.88755
2.90738
1.3098
1.80936
2.60409
2.04561
2.86109
1.66278
3.26951
2.85821
1.61333
2.81913
1.77779
4.03749
1.98397
1.6655
0.36236
2.15218
0.444687
0.297643
2.47769
2.77934
2.36691
1.9781
1.57854
4.21654
3.81987
2.464
1.05831
3.23771
1.70675
3.5908
2.76134
3.19715
2.60925
3.12352
2.96397
2.1989
2.42259
2.56393
2.78739
1.81223
2.25922
2.44358
2.77113
2.52245
3.87805
2.36667
4.14829
5.34627
2.63966
1.37657
1.27747
4.13683
2.94733
2.34991
3.92335
4.02581
3.48156
1.28385
3.1847
2.55238
2.3975
1.66097
2.75118
1.02855
1.89663
2.67908
2.41224
2.39767
2.22977
2.69084
2.34079
2.26186
2.24447
2.60234
1.9387
0.886754
3.15148
3.9376
1.50243
2.33647
0.798775
1.60977
2.36231
2.00604
0.898586
0.917762
2.82741
2.74046
2.28202
2.47043
3.12597
1.95064
2.83782
3.47424
4.32579
2.38749
1.43569
0.821895
2.51881
2.54306
1.47225
3.077
2.57329
2.01326
2.93891
1.87931
3.12545
1.2266
2.94459
1.393
3.17751
2.88987
2.42704
2.78129
2.72559
2.74414
3.7764
2.8525
3.40158
1.83057
0.827292
2.44785
1.05791
2.12593
3.61668
4.4397
4.00008
3.48562
1.94046
1.4412
2.15163
1.96708
3.29803
2.29001
2.24761
1.5008
2.93739
2.73664
1.89485
3.22444
3.232
3.67777
2.30931
2.64482
1.41034
1.39383
4.02941
1.9545
-0.431376
2.64753
1.88994
1.32603
2.06576
2.37175
2.21066
1.6646
3.45101
1.80256
2.64123
2.58144
1.5342
1.58604
3.6232
3.35256
2.18748
2.84717
2.06179
2.29456
2.44053
3.47167
2.25628
1.45776
2.83473
2.45148
1.87941
2.30698
3.13416
2.69241
3.75085
3.54153
3.52279
1.26461
3.12091
1.61196
2.30984
2.70525
1.11165
3.46472
3.13605
2.76777
3.09224
2.28239
2.16787
2.37111
3.23714
2.02337
1.62644
2.59702
2.03603
0.5976
3.51875
3.54996
4.18926
2.78952
2.33446
1.49887
3.38483
3.99957
2.95863
2.82891
0.758781
2.9318
1.84669
1.34007
2.63948
1.5131
2.70702
1.99431
1.91001
1.76135
1.34558
3.6878
3.37278
1.01358
1.62395
2.8885
2.89353
1.03796
2.77772
2.89399
2.25653
3.56273
3.47255
3.50824
1.73329
1.52637
1.94984
1.89976
0.57605
2.25904
1.78084
1.14216
1.97707
2.01755
3.31101
3.16634
2.98397
1.921
2.81113
2.14486
1.08251
2.98181
2.79861
3.32711
2.47547
2.05346
2.29228
1.89987
2.9252
2.3781
1.56559
3.42896
2.53582
1.50881
2.034
3.14275
3.43871
2.06194
2.80298
2.44093
2.85186
2.22504
2.07532
3.09965
1.55487
3.82337
1.133
2.36343
3.02087
2.4607
3.29749
2.44063
3.3938
3.80412
3.00054
2.43773
2.42723
1.99091
1.46589
2.15523
2.92592
2.61515
1.57205
3.1214
2.52428
2.13488
1.82328
2.81895
1.88948
3.10086
0.743982
1.14499
3.44606
1.8244
1.13252
3.20182
1.34156
2.57957
2.24291
3.11526
2.65691
3.16474
2.96786
1.41388
3.59696
2.32294
2.31688
1.15982
3.13223
1.80071
1.90382
2.63541
1.88451
3.36065
2.41362
2.21046
4.29583
3.50123
0.801349
2.87791
3.29572
1.23925
2.76649
2.23156
4.124
2.242
2.5673
1.50665
1.68379
1.92085
2.99299
1.99404
2.87679
1.35108
1.72034
1.58478
1.78241
2.29536
2.79697
1.93352
1.01561
2.96494
2.14665
2.63985
1.26294
2.3059
1.87848
1.34035
1.372
2.87531
2.99471
2.6232
3.48308
2.78866
2.87966
1.45934
1.31283
2.01022
3.25395
2.04352
2.80559
2.75325
3.30381
2.42703
2.16675
2.35061
2.09988
2.95774
1.41928
2.89168
3.2723
2.49155
2.56146
3.79364
2.24867
1.96362
1.34503
3.53284
1.28485
2.22114
2.33393
3.54537
2.61905
2.12674
3.06562
1.74052
2.60391
2.0907
2.67113
1.1472
3.53116
1.17491
2.30364
2.61063
2.69202
2.83149
2.0208
3.16413
1.69239
3.25637
2.25488
1.34349
1.73301
2.816
3.19365
3.49804
1.33036
1.93178
2.90275
3.08462
2.17587
3.94724
2.40127
2.29908
4.84562
2.03885
3.48929
3.44574
4.42557
2.41962
2.95968
2.90507
3.28358
3.19197
2.01307
2.10224
0.185568
1.15431
3.39534
2.84993
2.10309
1.84963
1.74718
3.10992
3.23266
3.25649
2.83897
1.34336
2.44334
2.85797
2.38401
0.947265
2.63877
2.02369
3.50256
3.11292
4.19541
2.88234
3.06517
2.39656
2.39697
1.40465
2.58827
3.9266
3.31645
1.47221
3.8538
3.00467
2.6346
3.4699
3.23397
3.38597
4.04351
3.59109
3.44264
2.31405
1.96981
2.66832
2.30222
1.69066
1.98
1.69737
0.920305
3.505
3.42237
2.70465
3.1404
1.87208
1.66504
1.89033
2.46425
2.18069
2.80644
3.07118
1.38547
4.02747
3.7813
1.70457
2.64681
0.823106
0.75175
3.25692
3.83005
1.49292
1.65794
0.727404
2.6708
2.20142
1.73015
2.55644
2.3402
2.84001
1.83804
2.27696
1.27786
2.62035
2.48182
3.62735
1.54254
3.73824
2.1207
2.55921
2.08597
1.85577
2.92777
2.17504
0.95418
1.28243
2.39019
2.09843
2.12108
2.99534
2.86145
2.49232
2.95758
2.86079
3.78199
3.0499
3.88721
2.84294
2.68081
3.0241
2.37393
-0.701542
3.43181
1.58083
1.85389
2.38687
2.16739
1.58382
1.72713
2.53814
0.904068
1.04252
2.92667
2.93372
2.51861
2.88762
2.57824
1.60428
2.98204
2.59124
0.935274
3.19748
1.00965
1.57444
2.52976
3.90353
3.71144
1.18867
2.59749
2.31765
2.46841
2.68676
2.2633
1.45167
1.97368
2.84938
2.08244
2.74157
2.71982
3.73891
1.12329
2.44871
2.39224
3.08623
2.30838
3.32438
1.97459
1.24036
2.60189
3.3838
1.7701
3.84799
2.31056
0.652087
2.33884
3.87641
1.84803
3.35197
2.80176
2.43258
2.80465
1.55725
0.914402
1.50481
2.05748
1.97856
2.65028
2.74123
3.00255
1.72729
3.05064
2.99796
2.31268
2.60472
3.44748
0.491953
2.81202
2.88916
2.84578
4.34977
2.53315
2.77561
2.68411
0.667795
2.5421
2.72937
3.21847
2.4658
0.683451
1.71848
2.32318
3.08591
3.45444
1.52537
2.41859
2.76428
2.6444
0.614829
3.69375
3.25864
2.92757
3.60365
1.66585
2.82002
3.0676
2.48436
1.93075
3.34998
3.56894
2.55521
2.89164
2.11687
3.22791
3.19203
1.91299
1.91856
1.94877
1.49573
0.905167
3.28231
2.60859
3.21963
2.40127
1.48394
2.42969
2.68852
2.74749
2.73545
1.88634
3.0457
2.84314
1.78514
0.882373
0.753292
1.77362
2.38607
2.46605
0.446466
1.10088
2.41182
1.90033
2.83788
2.81634
2.8382
2.30092
2.03252
2.2411
3.93537
2.65206
1.26978
2.67247
2.39369
2.97136
2.16765
2.37141
2.56752
2.55428
1.87551
2.95357
1.79021
1.73242
3.16548
1.01442
2.89663
2.5188
2.13645
2.39177
2.38326
2.7504
2.43488
3.21065
1.9829
3.74302
2.0255
2.40048
2.85621
4.12081
0.991633
2.80284
1.64678
1.72914
2.80925
1.51194
1.41975
1.49002
2.5731
1.63128
3.189
1.92432
1.45002
2.89735
3.49667
2.30129
2.87391
3.85589
2.02985
2.60034
0.941699
2.5145
2.15535
2.79119
3.24523
2.07099
3.1145
2.03588
1.1925
1.47198
2.6269
1.60548
1.71231
3.67009
2.14401
2.63535
1.12947
2.26363
3.07002
2.1477
2.19678
3.34606
2.94263
2.07121
2.28269
3.23616
2.22893
1.74911
0.911152
2.15932
1.79928
2.56486
3.65621
1.89909
1.85616
4.12796
1.84726
2.70807
3.01376
2.8798
2.31137
2.29006
2.00722
2.24888
1.31219
1.44759
2.19437
2.2895
1.42623
3.66924
2.48105
1.3354
1.03194
1.26202
1.99549
3.33887
3.49092
1.98036
2.42001
2.47862
2.89297
2.03732
3.03165
2.6627
3.02122
3.63163
1.7854
2.64559
3.18872
2.60098
1.50181
1.94678
2.94161
2.69142
2.49083
2.05126
2.48123
3.16634
2.73544
1.13094
2.72779
2.73204
1.63728
2.04498
1.09487
1.34291
2.39414
3.28021
2.3438
3.51067
2.53259
2.31696
0.99049
2.46937
2.44554
1.62433
1.66661
2.54442
2.05745
2.19387
1.43398
3.17684
1.77975
2.62158
2.04892
3.32913
3.45249
2.90586
2.90902
2.55727
2.66537
2.05836
3.32128
1.91921
1.72566
2.82015
1.5856
3.04801
1.67251
2.14733
1.89705
2.55324
2.34168
3.3432
3.50342
4.21689
2.98674
2.65662
4.53744
3.13896
2.47253
0.273918
3.96421
1.57843
0.682266
2.80497
1.32889
0.906436
2.67493
3.55526
1.92448
2.63069
1.85735
1.98878
0.491343
2.21934
1.75422
3.09863
1.46656
2.66864
2.25744
2.1686
3.70241
1.47808
3.29695
4.23589
1.83693
3.93294
1.24755
1.14308
1.43699
1.85489
2.06895
3.52131
2.94753
2.3275
1.87251
2.30476
3.06162
2.23229
3.00351
1.81686
1.3374
2.85198
2.67027
3.4699
3.27141
1.68439
2.67271
2.68295
3.6776
1.47364
3.8415
0.850471
2.39445
3.05623
2.49445
1.59248
2.92525
2.83926
2.34072
1.62506
2.62417
2.81974
3.36712
2.81813
1.04189
2.7816
1.79664
2.41379
3.61897
2.41845
3.25118
3.10453
3.44236
3.28428
1.60685
2.03615
2.55378
2.2331
3.53787
2.87238
3.07601
3.45228
3.23898
4.79838
2.53579
3.38043
1.99359
3.70169
0.39013
2.63193
1.7382
2.89984
2.89569
2.43558
2.05042
2.66662
2.80993
1.12008
1.92259
3.84822
3.6159
3.22938
3.36848
2.74606
2.97418
2.2934
3.56887
2.30495
1.77981
2.99079
2.50095
2.86546
2.07792
1.02152
3.08899
1.80479
2.77829
2.9458
3.55427
3.50523
2.17697
2.29291
3.56133
2.417
4.33146
0.371803
3.69345
2.70327
2.511
3.66523
2.77765
1.62466
2.80264
1.92276
2.18328
3.11167
3.07192
3.6108
2.70055
3.36572
4.27159
1.59768
3.02309
0.737164
2.26162
1.9858
2.61684
1.00162
1.30607
1.57423
1.5316
2.15991
2.87981
1.14565
1.23922
1.75781
3.0882
4.22147
2.20669
2.64734
1.42282
1.56462
2.72276
3.25129
2.51082
2.76152
3.02129
0.803699
1.95694
3.58828
1.91232
3.74864
2.79359
2.06315
2.40304
3.48702
2.61953
0.717175
3.33279
2.89018
0.468494
0.465404
1.44788
1.22366
3.28022
4.21179
1.7169
2.24752
2.48087
2.3914
1.73533
2.40159
1.71045
2.69957
2.18775
1.44563
1.29252
1.37924
1.56068
2.60552
3.59011
2.94133
2.4744
1.8461
1.58883
2.28071
3.78058
3.18518
2.26664
1.1515
1.15573
1.80304
2.54727
2.17708
2.40975
2.65722
2.94154
0.960578
2.14474
2.43014
3.08706
4.40481
2.48373
2.52474
2.35603
1.81199
3.48768
0.0164125
2.29345
1.91872
1.75652
2.19013
3.59652
2.99352
1.35044
1.29235
2.24164
1.48874
1.37009
1.65931
3.09302
1.11341
1.83768
3.16909
1.80374
2.62276
0.518632
2.65915
2.19989
2.68715
1.039
3.16596
1.56308
2.49074
2.47273
3.05723
3.00613
2.20766
4.199
3.3877
2.10682
2.56015
1.98072
2.17506
2.39878
2.24884
3.78283
0.993435
2.50456
0.825288
0.887567
2.05197
3.43878
1.81404
2.87011
3.07176
2.0435
2.02503
3.41439
1.78341
2.11801
2.87347
1.89254
3.51529
2.85892
2.80456
2.54107
1.49264
3.61971
2.42939
1.41991
3.00681
0.758549
2.62192
2.77966
0.89643
2.37819
0.976771
1.61736
3.8306
1.70949
3.59133
3.25853
4.12336
3.30407
0.121527
2.14525
1.41099
1.87246
2.39501
2.1
3.14832
3.86144
3.26445
1.20504
2.42201
2.92006
2.9038
1.77409
1.3411
2.34314
3.19418
2.32757
2.09624
1.09516
3.19229
3.16805
1.9658
1.96884
1.26395
2.64125
4.20442
1.69999
1.8262
2.80641
2.24324
3.24494
1.4551
1.64954
2.07388
1.872
2.79387
2.16473
3.17253
2.53889
3.48636
3.22739
2.29787
3.91279
1.71824
2.75772
2.88584
3.62831
1.41347
1.32704
1.18046
3.29366
2.62485
2.11707
1.85687
2.59399
3.0191
2.27222
2.55855
1.45869
1.76191
0.892309
2.73797
2.7033
1.91602
2.06724
3.38173
2.5512
2.99898
3.32924
1.96845
2.87629
2.9518
1.99323
2.11747
2.47873
2.70061
2.96753
1.93823
2.13593
3.18575
3.19069
3.08512
0.77633
2.12415
2.04769
2.42392
1.21823
1.58463
3.08118
1.53302
2.23424
4.22497
2.12296
2.23898
1.05079
2.92047
1.62519
4.32696
3.23885
2.7689
1.38643
3.7136
2.63282
1.3812
3.4353
3.93968
2.99949
3.96774
3.2121
3.02916
2.31511
3.51457
1.04892
3.56282
2.97126
2.6174
2.29574
3.20085
0.87417
1.15122
1.6562
1.93526
4.3437
1.82452
1.77143
1.7858
3.48561
1.75437
1.06659
3.26195
3.06617
1.68666
3.64552
3.24509
1.38248
3.69472
2.1076
1.61303
3.07871
2.77586
3.82859
2.17324
2.46204
1.95478
3.07028
2.75671
3.03913
1.87755
2.56889
2.1785
2.78212
1.71521
1.45142
1.24015
3.60901
4.10707
2.43777
0.746853
2.14922
3.20022
3.26331
3.08853
1.62256
0.283351
1.22083
2.91181
0.786759
2.33596
1.8386
3.51314
2.02495
1.58305
2.85496
1.83512
4.54831
3.51549
3.54173
3.56356
1.57795
1.59912
2.64408
1.64128
2.26534
2.28288
2.68432
3.15804
3.37546
1.30591
1.77735
1.56108
3.19189
2.65251
0.66003
3.44597
2.20362
3.15187
1.75814
2.04756
0.657887
2.53632
1.3114
2.76381
1.62431
2.55945
2.10958
2.20229
1.84229
1.55328
3.34314
1.26191
3.10916
2.10323
2.91583
2.21982
1.24251
1.72205
1.91109
4.33658
2.97934
2.17006
3.2493
2.69238
2.0913
3.00676
2.1944
2.82198
2.59044
2.2361
2.65796
2.92125
3.19189
3.42764
2.40048
2.19805
3.23789
2.73953
2.12555
2.88976
2.49936
1.69198
3.22797
0.728849
3.31919
2.7943
2.32568
1.76712
2.54072
3.1147
1.75957
1.29718
0.127438
3.50554
1.55101
3.01989
1.71908
2.48943
2.89644
1.00335
2.64666
1.18545
3.15761
2.55056
2.48177
2.89533
2.35991
3.32494
2.44928
1.6963
3.01925
3.32634
2.40873
2.49918
2.14003
2.51267
1.4739
3.48085
2.27485
2.16553
2.43223
2.64614
2.36403
3.15419
3.7338
1.88799
3.81205
3.11643
2.07108
2.79491
4.09287
2.99007
2.20515
2.06278
2.61344
0.74231
2.88439
3.04744
1.89763
0.75447
2.23184
2.78551
2.36274
2.11692
1.57261
3.88563
0.274212
1.96827
2.29248
2.85463
2.9853
3.79966
3.01586
3.18942
1.48498
3.63199
2.40089
3.25406
3.49668
2.46741
1.80585
3.67097
2.76286
1.1367
2.09667
2.70557
3.4515
2.45776
2.52002
1.90116
2.27185
3.17421
1.35179
1.46659
2.47048
0.676358
2.62041
1.95827
1.67826
1.59232
2.26946
3.17049
1.65399
3.29039
1.64057
3.14009
3.17071
2.2415
1.99625
1.85092
1.76437
3.75222
2.02561
1.86856
3.55195
2.46371
2.66103
2.55631
3.01286
1.35058
1.71615
2.27987
2.21673
0.888984
2.45758
4.25943
0.405371
2.3596
1.80917
3.62662
1.95921
3.00086
3.23231
2.9255
3.7756
2.06451
1.60259
3.09366
1.91316
2.7054
2.94199
2.7745
2.02897
3.48892
3.65774
1.61176
2.18987
2.59905
2.55654
3.69533
2.35771
1.00597
1.83629
1.88186
2.01687
3.68036
2.72136
1.93337
3.27922
0.49509
1.88115
2.12108
1.51187
4.07571
3.29774
1.81744
2.09334
3.68271
3.124
1.86022
2.06225
0.389641
4.85437
1.74091
2.09118
1.60924
2.48962
2.05964
2.1026
1.75081
3.09599
3.08372
1.7479
3.38416
1.86425
1.78165
2.11471
1.54217
3.25147
1.88659
2.96239
3.01189
0.280008
2.9954
4.17153
1.88638
3.02659
2.5006
1.38199
2.22945
2.3943
3.84725
2.62829
2.20176
2.48179
2.35973
3.04666
2.76435
2.52136
3.35351
2.26363
3.52663
2.28701
2.00563
1.28965
1.94582
2.12714
2.62027
2.64699
1.36792
2.87363
3.4514
3.34051
0.886519
3.50538
1.0873
2.44774
2.0064
1.94858
2.57447
1.66359
2.14599
2.23639
3.05686
2.48803
4.0155
1.78102
3.29789
1.94617
1.88232
1.72611
2.41513
2.88848
2.94256
2.42663
2.71859
2.90929
2.9049
3.1205
1.97857
2.90361
2.61146
2.17484
2.58668
3.21988
3.37538
1.67241
4.09705
1.6858
1.89836
2.8201
1.00211
0.91359
1.72373
2.17376
0.936221
2.42353
2.24623
3.19645
2.42419
2.03777
1.73973
3.74216
3.08992
2.21235
2.19569
1.30654
2.44392
3.9928
2.92995
2.63599
2.84527
2.41822
3.52598
2.13767
1.73285
3.35501
0.261225
2.36142
2.14828
3.99913
2.47135
1.30179
1.95826
1.91348
2.54551
2.43483
1.28944
3.25498
2.60806
0.894594
1.72163
3.57266
1.59578
2.35057
1.22948
2.31374
1.99688
1.69565
2.0227
2.04277
3.00793
1.96594
3.33812
2.27657
2.99129
2.46917
2.10269
2.38639
2.86933
2.10998
2.29354
2.35116
1.8886
0.236773
2.37401
2.04069
-0.629312
2.20984
2.80294
1.68505
1.38967
1.92752
3.7072
0.258254
2.53753
2.79864
3.02794
3.55081
2.06345
3.58309
1.90342
3.78325
2.192
2.19948
2.85498
4.26383
2.30396
2.99318
4.88335
2.86695
2.82722
1.53154
1.44176
2.71565
2.56525
2.28066
3.19073
3.17358
2.96336
1.06386
1.22717
1.75612
1.86699
0.887013
2.98735
1.68734
2.01169
2.06665
3.24167
2.53469
2.42599
3.22898
1.53648
2.18085
2.02053
2.86476
3.34613
0.301489
3.45766
3.0294
2.64231
2.33353
2.97022
2.8402
2.11588
2.82393
3.57817
2.55981
2.0365
3.30825
2.81042
1.81202
2.18815
0.345647
2.64599
2.07042
3.04208
2.12666
2.92857
1.29933
1.90306
4.0092
1.86774
1.44442
1.71874
0.423599
1.89726
2.74512
2.52319
2.10974
3.64149
3.4271
2.28636
2.90538
1.14335
3.01835
2.61938
3.34578
2.34646
4.61737
3.23566
2.61035
3.25843
2.17716
2.36021
2.9426
2.20285
1.54808
1.44563
2.55459
1.63248
2.99517
2.18998
1.96214
3.88039
1.89793
2.12919
1.88723
3.47973
3.17717
2.48079
2.51549
2.18645
3.30993
2.82643
1.13432
4.3326
2.94184
2.01855
1.55529
1.64558
2.37273
1.94984
1.3362
3.09127
2.7049
2.27585
1.98755
2.0795
2.33823
2.52219
3.31132
1.92422
4.84339
1.9896
2.31587
0.629343
3.14694
1.40005
1.89563
1.94425
2.4408
2.52617
1.90161
0.990178
3.70032
2.49077
2.69809
2.26686
3.15557
1.73824
3.26088
2.13593
2.10016
2.04458
1.96679
1.22493
2.15855
2.67793
2.27713
3.87147
2.23
3.12012
1.83592
3.22998
2.3517
1.32719
3.09791
3.28264
3.83925
1.59869
2.19397
1.70496
1.83461
1.39348
2.39985
2.54363
0.555448
2.62405
2.11558
3.19441
2.00146
2.90348
1.89969
1.33745
1.85857
2.28691
2.57861
1.40399
1.41532
1.35187
3.49879
3.21304
1.7915
2.55249
1.89609
2.29612
1.78149
2.05272
1.32949
1.60085
3.04003
1.50131
2.01861
2.684
2.16664
1.9152
3.21324
1.10725
2.43038
2.15934
1.46125
4.58037
2.41158
3.5557
2.63204
3.01042
3.07687
3.02675
3.51569
2.50987
1.94684
2.03338
2.01738
1.45634
3.68577
3.03344
3.93044
1.74957
2.41551
3.11317
2.50883
3.9652
3.68316
1.69723
1.32875
3.14069
3.28941
2.70053
2.27258
3.39974
1.29315
1.29697
1.78717
2.37184
1.90568
1.532
3.18163
2.81586
2.06237
2.54446
2.89703
2.42926
2.01143
1.03517
3.9564
1.85712
3.56444
1.82968
2.06458
2.89024
2.20432
2.2538
3.73877
3.03869
2.0888
0.869281
1.02101
2.69251
1.65647
2.52499
1.10352
4.06123
2.1376
3.67024
3.45298
1.45522
2.80253
2.66137
2.73255
1.48655
1.51047
2.41158
5.27025
3.06789
3.85032
2.41383
3.46152
3.01072
1.6529
1.39565
1.59026
2.82003
3.68216
1.80684
2.698
3.08865
1.16866
3.80933
1.56588
1.82666
3.35383
3.10051
1.80382
1.95166
2.35344
1.63149
2.61169
3.30807
1.97056
1.6309
1.44817
4.20365
1.85334
2.42627
2.03614
2.50628
3.38615
2.52657
3.49167
1.77051
1.83907
2.09008
3.27858
3.44253
4.11956
2.29889
2.38293
1.68439
1.16713
1.78173
2.63396
1.87844
2.96752
2.45776
3.66335
2.50825
2.00314
1.38708
1.51691
3.2284
1.83232
3.53132
1.61716
1.76631
2.75483
2.84171
1.76351
0.538513
2.59273
2.74508
3.79573
2.42271
2.13676
1.65319
1.89701
4.14839
2.513
2.67974
2.6803
1.75164
3.46203
1.09089
1.51519
2.12961
2.85729
3.83326
1.09359
2.6951
2.32559
1.8511
3.32058
1.79359
3.4789
3.19245
1.54762
0.862924
3.73821
2.31092
1.86439
2.28876
2.69964
3.31473
1.63726
0.918167
2.44738
1.75866
3.41667
1.62703
1.48719
2.66017
1.83521
2.09866
2.0934
2.72569
2.46005
3.19242
1.51543
1.63742
1.79861
1.07449
2.60275
2.32266
2.37655
2.28321
2.48818
3.01195
2.01558
2.77583
2.07486
2.93621
2.4706
2.12571
4.25829
2.17218
2.27954
2.10316
3.38316
2.71426
1.95686
1.54761
2.36962
1.2541
3.17743
2.17674
1.98799
2.8091
2.74833
2.72329
2.88959
3.51057
3.52847
3.15866
2.04989
0.792472
3.52093
3.33945
1.30983
3.46849
3.19807
2.29235
3.36661
3.81544
0.790085
2.35262
2.98403
2.14095
1.42873
1.95377
1.61144
1.83921
2.849
2.79944
2.29077
2.28753
2.6577
2.58075
2.44126
1.94653
2.26639
0.851175
3.42748
2.55667
1.89799
2.06688
2.92835
1.69668
2.05728
3.02158
2.89945
2.57047
2.67666
2.05305
2.20573
1.61656
0.781134
2.28734
0.823204
1.39981
1.28346
3.48409
2.79263
2.54366
1.84407
2.79029
0.0387975
3.47944
1.84925
1.88538
3.08215
2.7911
2.21636
2.80397
3.0536
1.23521
3.30892
2.94916
4.51219
2.75958
0.518484
4.02225
2.22322
2.15091
2.71059
1.95772
2.15232
2.77488
2.39709
3.35163
2.30422
2.43895
2.06822
2.38298
3.47948
2.16043
1.77495
2.06615
2.2975
1.87549
2.86173
3.6084
2.52784
2.64545
1.66081
2.30928
2.13158
2.75898
3.68076
2.72123
1.84692
3.97428
2.03534
2.61328
2.20338
1.93029
1.7698
2.56164
3.132
2.19178
2.79447
2.86957
3.04846
1.53526
1.247
1.88775
2.35964
2.71816
3.41954
2.80212
2.54622
2.58933
1.64488
1.07619
2.01161
1.76424
1.6221
1.13389
2.68739
2.33218
1.0944
2.67375
1.4541
1.35544
0.663379
3.77377
1.38006
4.49105
1.61843
1.19809
2.56182
2.823
1.6194
2.90217
1.32637
4.03426
3.07272
4.89616
-0.0876542
2.8528
0.446159
2.135
1.4861
2.02638
1.2395
2.31883
1.79904
2.47155
0.960598
2.75937
2.50085
1.80637
1.17184
3.67382
3.14232
3.6699
1.20362
1.77014
2.98225
1.98689
1.61756
3.65158
2.254
1.79971
3.8574
2.79373
2.48732
2.06648
2.3224
2.86838
2.33549
2.1996
2.93261
2.15764
1.4827
1.93249
1.2722
2.93843
2.42024
2.15103
3.07225
2.81615
1.85867
1.53188
3.07262
1.33683
1.91824
3.80589
0.804545
1.64305
3.82468
1.91369
2.57044
2.45614
2.57706
2.27244
2.28468
3.51466
1.59247
2.06629
2.24456
0.911131
1.60972
2.72985
1.69813
1.67713
1.35466
2.53297
3.6486
3.26863
2.62024
1.82124
4.26036
2.33306
2.34191
3.37053
2.69772
2.39143
2.26127
3.03224
2.58861
3.25
2.3303
0.64135
2.66364
3.30332
0.184307
2.08695
1.51376
2.42159
1.93624
1.61209
1.75435
2.10844
3.54875
2.26299
3.75714
2.70661
2.61186
3.61237
2.12979
3.74707
2.70398
1.83239
3.49416
2.41077
2.79229
1.91658
3.17802
2.53118
1.25247
3.54312
3.01415
2.28884
2.78077
2.16486
1.13071
2.93906
3.56228
2.97799
1.90077
2.05745
3.81241
2.31097
0.43122
2.8787
3.35564
1.34495
2.88174
2.73249
2.64731
2.27765
1.94886
1.19453
2.91536
2.57957
2.87385
3.16058
2.94729
2.22157
3.09163
2.11719
3.03741
2.08012
1.70681
2.161
3.04799
2.08194
2.19202
2.411
2.4372
1.90686
1.73501
2.0476
2.54254
2.59012
1.89641
2.26074
2.46009
2.10554
1.4638
1.0784
1.68822
2.79291
3.94219
3.91908
3.9671
2.70995
3.0437
2.48956
3.3412
2.46957
0.328782
3.48039
3.46492
1.32762
3.07441
1.83026
1.80153
1.67658
0.714523
3.30929
1.19684
1.24156
2.71885
2.20161
2.97925
0.339699
3.05905
2.01592
3.61648
1.87881
2.30446
2.3847
1.53994
2.45296
2.72429
3.56723
0.83883
3.03648
2.62569
2.76637
2.27223
3.33285
2.79155
3.73961
3.24365
1.24404
2.35256
3.72893
2.39472
2.37419
2.0461
2.55077
4.34635
2.93752
2.68652
1.83505
3.87363
3.66035
2.86183
2.34867
0.622209
3.37263
1.80142
2.81426
2.74386
2.23542
3.04149
1.6258
1.67364
2.66035
3.89261
2.40631
2.68824
3.4696
2.89314
2.64312
2.2679
3.28845
2.70176
2.84631
3.01842
4.14195
2.35403
4.34603
2.3956
4.10895
2.16911
0.792892
0.715404
0.3972
2.99473
1.52279
2.51521
1.79767
1.85616
1.4074
1.69663
3.19583
1.6393
3.22102
3.11152
2.1043
3.30796
2.72024
2.20087
2.40162
2.66433
2.61628
2.35368
2.4459
1.55126
1.12898
3.22836
2.86725
2.25761
2.26369
2.0648
2.60814
2.12633
2.30039
0.974194
3.32759
2.1369
2.15517
1.63294
1.96382
2.81523
2.90305
2.6195
2.72289
2.32852
2.08649
2.27974
2.71445
2.82392
2.55346
1.36463
2.98737
0.809783
3.83219
3.15347
3.56075
0.874713
2.95577
2.41457
2.97732
2.01599
3.4555
3.48055
2.15132
2.2471
3.33818
1.68078
2.34689
1.92311
1.74983
1.11636
1.39113
3.41382
3.77805
3.62038
4.04454
3.31225
3.00782
1.72809
3.71891
0.894492
1.43381
2.3228
1.63739
2.17012
2.66668
2.0971
3.4212
3.5684
2.66417
3.6164
2.21675
2.74899
1.16164
1.35585
3.2437
2.87418
4.35962
1.86872
3.16716
2.44602
1.73939
1.37949
3.42579
2.65305
3.08629
3.10277
4.10659
1.64736
1.38412
1.37874
2.63985
1.89248
1.66394
2.20031
1.81251
3.9514
2.34517
1.542
1.37451
2.76323
2.74453
1.42278
1.9885
3.19779
2.29145
3.11392
3.20275
3.38238
1.83399
3.26157
1.39696
2.17077
2.08599
2.38505
3.60075
0.507298
2.47441
3.21465
2.96169
2.79065
1.92953
2.10911
2.09908
1.57811
3.29869
1.93199
2.5043
1.91853
1.17632
2.31219
2.50824
2.71792
2.7086
1.26378
3.43297
2.59135
0.968369
3.27262
1.41621
2.26167
3.6144
2.43187
1.9643
3.16911
2.08997
3.93194
1.06905
2.34203
0.34919
2.41768
1.47659
2.2763
2.69791
1.78382
2.17619
1.8618
3.39626
3.3432
2.71876
2.99376
2.97719
2.31674
3.44137
2.40554
1.83109
2.10908
1.62602
2.77175
2.81619
1.78885
2.35062
2.47254
0.690268
2.27465
2.53849
3.081
1.65123
3.10301
1.02987
2.99153
2.74502
2.74029
3.84486
4.35118
1.69576
1.85501
2.27152
2.16878
1.28688
2.08074
1.34239
2.2662
2.96452
2.69875
1.60934
2.33759
3.29116
2.94308
2.44082
4.19194
2.88883
0.89368
1.80609
1.81994
3.17955
2.53755
3.07559
2.32211
1.56958
1.92854
1.03943
3.3262
2.96084
2.78289
1.31442
1.75282
3.43673
1.74102
1.5445
2.83257
2.28113
1.02047
4.20384
3.91594
3.85424
2.82687
3.32053
2.05974
3.18396
1.77214
2.51929
1.26321
3.55187
2.10355
0.976793
1.99133
2.76744
3.33685
4.92946
1.87226
1.71675
3.54352
1.80334
2.88615
1.89781
2.93323
1.71346
2.38904
4.34149
2.1496
2.78127
2.03276
1.94516
2.25043
2.01541
2.91425
3.00859
-0.344371
2.29582
3.14091
3.74524
2.8618
2.87786
3.29047
2.57057
1.02153
3.59091
2.12127
1.34562
2.10621
1.65136
1.51054
2.55156
3.08903
2.12342
2.07931
2.37769
2.65444
2.77166
3.06597
2.11045
2.90869
2.07845
2.51394
2.78036
4.45528
2.57069
0.59834
3.28268
3.00801
1.80435
3.83152
1.58606
1.38392
3.78373
1.90689
1.55948
2.29949
2.86774
2.44331
3.22656
3.04629
1.97615
2.05291
2.54263
3.95938
2.085
2.00036
1.50673
3.53042
1.13947
2.40297
1.59324
3.69139
2.17391
2.21941
2.33543
2.80463
2.82341
1.50763
2.71493
2.76143
2.47304
1.95214
3.60985
2.78515
0.721802
2.70762
2.70879
3.66709
2.76124
3.4664
2.64373
2.85341
2.11654
2.16618
1.35
2.46244
2.81985
2.2656
3.53737
2.61401
1.48012
3.17724
2.57801
2.8081
1.69073
1.56457
3.34385
2.73594
2.78502
1.49601
2.36221
2.05567
2.75047
1.60434
3.11984
1.9267
3.49264
2.28951
3.62962
3.17369
3.25605
2.17911
2.74034
2.63022
3.9732
2.95592
2.08282
2.84384
1.9011
1.87903
3.67488
3.81789
2.90298
2.55299
2.71732
1.66002
1.92152
1.22281
1.42884
0.101271
0.410866
2.3998
2.53105
3.0655
2.68347
1.58554
4.3312
2.12885
2.00091
2.20971
3.34571
1.62362
2.5346
1.98206
1.91095
1.57981
3.42094
2.60854
1.7472
3.30914
2.08321
3.77086
3.16504
2.99287
1.69976
1.53766
1.90292
3.76871
3.06908
3.48387
4.25145
2.80913
2.34162
2.27824
2.27611
2.21253
2.35758
2.05232
1.631
3.6074
2.52208
1.2779
3.03836
3.37533
1.64701
2.83511
2.29104
1.88102
3.73505
2.11185
2.94203
2.10568
2.84925
1.99893
2.35413
1.28058
2.7094
3.50003
1.61588
3.32512
2.70966
4.29959
3.5226
2.24462
2.6728
2.42961
2.31256
2.97502
0.568967
2.7478
2.5329
2.02869
2.59374
1.9867
3.92316
1.60855
2.49395
2.37812
2.63846
1.40298
2.58216
1.37479
1.38233
2.70222
4.00834
3.85171
1.72711
2.32042
3.0027
2.31982
3.11175
4.18678
3.33557
3.09766
1.28313
3.29228
2.2178
2.11245
1.26394
3.02432
2.45339
3.1029
2.33892
3.03146
1.41056
2.90437
2.24978
1.55281
2.61439
2.49077
2.709
2.25753
3.20995
3.20024
1.98651
2.51272
2.60639
2.02353
2.63134
2.55352
2.97294
2.70393
2.46428
3.22248
2.98084
1.46646
2.8334
2.2747
4.9585
2.21984
3.98412
1.58196
2.09326
1.93662
4.06982
1.60089
0.996501
2.62914
1.61007
2.46849
0.66286
2.46708
1.86268
2.94607
2.56978
3.49115
1.47382
2.02373
0.641952
3.17846
3.47379
2.23444
1.84331
2.36554
3.61786
1.46232
1.88228
2.21075
3.35482
2.60209
2.84955
5.29156
2.46195
2.7774
2.50458
3.18866
0.269107
3.36817
1.8606
2.7701
2.90631
3.80822
0.702285
2.87436
2.63843
2.9473
2.26543
3.65923
2.03436
3.19471
2.09252
3.68435
1.5783
3.52356
2.88833
3.32571
0.387019
2.21979
2.77505
1.80891
1.95818
2.16313
2.81604
2.50066
3.39728
2.42945
2.05463
2.38829
3.53802
2.36434
2.87832
1.93651
1.72541
3.03121
1.61572
2.41053
2.76568
3.80779
2.41945
2.8693
1.77166
2.27753
2.22933
2.96533
1.80842
2.08349
2.26463
3.4114
1.54383
2.50957
2.88977
3.07032
3.33417
1.70711
2.6278
3.48454
1.14977
2.24955
2.0568
0.835689
2.04963
3.36709
2.56268
1.4782
2.52639
3.3412
2.01124
3.73588
2.99773
4.0154
1.82317
2.81489
2.92671
3.34937
1.22194
2.0207
2.27921
1.52324
1.79921
3.18526
2.16276
0.846281
0.503969
3.21617
3.94172
1.9468
1.36216
2.76093
4.20656
3.40949
2.59275
3.24686
3.53905
3.54701
1.91776
2.31891
1.49397
3.86902
2.30005
1.71379
4.14742
3.31612
2.09966
2.64283
1.48829
0.412131
2.27699
3.12821
2.70181
3.50875
3.07862
1.76661
1.20309
4.09263
2.60219
3.03648
1.76448
2.22923
3.31572
1.65435
3.80666
3.575
2.21075
0.571961
3.37288
1.6476
2.40366
2.35607
2.32513
3.20712
1.92572
1.67897
2.00065
2.87482
2.03953
2.19812
2.99455
1.38117
2.14912
1.48012
2.38318
1.19305
2.45051
3.59215
2.65157
3.56506
2.26464
1.57434
2.5523
2.03782
3.38465
3.34083
1.76683
3.34951
1.89541
2.16782
3.41249
1.89205
2.93992
3.71522
0.83268
2.93531
2.39543
4.2189
1.66121
2.08068
3.46804
3.02456
1.54768
2.20262
3.34326
-0.178011
2.52343
2.11101
1.99812
2.37805
1.36181
0.984335
1.28532
2.23523
2.16648
1.77207
2.50464
3.48444
2.32056
1.99862
2.28125
1.79091
1.36998
4.50703
0.751623
3.72954
2.43156
2.44843
1.37553
2.58186
3.93842
1.22905
2.5762
2.69066
2.57862
0.340818
2.14962
2.15093
1.96941
2.85959
2.56607
1.69714
1.27684
2.68125
2.54313
2.79842
3.51772
2.4986
3.18881
3.43848
1.73212
2.07167
2.42627
2.77609
3.33592
3.36381
2.27265
2.0398
2.14332
2.13481
3.08769
3.35823
3.00511
3.674
2.87354
1.90338
3.12655
3.34495
3.48616
1.50393
2.495
0.828572
1.5009
3.34566
2.02617
3.34526
1.87995
2.2499
2.16626
1.71103
3.06164
2.74144
2.66434
1.55113
2.65612
2.66649
2.40899
0.915577
4.65609
2.45116
1.98969
3.70736
0.587456
0.978228
1.86038
3.71691
2.129
1.79254
2.02536
2.05517
1.8691
2.15204
1.27871
1.76019
1.77712
1.82403
3.05718
3.19148
2.06221
1.97174
2.11101
2.65039
1.27187
1.24074
3.07559
1.687
2.08314
2.06963
1.49887
3.69791
3.90542
1.48867
2.2709
4.36742
3.02186
3.19149
2.41392
3.30945
2.68779
1.51748
2.17079
1.68962
0.977035
1.35411
3.65549
0.70456
2.96735
3.80136
2.28295
1.74276
2.4178
2.24273
1.42991
3.55271
3.89427
1.45938
0.933317
1.45437
2.46426
1.41095
2.57236
3.20323
2.22907
1.67016
4.60633
3.8464
1.34462
3.13926
1.32002
2.16806
1.32105
2.48044
2.34358
2.19556
0.835151
2.92332
2.72471
3.35805
3.85152
2.68886
2.33229
1.60406
4.39678
2.46508
2.1487
0.727103
2.25487
2.05715
3.28593
2.9813
3.0171
2.67603
2.24893
1.10963
1.52668
2.02132
3.04967
1.70723
2.28644
2.96052
3.22935
2.21566
2.31834
2.40284
0.949849
2.93084
2.53333
3.40241
2.40651
2.71597
1.71742
3.38673
3.09037
2.28562
3.19329
1.8368
3.09957
0.951958
3.27562
2.3967
2.24575
2.83422
3.52144
1.07918
3.0016
2.74311
2.59719
1.00647
3.16579
1.6348
1.63803
1.73352
2.03196
2.46113
1.8967
2.5437
2.57173
3.80308
3.06038
2.73173
1.66362
2.52297
2.96721
2.20057
2.72179
1.53507
3.50423
3.7382
2.91035
1.28737
2.01427
2.40703
2.99685
3.22254
1.95447
2.51447
3.3775
1.62847
2.2977
2.75981
1.83288
3.0615
1.42543
3.08664
1.79819
2.96583
3.15735
2.71841
2.01526
1.91558
2.13126
2.61548
3.33414
2.11322
2.79369
2.8337
2.64257
4.09934
0.108925
3.08965
2.11251
0.779439
2.39971
2.08725
3.36282
2.23192
2.79291
2.15298
2.65734
2.4434
2.90527
2.48666
2.06283
2.08987
1.99594
3.03757
3.35951
1.64125
3.09731
2.86345
3.05298
2.45165
2.65711
2.32518
1.80948
3.92004
2.54481
2.24048
3.40494
1.28734
0.779791
2.08662
3.98688
2.68931
3.71746
2.93935
3.41035
2.55827
1.6967
1.36432
2.64065
2.80331
1.61929
3.72437
3.69245
0.687761
2.64768
3.32788
2.16779
1.86114
1.90021
1.56012
1.25743
2.43118
4.16861
2.12045
2.49516
2.02588
2.79235
1.98765
2.71944
3.58878
2.42616
2.64376
2.19115
2.98079
1.43716
3.69224
2.86944
1.22583
1.55433
2.16313
2.4591
2.81884
2.4928
1.2452
2.56723
1.77517
2.64505
2.66815
2.64097
2.74292
0.684105
1.07148
2.84377
2.15147
2.59193
2.32391
1.60236
2.61718
2.22348
1.54418
1.30224
2.85591
1.04313
2.51144
3.18077
2.71611
2.91736
1.66839
2.3821
2.52498
0.87484
1.44434
1.12614
2.23928
3.28729
3.40223
2.88529
2.13228
2.34282
2.71178
3.78242
2.72606
1.95782
2.29957
2.67759
2.68488
1.99729
3.16628
2.5206
2.76629
4.20591
3.44688
2.8509
2.04665
3.86569
3.07747
3.36039
2.13624
3.61722
2.36561
2.84258
0.77429
2.19145
2.81451
2.49695
1.8994
3.111
1.65563
2.90375
2.98564
3.44895
1.93861
2.47429
2.80896
2.49448
0.771243
1.90431
1.58184
1.61959
2.56933
3.69639
3.56887
1.18447
1.70758
1.33841
0.47618
1.83514
3.34898
2.4879
2.29442
3.1198
3.95998
1.67412
1.44813
2.89258
0.975639
2.78303
2.08536
2.66942
1.78296
1.57175
2.96934
2.2843
0.75412
3.35543
2.11905
4.43301
2.69721
2.2456
3.58333
1.84749
2.66242
0.736395
3.21009
0.964723
3.67742
1.76227
2.28455
2.5055
2.69678
2.48698
3.22835
2.52198
3.56071
1.80416
2.01131
0.867552
2.50316
2.43066
2.50967
3.17508
2.06316
0.847983
1.59093
2.14763
1.19788
2.04745
2.73798
2.40859
1.20941
1.40341
2.31581
3.01391
3.14256
2.22407
3.38816
3.48875
3.17656
2.83626
2.62234
2.03771
1.50223
3.17895
2.05336
3.07405
2.6895
2.50689
3.02359
2.00007
0.827628
2.14978
3.61959
3.45349
3.20993
2.2102
2.39508
2.32261
2.81425
1.54013
2.65267
3.19788
3.47652
3.05721
2.28787
0.903513
1.48683
3.24905
2.05987
2.08505
3.15923
2.92223
2.63386
3.48526
3.55081
3.5007
3.71572
2.19382
1.90803
3.21503
2.23846
3.32351
2.43745
1.72157
2.68558
1.44313
2.48313
1.28529
3.70319
2.90785
4.7749
2.91681
2.14922
1.87144
2.56777
1.58305
1.55159
1.97987
3.03797
2.68936
2.59685
2.42904
2.22026
2.2161
0.887264
1.72079
3.10868
3.27712
1.0971
2.92015
2.89965
1.93327
1.22258
2.90413
2.46387
2.98657
2.76295
2.09108
1.76959
1.85184
3.29212
2.39562
1.56578
3.00655
3.36197
2.40275
4.80719
3.1951
2.2423
2.08525
1.95178
1.98117
2.49713
3.56364
2.54271
1.70949
2.22015
2.30043
0.538354
2.06505
2.73193
2.02357
3.68854
2.93838
2.31353
1.03774
3.35849
2.22042
3.15824
2.29047
3.0804
1.0818
2.2133
2.04292
2.93192
2.11498
3.69604
1.89296
1.79097
0.110158
2.05047
1.44953
1.71704
1.94246
2.04558
3.43182
2.52679
3.00864
2.67179
2.42074
3.76925
3.77515
2.78518
2.44667
2.14835
0.937277
2.8877
2.9756
3.27162
2.79537
0.0287106
2.34874
3.56362
1.8546
2.25551
1.39725
0.662494
3.07927
1.91748
2.0344
3.36026
2.44038
2.45793
0.960418
3.81483
3.62393
1.87363
2.57898
3.41626
3.68071
2.5459
2.85724
3.10775
3.73588
2.43771
1.37614
1.19521
1.75448
3.17628
1.75569
4.44374
2.86271
1.47873
3.2511
2.27636
2.16039
2.63778
2.70884
2.62071
3.22205
1.91346
2.47658
2.00754
2.21358
1.6274
2.83412
2.03574
2.25136
3.48396
2.84033
1.3571
3.27259
1.91617
2.09319
2.01214
2.62849
1.75262
3.14081
3.51526
1.30168
3.06246
2.70189
1.87531
2.51574
1.98227
2.04589
3.15342
1.7962
2.66162
2.01905
1.48581
3.04324
3.82938
3.12144
2.8864
2.76851
2.77692
3.35247
2.24501
1.75957
1.46686
1.91404
1.86558
2.71335
2.26282
3.72637
3.99147
1.39119
1.02944
2.95529
2.19987
1.1423
0.843265
2.23816
2.51664
1.86387
2.25222
2.44129
1.50274
-0.0807136
2.02175
2.30403
1.2728
2.8229
0.191354
2.54278
2.10538
2.51319
2.08487
1.25091
2.14876
2.96502
2.64373
2.04511
3.63359
3.83211
4.03814
2.37569
2.46386
3.27853
2.88293
2.74086
2.59682
2.92775
0.658414
2.60687
0.9914
2.41528
3.12346
2.65312
2.64076
1.72921
3.33783
2.53145
2.62519
2.79845
3.1556
2.70752
1.5734
1.79907
1.52464
3.53201
0.943342
2.31993
3.32232
3.8838
2.20405
4.33409
2.76745
3.28562
2.58245
1.90275
1.6402
1.75435
0.97789
1.04384
3.38105
2.40766
1.84517
2.49241
3.97897
1.75422
2.498
2.70944
2.3029
3.34795
0.645613
2.42093
2.66297
2.38304
0.842599
2.97234
0.93814
3.3479
3.45458
2.96893
2.49673
2.36342
2.94691
3.02602
3.17504
3.28547
2.72341
2.73961
3.64742
3.00549
1.93065
2.22542
2.09594
1.58577
2.90672
2.32584
2.35492
1.91152
2.62709
3.56509
1.24998
1.43856
3.03095
1.90359
3.20312
4.93078
3.76083
4.06262
1.07344
3.19767
2.01367
2.53143
1.52534
2.7791
1.96214
2.58061
2.01056
1.99743
4.00799
1.49084
3.05037
2.83768
2.17485
1.1783
2.38197
3.22573
2.05527
4.2175
2.25067
2.61762
2.08751
1.18473
1.5667
1.14977
2.1816
2.09306
2.99715
2.74678
2.19474
2.27773
2.17071
0.949343
2.9149
1.1127
2.21175
2.11307
2.13388
1.49609
1.92154
3.42048
2.83074
4.04613
2.19663
2.93428
2.2768
2.55047
0.594169
2.48917
3.19058
2.21875
2.475
3.1825
1.98741
2.75722
3.15266
2.26596
1.81175
1.24191
2.32118
1.49947
3.36388
2.41654
3.92398
2.55655
1.77233
2.73078
2.46937
4.18806
2.87254
1.24607
1.88273
2.79604
2.80406
2.36936
0.888516
1.89326
2.17522
1.87515
3.61857
3.59119
3.11321
3.5488
1.60809
1.92912
1.71728
1.84492
2.78652
1.20466
2.28735
1.96999
2.31751
4.46763
1.9756
4.23131
2.89652
1.86449
4.63465
1.82402
3.65978
2.22363
1.80255
2.24081
2.09851
2.7049
2.55643
1.84056
1.83124
1.73318
1.63552
2.2226
2.32454
2.08113
2.45522
2.06094
3.47391
2.82043
2.62482
2.70261
2.79575
1.08859
2.69027
3.19102
3.3376
2.29305
1.89509
2.13427
2.53179
3.44295
2.7509
1.94583
2.31296
2.92018
2.4379
1.99852
2.15939
0.59342
2.79754
3.0325
2.92725
2.37791
2.55818
1.61124
2.58347
1.40385
1.42219
2.02954
1.02375
1.50838
4.06001
1.56025
1.7269
2.52353
3.41834
2.01437
4.17015
1.5035
1.06814
2.23051
2.69404
2.21458
1.5155
1.28778
2.59131
1.54962
2.43684
2.93956
3.60481
3.43263
1.79603
2.98282
2.6761
2.59713
2.50799
2.26074
1.97652
4.07833
2.5596
2.40345
1.78513
1.33675
2.86163
4.05999
3.411
4.63194
2.0148
2.37799
3.004
2.29283
2.15826
1.68056
1.58938
2.82791
1.7756
1.80817
0.839383
2.9851
2.93858
2.72196
4.87681
2.41385
2.94408
2.66679
1.69316
3.1039
2.23455
3.49398
1.44875
3.13155
1.61088
2.14968
1.52902
2.40103
2.54748
1.91598
3.24528
2.27563
1.86681
1.07858
2.51184
3.58278
2.56348
1.61913
2.32652
3.04751
2.9663
1.82341
2.4247
2.21976
1.30958
2.44599
2.96947
3.20339
2.33604
2.79194
1.36405
2.38763
2.48706
2.08414
2.71433
2.88974
2.8744
3.08086
2.00235
3.59492
1.07604
3.09532
2.78833
3.05986
2.88262
1.404
3.92828
1.38984
2.7474
2.12404
1.52313
2.2872
2.90723
1.72648
4.04924
2.56569
3.18471
2.00093
2.97809
1.65096
2.27577
2.79377
2.55437
2.26356
2.13363
2.99781
3.47722
3.25213
2.42895
2.8783
0.996477
3.20991
3.17635
1.58623
3.9613
3.06228
2.97686
2.19433
1.70851
3.09411
3.31927
2.25386
3.72216
2.43949
2.4835
2.57291
2.38742
1.42494
2.78842
3.61804
1.53603
2.11701
2.0713
1.81594
1.02133
1.52465
2.77272
2.30676
3.2325
1.96035
2.17778
3.90215
2.31476
1.25705
1.75388
2.66316
2.78317
1.65378
2.05189
2.16416
2.05992
3.32426
1.79654
2.86902
2.66748
2.88797
2.47306
1.9759
4.02367
2.77382
1.26801
1.553
2.03841
3.72634
2.63996
3.44438
3.2258
2.53189
1.74806
2.20208
1.45419
1.17202
2.83367
1.98536
2.95243
1.24654
4.10855
2.07158
2.95852
3.88404
1.83427
2.73234
2.37919
2.80829
1.7735
2.1705
2.38562
2.78126
3.89919
2.66525
2.18719
2.69989
1.94998
2.74312
2.76196
2.00169
2.10316
0.826106
2.70935
2.59756
2.09564
2.98055
2.36936
3.20167
3.71958
2.00221
2.45284
3.75428
2.85896
0.669744
3.13711
3.20491
3.33222
2.52381
3.68067
3.67898
3.50929
1.63263
3.11131
0.972519
0.910091
2.53317
3.39696
3.31937
2.48618
3.11302
2.34415
4.02846
2.73782
2.31199
1.16912
1.15175
2.34084
3.24471
2.79418
2.29674
2.35087
1.51751
3.15214
3.33496
1.77165
3.82153
2.40347
2.73105
2.20714
3.17341
0.973433
1.34181
3.06881
2.61118
2.32841
2.91084
3.2512
1.15118
1.86271
2.22
1.18796
1.2038
2.10391
3.78654
3.14709
2.34541
2.86059
3.80477
1.47439
4.76794
3.23295
2.84028
3.41647
2.32461
1.63683
0.961397
3.11736
2.05744
0.578863
3.03556
2.26475
3.74269
2.609
3.76583
3.32426
1.89299
3.33819
3.43019
3.70502
2.01745
3.15803
1.44602
2.65012
2.14017
1.83598
1.29146
3.99912
3.41661
1.9589
2.50905
1.77695
2.14151
2.99478
2.25981
4.00401
3.39265
3.1133
2.34522
1.36499
1.00652
3.76947
2.29789
2.21695
2.64365
2.22045
0.828721
2.9725
2.0342
0.756814
1.60058
3.6931
2.54997
2.33031
2.09361
2.21374
2.29839
3.04854
2.43851
2.12412
1.7341
2.38215
3.92844
0.474809
1.86262
1.60114
2.1101
2.70334
3.22432
2.89182
2.88152
3.64249
2.37543
1.00252
1.11521
1.2091
3.18297
0.862609
2.59239
0.85676
1.16611
1.79231
1.20234
3.48481
2.49728
3.38945
3.06663
3.26075
1.78531
2.4864
2.2622
3.20142
4.59255
2.81425
2.48892
2.88341
3.37188
2.41611
2.61962
3.84092
1.02136
1.55382
2.66632
2.36038
2.342
1.34393
2.16417
1.59711
1.99616
2.28611
2.16733
2.48193
2.06626
2.05735
4.3579
2.5263
2.44205
2.04535
3.30034
2.40075
3.25593
2.16608
1.38884
2.21253
2.2275
2.51062
3.16437
1.41177
1.24444
2.47245
2.17364
3.36674
2.96191
2.37519
3.73018
2.5873
3.28552
3.40055
3.1954
2.02002
1.66373
3.45438
0.563512
2.38657
3.70876
2.77243
2.50341
2.80143
2.22195
2.87779
1.0896
1.28281
3.06316
2.85287
2.47739
2.65258
1.46647
2.56219
2.62204
2.5077
0.864416
3.94505
1.32877
2.41852
2.45652
2.1209
1.71439
2.18931
2.36499
1.25182
0.216831
2.6151
2.94601
2.83702
2.48583
1.97424
3.48542
2.53156
0.859609
3.59667
2.43508
1.36736
3.33692
3.12374
2.42077
2.61325
3.46332
4.25649
2.27494
1.85936
1.711
2.61159
3.02776
3.17063
3.78664
2.53766
2.93947
3.48389
2.45107
4.63946
2.63176
2.66355
2.59725
1.2306
2.54359
1.76684
2.40388
1.88071
1.54796
1.72191
2.80348
4.21311
1.98679
3.92184
1.15146
2.87992
4.02223
3.22555
1.36348
1.6451
3.73451
2.79316
1.83448
3.06579
2.74922
2.59769
3.07876
1.48088
0.613976
1.69955
1.66908
1.17294
2.21083
2.39089
3.51971
2.42253
3.09787
1.21103
1.60041
2.4731
2.20152
1.28282
1.87412
1.98154
2.62498
2.51637
2.06909
2.66252
1.97773
2.19021
1.89685
3.18958
1.56537
2.57844
2.11696
3.09316
3.46175
1.36584
2.25711
3.20284
3.78996
2.19285
2.32499
3.24909
0.358591
2.69237
2.45685
2.62645
2.94851
1.81522
3.1115
2.85565
1.48388
3.07308
2.11729
3.4232
2.44237
3.25267
2.63853
2.49673
2.00457
1.49546
1.67266
1.49491
1.79894
1.78059
2.36407
3.2581
0.138769
1.19647
1.80039
2.87355
2.86122
3.29598
1.42866
4.31919
5.44706
1.64269
2.88599
1.59211
2.79485
1.47171
1.72147
2.40802
2.54292
1.43323
1.6338
1.28375
2.62257
2.17577
1.27423
1.39503
1.99211
1.59125
2.05976
2.108
3.55999
2.4756
3.78431
4.83964
3.17758
3.03287
2.55934
1.73371
2.85441
1.93983
2.22457
2.94521
2.10269
4.20414
1.44393
2.2837
2.33539
2.78937
2.20529
4.74331
1.18684
3.85665
2.3229
1.88994
1.24
2.91522
1.66137
3.3841
3.27766
0.786822
2.49254
3.07097
2.07918
3.30167
3.47246
1.2412
2.42199
0.520898
2.28971
1.87705
3.68648
3.20848
1.12169
2.47693
3.26319
2.86425
2.31398
1.23341
2.10114
2.27832
0.600156
1.78211
2.08703
1.61619
1.24844
2.6185
2.44684
3.58012
2.63856
2.57107
1.86786
3.06929
2.17282
0.553374
3.55993
3.06531
1.96784
1.21238
1.83382
2.11986
3.08444
2.08338
3.33846
1.76924
2.56519
2.4866
1.33455
1.49572
2.66499
2.34434
4.02645
2.18557
-0.179653
1.85721
1.99761
2.21576
2.13283
1.58296
2.90134
2.60451
1.68036
1.9636
3.27376
3.36633
2.47857
1.86633
3.11873
0.805075
3.5305
1.64712
3.22747
3.03108
3.06149
2.76994
2.90483
2.58404
2.01063
4.41415
2.85276
1.28975
0.859152
2.5972
1.17697
2.59329
2.42196
2.97735
1.7425
2.81437
1.9607
2.43511
2.89208
2.46077
3.30477
2.32211
1.16209
0.727797
3.47233
2.52526
2.81314
2.83438
2.97609
2.30184
3.02432
1.66079
2.81852
1.95068
2.68286
3.48413
3.12528
1.51331
2.52181
1.76528
2.41106
2.60372
2.97235
2.37712
1.13793
1.07933
3.09853
1.69645
2.20483
3.15609
0.944795
2.09513
2.1737
2.66521
1.46642
2.43845
3.8071
1.94085
2.64624
2.18364
1.47797
1.94374
