-0.619485
-0.130974
-0.916062
-0.568168
-0.691404
0.206996
-0.627817
0.822213
1.54584
0.877503
0.209464
0.0587471
0.60865
0.182215
0.252243
0.031268
-0.090515
0.336787
0.334822
1.08298
1.91498
1.1876
-0.105226
0.412419
0.549547
1.0405
1.05642
1.00415
1.54019
0.93207
0.87958
1.46001
1.01905
1.62868
2.31485
0.891209
1.46256
0.947131
0.985395
1.21422
1.06416
1.76118
1.26361
1.61178
1.17889
1.31729
1.2875
1.06446
1.6259
2.01623
1.64239
0.721312
1.05822
1.79963
1.75721
1.22079
1.11405
1.01732
0.466516
1.15594
1.18463
1.133
0.88531
0.729363
1.63886
2.35259
2.19145
1.72642
1.24234
1.61179
0.0432941
0.855126
1.26755
1.02691
1.04132
1.15561
1.04025
1.27402
1.7602
1.76148
1.62982
1.06761
0.893982
0.960479
0.833503
0.30205
1.11972
0.763107
0.200146
0.869799
0.935628
0.584265
0.638479
0.831917
1.27175
1.446
1.42643
-0.0202555
-0.0980596
0.526412
1.85638
2.12147
2.03488
0.684013
0.794019
0.508554
0.990177
2.19813
1.19758
-0.0493603
1.20838
0.710668
0.921861
1.22973
1.26749
1.91142
1.79899
1.50465
0.815456
1.41191
1.94955
1.3143
2.14177
1.79361
1.82244
1.1026
1.62923
0.313702
1.00329
0.779634
1.23948
0.683517
0.807464
1.55173
1.52361
1.49374
1.97243
1.44309
0.965698
1.03074
0.990723
0.502005
0.48273
0.827094
1.07171
1.29815
0.991847
2.45145
1.67411
1.62386
1.48097
1.02205
1.00374
2.02944
2.02794
1.21122
1.01486
1.99032
1.55683
2.78933
2.33055
1.72305
2.32854
0.609627
1.9781
1.9272
1.88743
1.57471
1.94443
2.46198
1.84472
1.78491
1.83286
0.85601
0.995465
0.995349
1.54186
1.24788
1.45726
0.90193
0.76029
1.55245
1.52261
1.07372
0.827439
1.12045
0.641687
1.10127
1.44105
0.847312
0.432187
1.79644
1.2277
0.912065
1.66587
0.505115
1.30015
0.575529
0.459643
0.494079
0.871513
0.530816
0.865014
0.281107
0.292508
-0.417584
-0.192936
-0.410397
0.379617
-0.0872057
0.0576909
0.119129
-0.0310513
0.783084
-0.0441761
0.267183
-0.0655305
0.0423064
0.123281
0.299586
0.879405
0.687045
0.307117
1.34847
0.552636
0.375932
-0.0752224
0.172462
0.255294
0.308421
0.6978
0.771205
1.1196
0.48452
0.385447
0.981778
1.28726
0.600063
1.30536
0.946204
0.758005
1.02651
1.40555
0.790715
0.609206
0.574189
1.09996
0.461698
1.01325
1.00481
0.748975
0.500458
0.157842
1.88362
1.20181
1.83018
2.12047
1.49429
2.34876
1.7082
0.61522
1.4414
0.728477
0.923549
1.25618
1.29737
1.95603
0.138426
2.05306
2.1102
1.29148
1.35327
1.2193
2.00242
1.5947
1.87003
1.07355
1.38251
2.23357
2.59836
1.67007
2.12999
2.90743
1.12221
2.06923
1.18281
2.06645
0.835488
1.72501
2.08564
1.3229
0.514205
-0.249542
0.1902
0.10068
0.167657
-0.199308
0.481824
0.363969
-0.734943
-0.0187988
-0.110788
0.610859
1.59881
1.03082
0.471288
0.509236
0.693132
1.37023
1.81896
0.331386
0.924005
1.57648
1.29888
0.643001
0.186031
1.41294
1.6951
0.777371
1.17354
0.541276
1.08145
2.13247
1.3472
-0.0343641
0.256975
0.736069
0.459014
0.399945
0.57397
1.25566
0.602619
0.486438
0.539547
0.437642
0.876666
-0.148472
-0.40044
-0.274987
0.303382
0.442875
1.15904
0.398039
1.05027
0.211578
0.186711
-0.047582
1.33523
0.918133
0.543014
0.358599
0.156227
0.00194952
0.518881
-0.303735
-0.290452
0.0372246
-0.0207064
-0.172863
0.397281
0.599954
1.03095
0.53145
0.635112
-0.087607
0.265658
-0.0972755
-0.149327
0.221187
0.0849488
0.306556
-0.0806818
1.72755
0.818304
-0.577638
1.38773
0.24956
0.0676286
0.677684
0.494873
0.149312
0.491196
-0.123733
0.218952
0.576851
1.64854
1.56149
0.553734
0.092415
-0.30294
0.138768
0.646701
0.647971
0.724577
1.51867
1.20942
0.948976
1.20728
0.936233
0.271957
0.352124
1.44923
1.35659
1.32341
0.842222
0.32275
0.686852
1.00755
0.651151
1.03116
-0.263823
-0.49763
-0.210209
0.348996
0.443879
0.2983
0.394217
1.03107
0.83306
1.15384
0.971451
1.23542
1.74093
1.56389
0.769207
2.00391
0.644725
0.809174
0.601113
1.1302
0.611452
0.538322
1.13915
1.00848
0.9429
0.122248
0.452713
0.409707
-0.976439
0.360669
-0.0680275
0.0408082
0.551095
0.888506
0.39072
1.17092
0.905222
0.74113
0.320568
-0.230183
0.0543979
-0.450439
0.252527
0.51007
0.594491
0.419784
0.288251
1.43239
1.72488
0.558717
0.0659936
0.722168
-0.0153769
0.555206
1.14965
0.403105
0.592532
0.521471
1.19702
0.870852
1.00405
0.81073
0.540237
0.346336
-0.234914
0.0268576
0.246088
0.464351
0.310995
-0.559166
-0.208308
-0.182956
-0.532122
-0.426873
0.457183
-0.240431
0.0333955
-0.135349
-0.715366
-0.725266
-0.80125
-0.703089
-0.274897
-1.03164
0.166957
0.0451622
0.456971
0.850622
0.401849
-0.555698
0.282866
0.132235
0.330155
0.480195
0.326084
0.658512
0.836743
0.155803
0.378401
0.573347
0.175214
0.504775
0.87527
0.409229
0.166307
0.913609
-0.349326
0.828616
0.192945
1.83724
1.02512
1.08696
0.992323
0.769614
0.694397
0.576476
0.49502
1.33026
0.944369
0.247852
0.985654
0.843919
0.599729
0.84976
0.6383
1.28397
1.1605
0.810199
0.432217
-0.113175
0.174304
1.24861
1.48617
1.96801
0.932312
0.692905
1.74485
1.30091
1.41537
1.14048
-0.428142
-0.208655
0.695852
0.23503
0.241972
0.829402
0.0388009
0.440226
0.0418345
0.46766
1.52463
0.124661
0.541156
0.729994
1.31018
-0.275612
0.47712
0.9556
1.05956
-0.129489
1.60796
2.14356
1.10167
1.24198
0.950158
1.04277
0.99667
0.844258
1.33075
1.46765
1.25045
0.278426
1.25792
0.63488
-0.230876
-1.0051
0.405817
-0.0210692
-0.990298
-0.505584
-0.118506
0.68218
-0.198445
-0.0945535
0.625604
-0.135071
-0.387061
0.206852
0.334925
0.0974671
0.430114
0.204202
0.305089
0.579997
0.842659
0.728306
1.18848
0.827
0.659954
0.460256
0.037413
0.0793852
0.663748
0.456853
1.8415
0.867782
0.607026
0.471027
1.42431
1.31938
0.210936
0.670298
0.324487
0.467013
0.208323
0.100261
0.348604
0.0919804
-0.177703
-0.388332
-0.392943
1.40807
-0.0774741
-0.312825
0.53163
0.317676
0.470561
0.234801
0.465992
0.575649
0.524138
0.334191
-0.100263
0.0337003
0.294165
-0.431823
-0.581163
-0.902574
-2.01383
-0.858651
0.238321
-1.09687
-0.314169
-1.10876
-1.52953
-1.27552
-1.04856
-0.755644
-0.814086
0.155772
-0.961414
-0.578668
-0.613972
-0.652042
-0.7625
-0.292014
-0.871705
-1.74233
-0.276985
-0.480559
-0.116823
-0.888795
0.0719883
-1.10585
-0.846582
-0.770237
0.505528
-0.0909783
0.0627951
-0.1988
-0.59208
-0.171687
0.527517
-0.138033
0.307151
-1.12205
-0.638979
-1.2543
-0.898784
-1.05812
-0.170084
-0.6396
0.433754
-0.764823
-0.199945
-0.691476
-0.904294
-0.306173
0.225944
-0.626021
0.132406
0.16433
0.963195
0.314822
0.495232
0.00758805
1.1661
0.0948602
0.20131
0.952365
0.372388
0.588884
-0.0500224
0.365759
1.30222
1.59262
0.977321
-0.0786626
0.928309
0.638992
0.0983967
0.520036
0.437422
0.229066
-0.269886
0.598734
-0.209049
-0.102346
0.652611
0.0701744
0.608967
-0.284217
0.0729883
-0.426048
-0.696679
-0.571797
-1.0469
0.126694
-0.0997067
-0.420736
-0.248399
-0.0558792
-0.384495
-0.103936
-0.598037
-0.693509
-0.282077
-0.439357
-1.08291
-0.773695
-0.316412
0.260012
0.314573
-0.287028
0.142697
-0.0655826
-1.01771
1.14602
-0.127835
-0.109342
0.241519
0.618699
1.03697
0.386075
-0.331981
0.189679
0.332866
-0.795383
-0.300064
-0.243919
-0.176001
-0.314163
0.316026
-0.784629
-0.618657
-0.474162
0.252309
0.0322979
-0.783762
0.193048
0.446589
0.347699
0.552161
-0.0982166
0.704648
0.516802
1.16643
0.886075
1.42139
1.17653
0.472115
0.797033
0.644722
0.52332
0.804232
0.173453
0.287472
1.12194
-0.0968895
-0.126513
-0.067833
-0.626999
-0.811478
0.0493264
0.301296
0.710813
0.271871
0.100832
0.0603749
0.11808
-0.256276
-0.12677
-0.10041
-0.0904422
-0.0599026
-0.15969
-0.972473
0.0853083
0.293576
-0.513852
-0.195739
-0.04157
-0.293221
0.240133
0.611081
0.832858
0.621603
0.604603
0.17567
0.513949
1.31449
1.25205
0.96879
0.580299
0.64638
0.7872
1.34416
1.87662
0.599236
1.53249
1.28156
0.875168
-0.408475
0.18188
0.129468
0.612468
1.39902
-0.0199932
0.822857
-0.122867
-0.548986
-0.240359
-0.429032
-0.24927
0.0135771
-0.211539
-0.273799
0.0884385
-0.522643
-0.635307
-0.307379
-0.747224
-0.00726374
-0.552031
0.65545
0.141492
0.497911
0.0998299
0.073852
-0.0935288
-0.532656
-0.798707
-0.825882
-0.364668
-0.402356
-0.147683
1.13131
0.220575
0.895382
0.656053
0.87955
0.555221
0.515865
0.521107
0.539408
0.642302
1.03764
1.41896
0.510661
-0.353101
0.832178
1.01477
0.110677
0.744253
0.557086
0.447792
0.149647
-0.634105
-0.0120651
0.153719
0.963502
0.260325
1.23978
0.741527
0.615013
-0.200136
1.10447
0.040411
0.955619
0.705684
0.508071
0.213678
0.463015
0.435609
-0.00613552
0.711361
0.738113
0.00292257
0.342554
-0.392589
-0.189342
-0.72622
0.232499
0.2142
-0.506569
1.04959
0.338601
1.34425
1.74672
0.957019
1.71613
0.971023
1.7464
1.68911
0.82124
0.513712
0.449699
0.265805
1.32835
0.74465
-0.225665
1.3352
0.586824
1.15024
0.857634
1.4646
1.71076
0.500196
1.72514
1.68982
1.20288
1.73776
0.644589
0.473864
0.9196
0.813277
0.547869
0.872255
1.08808
1.38894
0.378858
0.565424
0.0436668
0.87914
0.564318
0.631113
1.64039
1.36676
0.919906
0.520277
1.01942
-0.0527705
0.0511754
0.229021
0.772156
0.833054
0.452752
0.771308
-0.274794
-0.519594
-0.129264
-0.409464
0.147849
-0.850607
-0.0958108
0.124801
0.63849
-0.431506
-0.907352
-1.34401
-0.836841
0.520512
0.504367
1.00468
0.214749
0.24013
1.0763
-0.200537
0.271098
-0.0723746
-0.0714706
-0.0683236
0.367528
-0.296524
1.10353
0.311302
0.561981
0.741399
0.965655
0.24005
0.80988
0.603072
-0.029748
0.963362
1.47066
1.20021
0.583237
0.331957
0.238386
0.704417
0.624859
1.09806
0.329598
1.19238
0.841677
1.33194
1.1522
0.471218
0.704918
0.724608
0.975412
0.684847
1.2745
0.544128
0.682635
-0.766195
-0.140989
-0.674018
0.00502064
0.119568
0.452859
-0.455275
-0.173856
-0.0211915
-0.22712
-0.0783039
-0.591594
0.00357327
0.450608
0.358337
0.118216
0.107437
-0.560662
-0.536551
-1.34507
-0.609751
-0.543397
-1.34173
-0.921724
-0.714534
-1.15907
-0.366404
-0.342704
-0.350367
0.0985102
-0.429265
-0.176045
0.0871501
-0.0427009
0.556711
-0.000746662
0.460114
-0.0574822
0.158342
0.528682
0.630116
1.1484
0.405947
0.54389
0.220754
0.903905
-0.282922
0.156367
0.323594
-0.665081
-0.599803
-0.363374
-0.242542
-0.109877
0.811929
0.312716
-0.211181
0.0417508
0.283081
0.143789
0.206518
0.689659
0.298228
0.0383875
-0.0509576
-0.633665
0.344282
0.669378
1.16828
1.22989
0.677086
0.797606
0.513094
0.373212
0.380312
0.663381
-0.116495
0.348631
0.658774
0.309565
0.776407
-0.706003
-0.177396
-0.3862
-0.317541
-0.640369
0.164101
-1.08979
-0.260562
0.414796
-0.68946
-0.184287
0.358405
0.0107959
0.0347848
-1.16276
-0.43073
-0.295806
-0.103752
0.0689349
-0.214955
0.452299
-0.358846
-0.138908
-0.0140421
1.18388
-0.103661
-0.197432
0.518858
0.428277
0.3892
0.105027
1.91238
1.70477
0.25659
0.285672
0.0680478
0.89711
0.569771
1.55716
0.993171
0.565741
1.79157
0.469021
0.418552
-0.0899522
0.275856
-0.176605
0.0181501
0.789127
1.40357
1.27674
1.22473
1.38913
1.18388
0.488595
1.11312
0.755526
1.37338
-0.0569627
0.27976
1.14092
-0.27819
0.0417294
0.544515
0.799789
0.761184
0.98047
0.996468
0.274539
0.458211
1.39118
0.720278
0.228808
0.663565
0.898159
-0.112098
-0.684197
-0.0430584
0.208657
0.970872
0.21649
0.5229
0.764165
0.593781
-0.649676
-0.373366
-0.140231
-0.340778
-0.881509
0.126576
0.723041
0.510216
-0.444699
-0.940818
-0.459906
-0.0748474
-0.725173
-0.995781
-0.398752
-0.933609
-0.913979
0.0763598
-0.19473
-0.434252
0.0372305
-0.609261
0.605715
-1.06307
-1.28146
0.406057
-0.256137
-0.0435599
-1.05912
-0.160486
0.0741105
0.273044
0.60971
-0.335233
-0.243612
-0.116194
-0.762335
0.464812
0.766947
-0.0700481
1.57504
0.276209
0.802236
1.29029
1.15536
1.12509
-0.0251257
0.375596
1.18835
0.834979
-0.0578168
0.427299
1.67799
0.602253
0.0501359
0.674361
1.04627
0.472103
-0.0484608
0.0253505
0.117633
0.410386
0.216359
-0.516042
0.714198
-0.138481
0.531797
-0.862153
-1.64057
-0.6173
-0.00231342
-0.124844
-0.719095
-0.726217
0.245689
-0.652827
0.574288
-0.748044
-0.651258
-0.494848
1.15879
1.35967
0.213832
0.660829
0.793482
0.250559
-0.472066
0.637837
1.52225
0.117486
-0.433568
0.0624321
0.376552
0.431059
0.565312
-0.446625
-0.126465
1.06085
0.0208923
0.305007
1.5051
0.996937
-0.0709141
-0.197251
0.598073
0.15442
1.00452
-0.101487
-0.232653
0.180187
-0.091027
-0.0976169
-0.315959
-0.322107
0.313621
0.367488
0.606808
-0.597546
0.00381617
0.169844
0.817931
-0.146316
0.287532
0.356505
0.245174
0.180539
0.0870805
0.0787811
0.197626
-0.0130441
-0.303285
0.20084
0.193841
-0.871453
0.0555289
-0.340195
0.657114
0.125423
0.0294648
1.00537
0.378943
-0.292319
-0.92974
0.256004
0.789234
0.778388
2.25899
0.908666
0.4496
0.185429
0.539341
1.53637
0.248558
0.784707
0.244339
0.605734
0.0367377
-0.470695
0.460447
-0.0681788
-0.867872
-0.961799
-1.02833
-0.915556
-0.317033
0.147271
-1.78874
-1.40998
-1.10651
-0.415648
-0.539313
-0.268555
-0.156842
-0.287869
0.165141
0.233204
-0.433897
-1.26043
-0.650749
-0.151062
0.509628
0.0235093
0.470581
0.839076
1.10468
0.42664
0.779212
1.0903
0.920473
0.371482
0.837092
-0.136132
-0.0461297
0.649743
0.887337
0.831629
-0.155476
-0.613029
-0.415848
0.184924
0.723068
1.23849
-0.101538
0.682341
0.016583
0.745245
1.10759
0.497225
0.245899
0.643517
0.425309
0.196986
-0.0768572
-0.675945
-0.514339
-0.122397
0.17141
0.958616
-0.399512
-0.301457
-0.319949
-0.126796
-0.0641066
-0.328555
-0.096229
1.02534
-0.219193
-0.315608
0.308008
-0.596481
-0.728592
-0.0684574
-0.710216
0.239364
-0.210024
0.0134105
-0.163421
-0.0725548
-0.162917
0.793318
1.02652
0.948461
-0.00829933
-0.314808
-0.507882
-0.0782671
-0.678335
-0.104755
-0.946013
-0.0951513
0.411329
0.396763
0.948482
0.425254
0.373345
0.679754
-0.0434512
0.137703
0.0451101
0.720796
-0.711519
0.114857
1.13084
0.73544
0.50082
-0.298277
-0.0750253
-0.838225
0.286985
0.560243
-0.0914552
0.477351
0.62576
0.44243
0.676319
0.677925
1.32042
0.754173
0.51
0.173552
0.406209
0.534421
0.466229
0.826781
-0.254887
-0.157515
0.201814
0.802761
0.810242
0.423533
0.106886
0.919732
-0.0819958
0.305581
1.36604
0.52652
0.55856
0.146381
-0.603397
-0.422977
0.864076
1.21522
0.910432
1.18169
0.482158
0.318987
1.25634
0.612761
-0.0425838
-0.325808
0.706025
-0.585436
0.376902
0.247243
1.06785
0.562466
0.414113
0.168232
-0.334571
0.0552807
-0.617354
-0.793273
-0.500688
-0.438807
-0.613581
1.53499
0.30097
-0.329228
0.0697277
0.208201
-0.230947
0.644082
0.237694
0.891362
0.677561
0.404336
0.514489
1.26757
0.374037
0.252699
0.23875
0.572532
0.0932575
0.58557
1.35764
1.42633
0.032963
0.625932
0.867125
0.499744
0.0590562
0.388146
0.853182
1.12844
1.04029
1.16439
0.046204
0.308124
0.347251
0.426513
-0.205179
-0.173852
0.0158473
-1.01282
-0.703546
-1.12606
-0.145706
0.373271
-0.41141
-0.478504
-0.710335
-0.150527
-1.19579
0.508209
0.66554
1.01178
0.551681
0.573986
-0.194993
-0.159305
0.346362
-0.00907931
-0.245378
0.0275826
0.244178
0.22133
0.00384693
-0.0661488
-0.525697
0.0453705
-0.781502
-0.904306
0.0525342
-0.751616
0.0433829
0.130605
-0.239249
0.525898
0.624555
-0.523101
0.636007
-0.481051
-0.465559
9.11325e-05
-0.304453
-0.562098
0.493308
0.305933
0.578559
0.441953
0.576239
0.0645368
0.0259244
1.10807
1.09204
0.878876
0.857376
0.613949
0.171997
0.343743
-0.264405
-0.442725
1.15514
0.164535
-0.224269
0.928476
1.25696
0.218963
0.123944
-0.0629629
-1.5938
-1.12436
-0.599916
0.252552
-0.833882
-0.118311
-0.042307
0.430669
0.14752
-0.337134
0.270034
0.144625
-0.2271
-0.0967805
-0.671822
0.194539
0.180436
-0.468258
-0.567189
0.278388
0.209775
0.546028
-0.334385
-0.17393
0.292003
0.756055
0.0702399
-0.159105
0.373618
-0.854925
-0.694303
0.940283
0.319532
0.249359
0.429487
1.27382
0.711089
0.984142
0.723989
0.626351
0.517145
0.687821
0.11167
0.551622
-1.1098
1.11976
0.377651
0.58719
0.705027
-0.0642292
-0.0964078
-0.694685
-0.468186
1.40399
1.36314
1.47255
1.53254
0.104353
-0.130915
0.841969
-0.749401
0.573805
0.93477
0.241684
0.28035
0.539241
0.929047
0.220926
0.376935
-0.365792
0.534012
-0.361639
-0.144787
0.79235
0.106761
0.714616
-0.431402
0.618811
-0.00499536
0.23722
0.331141
0.883278
0.859279
1.45853
1.0227
1.37882
0.716962
1.23007
0.580481
0.783176
0.600513
0.393278
0.520439
0.965804
0.263379
0.197249
1.24653
0.337035
1.1238
0.878716
0.42952
0.256824
0.904587
1.67858
1.3516
0.0693539
0.399694
0.938379
1.27637
0.480776
1.25674
0.058238
0.276797
1.17835
0.061852
1.12348
0.658915
-0.0802782
0.263354
-0.930812
0.24599
0.162628
0.437494
-0.563634
0.24581
-0.00289522
0.354027
0.698073
0.14221
-0.548825
0.194462
-0.102097
-0.237394
-0.0483794
-0.789374
-0.470672
0.11172
0.979006
-0.16528
0.923387
0.268604
0.554851
0.260308
1.00029
0.459212
-0.425704
-0.0286273
0.85693
0.124814
0.244718
0.836774
0.340023
0.730398
0.463344
0.331903
0.358787
0.352421
0.344111
0.975096
-0.410454
0.601297
0.896308
0.344511
1.22878
0.928502
0.5275
0.515472
-0.114923
0.796635
0.758714
1.65696
-0.0240421
0.20037
2.12329
1.12467
1.7126
0.959342
1.77882
1.20702
0.875241
0.860527
0.16992
0.577562
-0.250416
0.0301465
1.00018
0.665626
0.151768
0.105846
0.427085
-0.185386
0.921631
0.365884
0.490129
0.682341
0.0597445
-0.195683
0.364371
0.0894647
-0.462562
-0.869451
0.386406
0.338511
0.223119
0.0343556
-0.119114
0.0304574
0.160216
-0.0357094
-0.465315
-0.196595
-0.0315097
0.187395
0.812485
0.296723
0.0751972
0.374905
0.624514
-0.123393
0.586679
-0.238602
-0.431264
0.351753
0.266758
-0.0318531
0.668839
-1.39038
-1.43001
-0.692903
-0.776015
-0.758156
-0.840937
-0.434752
0.0165372
-0.755109
-0.0300116
-0.25847
-1.29996
-1.42969
-1.25788
-0.664832
-0.0502445
-0.131314
-0.374237
0.088865
-0.50932
-0.588488
-0.976955
-0.0967202
0.286671
0.210332
-0.158358
-0.180782
0.113668
-0.500404
-0.554176
0.722873
0.169586
-0.680295
0.084017
-0.772314
0.335492
0.1182
-0.449693
-0.800405
-0.598947
-0.909816
-0.894185
0.414098
-0.851638
-0.325921
0.558627
0.985119
-0.0701404
0.249943
0.916728
1.20943
0.522897
1.06399
0.0964998
0.949436
0.95737
1.32334
0.804231
1.07719
1.28407
1.94947
1.75503
1.36949
0.394278
0.565172
0.611339
0.398245
0.414046
-0.0604784
-0.178266
0.376924
-0.505925
-0.0771994
0.0546468
0.0303211
-0.341864
-0.0436156
0.00348183
-0.519871
0.72272
0.430079
-0.53218
-1.11085
-0.81186
-0.883923
-0.0111806
-0.235736
-0.0830251
-0.0700811
0.255227
0.501711
0.954379
0.188237
0.860869
0.235089
0.869699
0.458414
0.191513
-0.25321
-0.110934
-0.0924986
0.288739
1.2129
1.23851
0.200751
-0.868966
0.0109589
-0.679521
-0.499923
0.0277741
-0.758228
-1.20961
-0.501585
-0.966754
-0.0297882
-0.745433
-0.115087
-0.814336
-0.618953
-0.103793
-0.562819
-0.498032
-0.0150124
1.01522
-0.620926
-0.109087
0.326597
-0.682061
-0.32365
-0.165695
-0.428144
0.420396
0.601981
0.382732
-0.19053
-0.290907
0.225585
-0.312146
0.0427306
-0.139575
0.187821
0.230851
0.181786
-0.424604
0.293298
0.228884
0.563335
0.109386
0.109126
-0.86062
-0.299993
-0.387759
0.768467
0.427523
0.466142
0.313283
-0.487619
0.728638
-0.508275
-0.312779
-0.615298
0.553846
0.417593
-0.40073
0.120392
-1.09211
-0.730301
0.196577
-0.357268
-0.214973
-0.772952
0.461412
-0.277036
-0.29542
0.606637
0.116385
-0.000925474
0.0584977
0.345833
0.981792
0.469777
-0.827946
-1.35777
-0.624152
-0.49436
0.730324
0.430999
0.10508
-0.725458
0.23102
-0.159737
0.655018
-0.170121
0.54484
-1.06239
-0.42728
-0.601838
-0.143331
-0.0240424
0.280948
0.541824
0.694932
-0.826471
0.563845
0.794211
0.260163
0.527397
1.53548
0.17606
-0.0726998
1.15895
1.83962
0.834658
1.17556
1.49062
1.34152
1.2129
1.10579
0.732681
0.364643
0.688568
1.18697
0.841048
0.159113
0.40515
0.996057
0.642598
0.804919
1.39499
0.960978
0.232331
0.419549
1.4253
0.266441
0.0859263
-0.328364
-0.694129
-0.107817
-0.568146
0.241223
0.284352
0.0191434
-0.421326
-1.07852
-0.704917
-0.995672
-0.601538
-0.719484
-1.01534
-0.894348
-1.41794
-0.702981
-1.45818
-0.736013
-0.374349
-1.72287
-0.896725
-0.428415
-0.942495
-0.466907
-0.614312
-0.431193
-0.214506
-0.352068
-0.0286953
-0.795796
-0.870791
-1.71066
-0.978351
-0.441992
-0.324835
0.101065
-0.20667
-0.213804
0.718688
0.272555
-0.488134
-0.985151
-0.274557
-1.51501
-1.02082
-1.45168
-0.49937
-0.581215
-0.269627
-0.199613
0.239779
0.20612
-0.058803
0.229869
-0.777254
-0.347292
0.236119
-0.353436
-1.06428
-0.722812
-0.69956
-1.79951
-0.74822
-0.567532
-1.56963
-0.874868
-0.875054
0.226148
-0.680153
0.353718
-0.447683
0.207037
-1.24831
-0.0764156
-1.0064
-0.363402
0.0106974
-0.573657
0.0586182
-0.4587
-0.759644
-0.543326
0.729984
-0.240064
-0.134311
-0.322972
0.106346
0.435607
0.0245062
-0.0916632
0.0394005
-0.792294
0.0487874
0.419099
1.45807
1.60246
0.853064
0.464067
-0.256201
-0.429026
-0.816215
-0.652054
0.00427047
-0.422349
0.0565366
-0.374896
-0.0703154
-0.120468
0.0916511
-0.628957
-0.0413084
0.00849003
-0.467158
0.593376
0.446886
-0.28309
-0.441958
-0.242529
0.15385
-0.733506
-0.172254
-1.24751
0.0474334
-0.508695
-0.138516
-0.90583
-0.75312
-0.099715
0.439179
-0.0364664
-1.05376
-0.971703
-0.536109
-0.992368
-0.610614
-0.189829
-0.809596
0.101745
0.344937
-0.129559
0.0332887
-0.671119
-0.246035
0.552952
0.0629678
-0.423105
-0.446796
-0.627346
-0.751158
0.859364
0.639981
-0.122329
1.37679
-0.191144
0.0785528
-0.321899
0.000910082
-0.715471
0.0540518
-0.174329
-0.0543429
-0.0537525
-0.71728
0.785411
-2.04092
0.257486
-0.443302
0.435629
1.45383
-0.000611109
-0.292491
-0.346062
-0.149575
-1.10267
-0.398819
0.247918
0.0755192
-0.0348743
-0.356408
-0.00471212
-0.166749
-1.178
0.0628822
0.0259723
0.379091
-0.654777
-0.516358
-0.214474
1.12006
0.148786
0.489793
0.152395
1.12383
1.33154
0.50278
0.118171
0.0196911
0.418605
0.379835
0.222499
0.598943
-0.15329
-0.182814
-0.21241
0.351666
0.919847
-0.574869
0.172119
0.335879
0.0812683
-0.281501
0.534515
-0.184476
0.452203
0.208642
0.00122254
0.0170505
1.58664
1.01636
0.0916158
1.23359
0.307659
0.542104
0.960122
0.520196
1.03191
0.854051
1.23714
0.522302
0.305043
-0.0295334
0.688335
0.977585
1.37364
0.705008
0.238835
-0.430219
0.158798
1.1752
0.372221
0.452329
0.829878
0.231703
0.118124
0.955889
1.01676
0.850138
1.46618
1.40566
1.69902
1.79257
1.09544
0.340099
-0.468331
0.239249
1.76268
1.48977
0.949065
0.226432
1.02438
0.578671
0.75767
0.854224
0.589563
0.57624
1.21264
0.0760849
0.369481
0.20493
-0.546205
1.00527
0.727228
1.30793
0.0938966
0.912158
0.793774
0.705519
0.65633
1.15792
0.215733
1.37145
0.81391
1.02663
1.78208
0.196003
1.13951
0.851672
1.56169
0.514871
0.490324
0.149111
0.68706
0.925923
0.464115
1.15307
1.61992
1.28311
1.5649
1.23751
1.20736
1.37966
0.447746
0.499736
1.05605
0.576008
0.797825
0.812131
0.374213
1.55202
0.909226
0.00252537
-1.25294
-1.46785
-0.987247
-0.45391
-1.25689
-0.467593
0.234834
-0.116668
-0.66184
0.0628207
0.0762947
0.237318
1.11857
0.360491
0.306879
0.773458
-0.00664226
-0.3449
0.453543
0.220225
0.651559
-0.00926997
0.379101
0.997213
1.29309
1.58092
0.510888
0.782458
0.560447
0.778348
0.650852
0.872442
1.5379
0.0463031
1.09745
-0.221725
-0.175969
0.195013
1.23073
1.39813
0.562536
-0.0120079
0.20905
0.670434
0.636781
-0.383612
-0.247014
0.59811
1.25692
1.38827
0.523171
0.72795
0.11193
0.436819
-0.810515
-0.0300035
0.637306
0.668745
1.5622
0.433866
1.08937
0.0288182
0.0607213
-0.292518
0.33057
0.0969947
-1.09157
-0.524004
-0.520269
-0.276751
-0.0462719
-0.0489491
-0.0909773
0.580176
0.709194
0.126249
1.09785
0.528769
-0.205903
-0.206375
0.167404
0.0316427
0.379378
0.796193
0.455346
-0.338051
-0.339081
0.0360403
-0.208989
0.393348
0.10155
0.0740834
1.69193
0.564586
0.481123
1.15491
1.64063
0.65406
0.339444
0.698336
0.618543
-0.0778682
0.356158
0.748297
1.08139
0.504232
0.40571
0.542354
0.0535717
0.691981
0.631845
0.527091
0.690962
1.10768
0.113506
-0.0672236
0.752605
1.49399
1.25595
0.999822
0.458377
1.17512
0.810586
1.82141
0.27485
0.581586
1.00158
1.13788
-0.236454
0.249194
-0.0892796
0.588329
1.34864
1.03821
0.597125
-0.624132
-0.732415
-0.417945
-0.0638652
-0.746995
1.06244
0.740147
0.504072
-0.0112989
0.733182
0.180371
-0.958037
-0.933499
-0.726325
-0.666263
-0.540152
-0.299202
0.0485094
0.462633
0.276215
0.0350116
0.280532
1.35879
0.0309979
0.679176
0.66108
0.0434505
0.569616
0.156562
-0.293471
0.736541
0.765493
0.368148
0.210833
-0.377739
0.964708
0.419838
0.728887
-0.600929
-0.046282
0.655967
-0.460048
-0.184693
0.678815
0.556691
0.134423
1.03442
-0.245929
-0.471969
0.224374
0.818712
1.37372
0.152522
0.452202
0.377707
-0.0406462
0.257786
-0.00846373
0.903177
-0.495876
0.21476
0.22015
0.00853491
-0.349059
0.568302
0.641817
0.711279
0.23294
1.14921
0.200063
0.290674
0.0715186
1.04282
0.877993
0.85157
0.469328
1.42102
0.62355
0.329532
-0.359124
0.801611
1.30468
0.0611781
1.25915
1.07391
0.889632
-0.0235831
0.269958
0.555648
1.21314
1.09125
0.662057
0.673343
0.0090261
1.47776
1.09626
1.9178
1.61831
1.85308
2.11146
1.85832
1.78154
1.94626
0.891386
1.4105
1.55238
1.71476
1.03644
0.786926
0.177846
0.918939
0.856089
-0.0724516
1.18508
1.66235
1.0853
2.59172
1.95362
0.784633
1.45024
1.23084
1.84854
0.731252
1.8384
1.36851
1.10528
0.897666
0.987724
1.53873
1.43461
1.52327
1.06643
0.230328
0.157827
0.585531
0.494905
0.519881
1.18411
1.36025
1.09873
1.04843
1.48356
0.583521
1.63192
1.41074
1.12549
0.566494
0.684711
0.736563
0.665427
-0.28565
0.570453
0.603475
0.445686
0.2917
0.742608
1.0103
1.13972
1.45886
1.00386
0.581905
1.31973
0.679638
0.59067
0.448038
0.355373
0.499799
-0.791977
0.0874331
0.865393
0.714139
1.14582
1.10958
0.213838
0.013265
0.936286
1.1191
0.865169
0.00704233
0.811993
0.424238
0.819486
1.66399
0.981979
-0.366092
0.703201
0.543654
-0.305026
0.00331439
0.149807
-0.627227
0.564745
-0.673939
0.448387
0.474657
-0.426526
-0.423917
-0.216334
-0.485532
-0.103003
-0.323127
0.0196297
0.922241
0.712052
-0.0701893
0.0766496
0.222065
-0.159266
-0.236151
-0.74903
0.207123
-1.25436
-0.164722
-0.254745
-0.245926
-0.0329541
0.00105768
0.689486
0.964277
1.36247
1.70231
1.0441
0.488115
0.319811
0.40106
0.808401
1.25631
0.769105
1.3797
1.10712
0.111204
0.930438
1.64208
2.27712
1.85512
2.12762
1.19366
1.49258
2.09127
1.34017
1.21039
1.30854
1.35044
2.02502
0.459698
0.858138
1.13496
0.462006
0.92979
2.8541
2.23052
0.94797
1.16073
1.75542
1.78702
0.453592
0.605181
0.831482
0.0105404
0.175926
-0.0207932
-0.0963458
-0.371128
0.104708
-0.0644301
0.943735
-0.419178
-0.0619544
0.836076
1.21655
0.406036
0.172596
0.596961
0.90899
0.484043
0.88352
0.384072
0.697689
1.33198
1.59068
1.67392
0.671427
1.56176
1.49008
1.04988
0.723641
0.504337
0.660433
0.0950507
0.519201
-0.0691858
0.5496
0.838935
0.17658
0.106711
-0.829535
0.434829
0.0971929
-0.624527
0.194069
0.381295
0.895471
-0.234875
-0.0479998
0.0525034
0.571239
-0.246175
0.711994
0.130019
-0.213029
-0.497323
-1.57247
-0.00368334
-0.175488
-1.71199
0.176834
0.21459
-1.11628
0.256043
-0.062412
1.32227
0.253629
1.37981
0.178134
0.107795
0.618101
0.340793
-0.442658
-0.426565
-0.734666
-0.68265
-0.833147
-1.8525
-0.661022
-0.0609295
-0.672081
0.6825
0.664692
0.507789
0.197426
0.127968
0.962811
0.725671
0.646506
1.05897
1.18555
0.543992
0.900478
0.0876642
-0.40936
0.133438
-0.617914
0.325017
-0.0908517
-0.338977
0.284051
0.0623549
0.709914
0.811057
0.834209
1.33676
0.375594
-0.318397
0.083245
0.140926
-0.431361
0.734519
0.0142854
0.34764
0.302983
-0.0711159
-0.105586
-0.139799
-0.00368044
-0.53677
0.289601
-0.0148018
-0.016833
0.0815084
0.58173
-0.0715614
-0.013718
-0.340647
0.295902
-0.654594
0.807353
1.04707
1.00857
1.27736
0.590646
0.612311
0.038372
-0.442091
0.381941
1.01942
-0.444671
-0.318655
-0.782865
-0.796388
-0.0375794
0.535248
0.0341124
0.755795
-0.0818745
-0.176358
-0.0689848
0.481783
0.183654
0.621745
-0.105671
-0.0527669
0.281215
0.655096
0.0977332
0.493878
0.597287
0.456962
1.31745
1.20132
1.0977
0.975843
0.633517
-0.0747977
0.0610613
0.814638
1.01674
0.970142
0.722234
1.58402
1.00072
0.972025
0.441615
0.528994
0.441351
1.12994
0.163499
0.948154
0.855898
0.189017
-0.41563
-0.100316
-0.221919
-0.821021
-1.456
-0.957878
-1.63393
-0.328651
0.992818
-0.0273362
0.332176
-0.130458
-0.545807
-0.517454
-0.544627
0.118605
0.299798
1.64701
0.477613
0.533026
0.216272
-0.150278
0.758421
0.0189543
1.67446
2.34056
0.656953
1.37725
1.12052
1.02146
0.904912
1.44673
0.293543
1.38825
0.673097
0.97288
-0.148414
0.174137
1.02315
0.737987
0.412363
0.0146169
0.502751
0.395314
-0.339433
0.197037
0.094567
-1.19483
0.21183
-0.537558
-1.28438
-0.571805
-0.260516
-0.00894855
0.407747
0.348221
0.425332
0.145381
0.570719
0.241617
-0.575687
0.362429
0.519169
0.73617
-0.397244
0.500769
-0.150384
0.800206
-0.497829
-0.053552
1.12196
-0.162889
-0.0400879
0.202884
-0.338824
0.0811214
-0.804906
0.504195
-0.278993
0.351274
0.307866
0.527729
0.765423
0.334216
0.579504
0.644564
0.867847
0.313743
1.11441
1.04029
0.233999
0.326911
0.329719
-0.00302953
0.519701
0.250354
0.107701
0.421256
0.133432
1.07531
0.0532918
0.18055
0.82074
0.814992
0.798677
-0.0655567
0.873874
-0.195976
-0.338986
1.64444
1.34356
0.706733
-0.178836
0.289533
0.0336287
1.12675
1.04103
1.34548
0.421922
0.308044
0.920585
0.939842
0.464502
1.26192
1.20903
0.907323
0.116628
0.41167
0.957504
1.02405
1.3223
1.77254
1.72174
0.912655
0.847443
0.178104
1.75371
1.34074
1.10173
0.887697
-0.628237
0.696627
0.903166
0.854454
1.49223
1.17663
1.29026
1.57669
1.39322
1.66584
2.12968
0.215814
0.888402
1.03948
0.974491
0.669073
0.904971
0.52743
0.490222
1.14255
0.0552674
-0.344875
0.541674
0.367225
1.12479
1.02439
1.87733
1.7731
0.875819
0.231361
0.984185
0.750779
1.16733
1.72019
1.1503
1.81359
2.13853
1.46851
0.607083
1.99778
1.99019
1.74702
1.30886
1.55128
1.2489
0.610438
0.305462
0.055161
-0.0968515
-0.00138263
0.185366
0.716496
0.879955
0.341598
0.270068
0.523742
-0.155026
0.0917044
0.574654
1.26034
1.58727
-0.0672632
0.62668
0.197124
0.594237
1.04505
1.29577
0.389834
0.4389
0.339331
0.391016
0.774758
0.727782
0.979138
1.56926
0.672228
0.752339
0.634585
1.40093
0.189059
0.0252983
-0.202051
0.886679
1.61044
1.25517
0.933388
0.569
0.635086
0.716793
0.372162
-0.00324786
0.544851
-0.164772
-0.608843
0.551032
0.926999
0.821646
0.636846
1.28325
1.22729
1.05381
1.41604
0.866336
0.203235
1.84615
2.05111
0.035347
0.703354
0.814805
0.981583
1.53729
0.802938
0.787749
0.333456
0.386497
0.64444
2.10784
0.87516
0.508516
1.19538
1.26827
0.729936
0.557927
0.735043
1.30956
1.29585
1.62195
0.691511
1.77135
1.55078
2.04568
0.811031
2.41608
2.14698
2.83529
1.42823
2.11976
1.252
1.60868
0.941491
1.74289
0.922198
0.554022
1.85374
0.838033
1.97636
0.997104
1.17129
1.22532
1.44331
1.2557
1.78215
1.8202
1.37447
2.00949
1.00693
0.626019
1.08659
0.642136
0.723597
1.38106
1.07261
1.55849
0.694718
1.58441
1.23752
1.01453
1.53494
1.41978
0.333519
0.876198
1.64823
1.57409
0.976477
1.76809
1.27877
1.11009
1.01031
0.749761
1.01704
0.93106
0.766731
1.43041
0.854248
1.35073
1.08744
0.170388
0.0471906
0.3868
-0.375745
1.94777
0.496284
0.43226
0.68036
0.0892154
0.733917
0.800072
-0.185747
1.66271
0.564798
1.20759
0.462646
1.22588
1.36388
1.76426
1.26293
0.668197
0.797966
1.68137
1.15297
1.73254
1.68645
1.08972
1.13614
1.90774
1.01448
2.15366
0.786658
1.02675
0.713731
2.27253
0.981637
2.02848
2.06355
2.08203
1.84249
1.5293
1.79206
1.74321
1.1417
1.22173
0.902663
1.15171
1.08908
0.536583
0.644414
0.840917
1.01284
0.842677
1.09422
1.18449
1.06378
0.963191
0.644472
1.02358
0.896657
1.19762
0.261899
0.344968
0.304871
0.577958
0.265754
0.171542
0.245964
0.41241
-0.0956884
0.517701
0.426746
-0.0774711
0.94795
0.986522
0.835669
0.544713
0.332171
0.6952
0.235436
0.960821
0.757703
0.127354
0.172741
-0.0661259
0.585451
-0.493457
0.133162
0.0372785
-0.0496556
-0.330281
-0.278182
0.530604
0.285806
0.225608
0.416583
-0.232494
1.21786
1.00446
0.424259
-0.0150204
1.5033
0.607423
0.720598
-0.0387694
0.724172
0.655255
0.67739
0.375282
0.917725
0.171938
1.14225
1.09744
0.453072
1.76582
0.635629
0.534503
0.882587
0.510928
0.547333
0.524525
-0.201766
-0.121883
-0.774395
-0.449003
0.158949
-0.736666
0.467464
0.931094
0.342586
0.895027
0.800451
0.775783
0.311741
1.33622
0.242081
-0.951295
-0.910357
-0.513135
0.0706774
-0.647427
-0.860692
-0.329398
-0.0798745
-0.211484
0.716501
0.124027
-0.403129
-0.0158125
0.610351
0.147279
0.773846
1.30605
0.146983
0.911682
0.178745
1.22771
1.52734
1.70187
0.719734
0.628881
1.57312
0.241909
0.170567
-0.00835948
0.329022
-0.884691
1.30571
1.19337
1.06709
0.925723
-0.442075
1.0776
0.260437
-0.0444898
-0.0365464
1.61449
1.30479
1.69728
1.45258
0.744304
0.660201
1.16918
0.420738
1.11808
0.997611
1.03097
1.23082
1.04087
1.38514
1.65082
1.05504
1.09651
1.14916
0.899148
2.10654
1.84507
1.58831
1.89675
2.05264
1.22846
1.36218
1.46735
2.42461
1.79102
1.62333
1.57913
0.853799
1.66356
1.35226
1.23696
1.33139
2.45555
2.48633
2.5717
1.54272
3.4171
2.48142
3.32647
2.83246
2.98457
1.95272
3.10397
2.31171
2.41686
2.51126
2.34497
1.98102
2.45927
2.32759
2.61081
2.76682
2.19874
2.34844
2.21098
3.22389
2.18154
1.94358
2.08361
2.36578
2.05765
1.9012
2.82146
1.57983
1.53652
2.46979
2.18068
2.45456
2.09519
1.84559
3.21493
3.09134
2.50763
2.94569
2.7018
2.06902
2.02959
1.51457
2.06768
2.41088
1.90416
1.37767
0.978839
2.24785
0.461573
1.41465
0.771201
0.901535
0.303092
0.197424
0.837954
1.56662
2.45414
3.2487
3.35367
1.72158
2.10366
2.67115
1.99373
1.83059
1.96588
2.01423
2.01466
1.46824
1.15799
0.867841
1.16546
1.58673
0.802443
1.00156
2.04007
1.63734
1.5893
2.03052
0.945141
1.20259
1.88237
1.56068
1.9777
0.485011
1.26704
0.525231
0.556293
-0.0732635
0.857949
0.65038
0.189292
1.12596
0.661622
-0.0927605
0.222882
-0.0461216
0.138343
1.21291
1.38605
1.81529
1.76295
2.23939
1.38702
1.214
0.35741
0.414619
0.836311
1.1646
0.442109
0.562895
1.16978
1.33276
1.32733
0.961695
0.0672474
1.24326
1.27812
1.33218
0.964603
0.702834
0.823058
0.277417
0.565811
0.996999
1.21191
1.75265
0.813467
1.11421
0.948534
1.20518
0.238595
1.60336
0.652611
0.577649
0.512395
1.07936
0.264141
1.12021
0.725598
0.799288
1.00336
0.806417
0.920813
0.412836
0.703047
0.969734
0.597461
1.05337
-0.132343
0.907388
0.218108
0.009353
0.328965
0.140939
-0.18475
-0.045577
0.729769
1.05412
0.907353
-0.321661
0.994185
0.529143
-0.0216686
-0.516076
0.326927
-0.00252014
0.253148
-0.692907
-0.359614
0.460501
-0.503655
-0.0256717
1.01912
0.651881
0.605418
1.17139
0.261333
0.120053
-0.202107
0.3689
0.513462
-0.153744
0.427437
1.07117
0.705082
0.0638427
0.38743
-0.410472
0.680849
-0.0233364
0.447691
0.0405503
1.06951
0.417872
0.628058
0.429174
1.15761
1.27204
1.28732
0.871715
0.942145
1.35544
0.63541
0.376979
-0.0400011
0.568927
0.0372922
1.28781
0.925954
0.186583
0.516222
1.45577
0.984284
1.03462
1.00277
1.457
1.18337
1.8455
1.36069
2.08901
1.34879
1.39668
0.332721
1.39699
0.59645
0.873148
1.22382
1.8707
1.38946
1.12198
1.65213
0.991501
0.470538
1.16867
1.53194
1.35568
0.0378831
0.962506
-0.0983359
0.946435
0.0648692
0.380785
1.57949
1.26789
1.4107
-0.162922
0.331339
0.0425286
-0.18156
-0.597766
0.377645
0.734037
0.162614
0.0199074
1.4565
0.202725
1.275
1.17107
1.86625
1.41656
1.29501
1.06334
1.00842
0.683374
0.580027
1.28637
1.24862
0.777385
0.819997
1.20223
2.68265
0.721351
0.729818
0.977129
1.10791
1.0651
1.56547
1.61153
1.23463
0.932866
0.913745
0.498224
0.929208
0.144903
1.07419
1.04106
1.39405
1.64944
1.20113
1.62633
1.34542
1.31445
1.47194
2.18401
1.19447
2.06967
1.89729
1.49642
1.19959
1.71179
1.28543
1.89903
2.02779
0.97073
1.12764
1.65626
1.95602
0.991424
2.33837
1.27878
1.07512
1.48407
1.67406
1.23189
1.64783
0.887056
0.236882
1.68613
2.31978
2.14312
1.9089
1.04502
1.5531
2.09928
1.70402
1.3415
1.99633
1.72731
1.49384
1.66077
0.473599
1.59904
1.04979
1.67244
0.884568
1.0065
0.99198
0.59606
1.37213
2.1172
2.2098
1.87745
2.96979
1.42288
2.78418
2.01387
2.53617
1.37531
1.19933
1.43955
1.75528
1.63656
1.61057
1.3944
0.937429
0.794483
1.60928
0.70652
1.76499
0.813915
1.89474
1.56922
1.53388
0.514513
0.0151542
0.638605
0.772954
1.67141
1.57159
1.09815
1.18876
1.70176
1.67533
1.74114
1.81439
1.43507
1.62144
1.60033
1.20401
1.34421
0.0753525
0.617503
1.81065
1.6469
1.72587
0.973191
1.55191
1.60269
1.74904
1.65801
0.796638
1.96084
0.88328
1.21556
1.39702
2.20621
1.57662
1.91797
1.40645
0.748633
0.939011
2.03494
1.77235
2.40595
1.5656
1.60465
2.23753
1.85711
1.63016
1.43963
1.95622
1.84544
2.03799
2.32205
2.03694
2.29095
1.71231
2.21841
1.89708
1.27002
2.82752
1.8801
1.09752
1.79046
1.98159
2.43764
1.57551
0.877275
1.60733
1.10234
3.17774
1.67256
1.64065
1.35372
1.95877
1.78799
2.85863
2.00694
1.29841
2.26572
1.15075
1.62323
1.03537
1.29
0.972572
0.506577
1.47247
1.48533
1.03115
1.57022
0.91869
1.14555
0.991468
0.873838
0.581519
0.808289
1.47314
2.10396
0.844515
1.36207
1.39408
0.666737
1.02492
0.110548
1.23317
0.977767
1.28189
1.65557
0.894635
0.586108
0.968846
0.698676
1.32187
0.48277
0.481795
1.3402
1.12656
1.36464
1.62096
0.589379
1.68655
0.526976
0.798279
0.363973
0.876924
0.833999
0.734973
0.970206
1.35866
1.53441
0.515122
1.26003
0.390531
0.888471
0.383527
0.463082
0.480056
0.347756
0.0770076
0.589028
1.81012
0.322681
0.922202
0.872638
0.847987
0.271046
-0.429712
0.342686
0.0832969
0.557339
1.47977
1.03284
0.474374
-0.128131
0.994242
0.868361
0.0342572
0.769794
1.78043
1.6895
1.28536
1.04819
1.77374
1.2204
1.44429
1.44989
1.79022
2.32954
1.99673
1.85532
2.09946
1.13893
0.629307
1.30636
1.66547
2.58415
1.94162
1.76064
1.10958
1.28846
1.23858
1.33206
0.821708
1.276
1.83236
1.3124
0.647042
1.7623
2.41468
1.39899
1.90654
1.57526
1.62472
1.85721
1.43486
1.65506
1.09725
1.1233
1.16854
0.975461
0.463664
1.47984
1.73708
0.684011
1.21371
1.36685
2.26061
1.60742
2.1242
1.35952
0.984982
0.842487
0.318672
1.89431
2.12282
1.09413
2.09653
1.20523
1.62669
1.66858
0.594181
0.704271
1.26173
2.05639
2.1382
1.25727
0.327547
0.935014
1.22886
1.10983
1.92982
1.07059
0.439676
1.02807
0.922804
0.986099
0.387376
0.0972929
0.671845
1.00092
0.224262
0.800358
1.27479
1.2728
1.42958
1.33257
1.28733
0.292775
0.453071
0.539216
0.968407
0.438908
0.858074
0.700642
0.869773
0.646998
0.721902
-0.00917451
0.378774
0.862801
1.02805
1.39478
1.40754
-0.0922241
0.119687
0.791783
1.14492
0.758819
0.629192
0.0400748
-0.0313296
-0.267705
0.59133
-0.00431684
0.761026
1.0419
1.24004
0.621532
0.355811
0.656964
1.10392
0.651054
1.02982
1.26642
0.90483
0.372817
1.08517
0.825035
1.09214
0.802137
2.16736
1.29959
0.923616
1.45891
-0.270347
-0.179274
0.0698858
-0.326636
0.162863
0.30292
0.869911
0.407552
1.23998
1.11616
1.44444
0.84722
1.26127
1.78928
1.57302
1.85302
1.43892
2.34367
1.25401
1.03153
0.982552
0.800862
0.912913
1.07335
1.01907
1.5736
1.79322
1.3711
1.02862
0.798516
2.05902
1.4791
0.92893
1.07972
0.709452
-0.128257
0.248675
0.548011
0.959005
1.31249
0.758365
-0.185883
-0.296803
-0.890737
-0.501883
0.959886
-0.375925
-0.13582
-0.868981
-0.441436
-0.405969
0.207395
-0.870621
0.347658
0.936441
1.14763
0.857403
-0.644057
0.143593
-0.225187
1.03894
1.37638
1.51167
1.49889
0.950108
0.00312107
0.592436
0.985971
0.628335
1.00427
1.02499
1.17445
1.23138
1.65819
1.03672
2.02711
0.887063
1.47019
1.91548
1.88437
1.14236
2.17757
0.853255
1.24849
1.06933
0.850624
1.04333
1.11694
0.757728
1.53112
2.08461
2.02543
1.31963
0.454409
1.19598
0.787139
-0.0312537
0.777985
0.371232
0.211534
-0.0722806
0.0680153
0.832671
0.0720747
0.802647
0.103568
0.0124812
0.275777
0.814941
0.400163
-0.249181
0.0678768
1.4882
1.22476
1.19621
0.945614
0.605656
0.617967
1.07775
0.709506
1.65261
1.61934
0.621596
2.12604
1.03245
2.29436
2.4746
1.59798
1.63898
2.9926
1.40763
1.91088
2.68432
2.48508
2.18538
1.19786
1.47753
1.23978
1.31139
0.880379
1.23852
1.66411
1.84943
0.484632
1.04076
0.345803
0.892035
0.387895
1.05745
0.755651
0.561781
1.13048
1.31647
0.946799
0.682861
0.563754
1.77748
1.54707
1.07044
0.841451
1.20217
1.53598
1.94157
1.67081
0.825448
1.64683
2.12939
1.04897
1.53532
0.513221
0.340758
0.396546
2.07251
1.0716
0.53082
0.385457
0.64006
0.684222
1.24928
0.619847
1.16481
1.80974
1.49653
1.35315
2.28124
2.13042
0.586771
0.453716
1.25954
1.64999
1.33814
0.951096
0.471404
0.554978
1.5688
1.59379
1.18458
0.938389
0.56018
0.142406
-0.240609
0.868497
1.24527
1.14035
1.50033
1.7693
2.29683
1.66257
1.7864
1.91598
1.28371
1.16101
1.74397
0.383942
1.24703
1.29072
0.762063
1.87077
1.23447
1.73052
2.25389
1.58123
1.8064
2.13957
1.12602
0.274874
0.73282
1.2746
0.521848
1.44517
1.877
1.41858
1.6837
0.79536
0.624243
0.287205
0.0405748
0.137803
0.910361
1.1668
0.974064
1.68242
1.05881
0.483804
0.353054
0.00505151
0.251408
0.305006
0.336732
-0.231003
0.28449
1.00565
0.372389
1.28132
1.76581
0.614326
1.40165
2.12707
1.26543
0.553843
1.64679
1.03574
0.597973
-0.247355
0.0906079
0.00524743
0.696318
-0.161757
-0.0353684
0.193158
1.0975
0.433795
0.0545141
-0.129002
0.976583
0.470067
1.54519
1.17392
0.639712
0.807578
1.22094
1.11853
1.72161
1.97575
1.4189
0.785581
1.1926
1.02632
0.390607
0.894608
1.37561
0.790877
0.546615
1.24223
0.775894
1.52624
1.83113
1.53109
1.16957
0.977533
1.70084
1.95764
1.41006
1.12487
0.192843
0.268465
0.778534
0.598281
1.72098
0.609184
1.50986
1.19854
1.17872
0.655493
0.412687
1.24443
0.70078
0.942994
0.873942
0.322851
1.22803
1.63637
0.754995
-0.339835
0.247413
0.382731
0.889506
0.854684
-0.297902
0.434245
0.928413
0.163896
0.161681
-0.0236998
0.492738
1.04268
0.950594
1.50824
1.12372
0.29541
1.50445
0.953896
1.22139
0.560082
0.234698
-0.255827
-0.328559
-0.724106
0.521358
0.282842
-0.256621
0.208771
0.850284
0.488262
1.29615
0.952234
1.2733
0.98195
1.20512
1.01175
0.227169
0.876775
0.708694
0.215281
0.196161
1.10026
0.91718
0.925913
1.43355
1.50461
2.10191
1.26092
0.486534
0.471758
1.5751
0.863076
1.36429
1.45574
1.44545
1.36158
1.11063
0.712209
1.774
1.23365
0.499997
1.70968
-0.402877
-0.739379
-0.197833
0.411886
-0.366471
-0.692538
0.246162
0.76326
0.218161
0.630446
0.388882
0.5213
0.127104
1.19632
-0.386785
0.347146
0.352086
1.02125
0.485954
0.0247016
1.45966
1.76565
0.997172
0.870643
0.183147
1.02101
1.2873
0.415369
-0.134027
0.345267
0.158363
1.15228
0.0591344
0.851829
0.799612
0.377427
0.0837182
1.30042
-0.103179
1.53014
0.388944
0.701083
0.476236
2.14933
1.48114
1.1894
0.393853
1.10741
1.15205
0.29691
1.05666
1.22688
-0.0861294
1.57051
0.566347
0.667454
0.0638481
0.81789
0.0635794
-0.275506
0.376176
0.2706
-0.0208994
0.71991
0.840504
0.94286
0.0808673
0.503019
-0.0398016
0.49731
0.332327
-0.283637
-0.354925
0.330808
0.475018
-0.404597
0.506265
-0.0756514
-0.248741
0.0495843
-0.22678
1.01393
0.965855
0.395016
-0.744587
-0.399876
-0.760867
0.606211
-0.725895
0.741951
-0.394766
-0.11528
-0.0509748
-0.340832
0.00127541
0.704417
0.606027
0.435226
0.252257
-0.493193
-0.163832
-0.210525
-0.0708798
0.515275
-0.503076
-0.0325427
0.0841609
-0.008662
-0.95745
-0.879436
-0.745568
-0.457654
-1.18775
-0.036278
0.185553
0.490022
0.738849
1.59735
0.347154
0.449355
0.827327
0.0885393
0.0790547
0.376163
1.16167
0.461492
-0.0995418
0.580142
0.19309
-0.16131
1.06359
-0.395315
-0.657602
-0.214562
-0.175534
0.334828
0.592066
0.879174
0.797295
1.49924
0.588962
-0.0241798
0.279251
0.512
-0.780494
0.182807
0.353248
-0.127187
-0.263195
0.359846
0.728433
-0.440777
0.137932
0.0574753
-0.475781
-1.31147
-0.0637709
-0.0317214
-0.34121
0.0607659
0.408802
0.57093
0.411476
-0.320612
0.696642
0.977519
0.396235
1.30914
0.643271
0.871605
1.38295
1.02693
0.943929
1.66294
0.593038
0.788829
1.1983
-0.0900735
1.28402
1.318
2.19359
1.21356
0.612109
0.979421
1.15133
1.37325
1.28621
1.45237
1.73871
0.496105
1.32729
2.03883
2.09637
0.22134
1.70799
0.938374
1.03341
1.03252
0.960949
1.2196
0.777563
1.18737
0.949153
0.682464
0.766099
1.38413
1.11042
0.799147
0.611533
1.48258
1.27959
0.758318
1.06723
0.253212
1.43815
0.635452
1.79832
1.16378
0.253501
-0.0902627
0.952269
0.7885
-0.786581
0.42475
-0.18309
-0.0425148
0.396049
-0.113219
0.138229
0.306528
0.376432
1.59979
1.77587
0.559334
0.516665
1.07522
0.594169
0.276537
0.790869
0.416553
-0.0341756
0.176433
0.194069
0.176696
0.802127
0.0832949
0.329099
-0.0949902
1.06889
0.447731
-0.0567345
0.478026
0.0229913
0.447511
0.446989
0.369379
-0.296456
-0.295094
0.0694414
-1.17399
0.249316
0.374942
-0.252581
1.28636
-0.503542
0.647439
-0.270005
-1.10369
-0.529974
-1.18372
-0.108974
0.983463
-0.405589
-0.304466
0.320375
0.50597
0.687069
0.548961
0.481684
0.329082
1.09101
1.59034
0.676695
0.827171
2.676
2.06367
1.02471
1.73387
1.48829
2.17956
0.846579
1.81212
0.728215
1.28606
1.66617
0.154033
0.0158641
0.513949
0.679946
1.36507
0.550731
1.46621
0.224724
0.914943
1.42028
1.36397
0.414742
1.10349
1.32783
1.5682
1.25476
0.0404043
0.0713409
0.118905
-0.133786
0.213212
0.543961
-0.156914
0.432283
-0.563175
0.225128
-0.641243
-0.0962364
-1.29808
-0.913282
-0.326381
-0.471267
-0.253794
0.506059
0.641404
0.726973
0.0865162
0.136121
-0.570655
0.148799
-0.419676
-0.494171
0.733568
-0.369498
0.101112
0.413045
-0.208496
-0.174864
0.236169
-0.0709003
0.0757272
0.108651
0.598766
0.403086
0.529453
0.119021
0.212349
0.532016
-0.020263
0.412621
0.478232
0.42688
-0.397007
-1.10773
-0.0140356
1.05891
-0.783834
0.423128
1.1617
1.1377
0.825372
0.931557
1.48582
0.895084
0.478867
1.09788
1.21594
1.63923
0.235909
1.03984
1.07474
0.715362
0.0326725
0.886886
0.596704
0.991675
0.257178
0.750324
0.905687
-0.152307
0.191881
0.637131
0.404696
0.702247
0.97065
0.486623
0.589437
1.02647
0.31967
0.402061
0.461124
0.0524757
0.900777
0.46405
0.259358
1.37205
1.60395
1.76039
0.632426
1.75949
0.523148
-0.226084
0.335601
-0.968565
0.738418
0.394576
0.338437
0.683076
0.863134
-0.246702
0.764346
0.931491
0.915681
1.08492
0.671423
0.643794
1.15284
0.76072
1.0788
0.529971
0.932877
0.547654
1.00064
0.323177
-0.023566
-0.0826825
1.06722
0.809017
1.1171
1.81805
1.69329
1.58647
1.3666
1.10274
1.07364
1.46209
0.458047
0.501115
1.99778
1.08088
-0.347545
0.834785
0.681142
-0.145544
-0.314661
0.0200861
0.0131367
0.454618
0.868966
1.31386
0.828326
1.57939
0.967787
0.846604
0.807654
0.898976
1.88218
0.997789
-0.0156509
0.0788044
0.961369
1.95224
1.47628
1.68791
1.60107
0.938599
0.714623
-0.735696
0.522777
0.93632
1.34037
0.75059
0.619189
1.18579
0.216012
0.998913
1.06062
0.733916
1.28532
0.67238
0.838072
-0.0224471
0.801948
0.689028
1.00725
1.50052
1.38202
0.785485
1.66614
1.78989
0.871385
0.974426
1.24614
0.18826
0.0664354
0.642958
0.296264
-0.135082
0.116497
0.330497
0.521299
0.340221
0.337018
0.541958
0.222272
0.835383
0.273723
0.26487
0.904384
0.782456
0.308361
0.67834
0.970788
-0.0284757
0.995706
0.718718
0.59358
-0.35024
1.1276
1.1519
1.48128
0.675738
0.944936
-0.0708731
0.149592
0.985184
0.576583
0.490744
-0.0963099
0.158771
0.709855
0.67957
1.48285
0.566507
0.158824
1.32609
0.813653
0.905992
0.020219
0.546518
0.370338
0.501649
0.302637
1.54456
1.34207
1.11179
1.20403
1.26716
-0.162555
0.618705
0.676941
0.197066
0.139301
0.399409
-0.329143
-0.184112
-0.0925694
1.12058
0.674547
0.119437
-0.932651
-0.330824
-0.889295
-0.575955
-0.291991
-0.44458
-0.313422
-0.869076
0.0668454
0.145049
0.376889
0.333427
0.508445
0.673684
-0.0490155
-0.978308
-0.290683
0.120866
-0.172955
0.221625
0.23347
-0.783591
-0.669935
0.234981
-0.454476
-0.026624
-0.302191
-0.693139
-0.16203
0.121803
-0.309985
-0.247881
0.196281
-0.722239
0.449853
0.260703
0.154731
0.483604
0.266546
0.74521
-0.190235
0.838852
0.611133
0.492355
0.889559
0.835863
0.819027
1.66438
0.246958
0.952599
0.514456
0.0603395
0.230416
0.3658
0.302747
0.971462
1.21993
0.629733
0.0999776
-0.204965
0.00743959
-0.131089
-0.0710044
0.683571
0.262705
0.245114
0.546098
0.670048
0.62107
0.0614553
1.10263
-0.160976
-0.298694
0.638408
1.58877
1.2253
0.556375
0.323905
-0.0399473
0.217842
0.365455
-1.49601
0.211881
-0.131452
-0.296948
-0.420869
0.315052
0.188393
-0.571226
0.0427279
-0.429098
-0.215279
-0.59448
-0.401033
-1.32733
-1.67296
0.0340546
-0.578623
0.640798
0.339491
-0.0391119
-0.378002
0.470495
1.05769
0.743655
0.144384
0.280553
0.632815
0.301432
-0.454556
-0.611753
0.194957
-0.34393
-0.29093
-1.13776
-0.778276
-0.513673
-0.769787
0.0798962
0.499493
0.355228
0.0802898
-0.171245
0.359817
1.38204
0.318258
0.675015
0.298303
-0.11992
0.198039
0.975729
1.02267
0.705006
-0.301868
-0.274387
-0.322841
-0.959776
-0.431401
0.0123535
-0.0990291
0.220964
0.372953
-0.0425364
-0.129843
0.276134
-0.436666
-0.26444
0.0972909
0.061455
0.820391
0.855198
0.290151
0.0941675
-0.539951
-0.522312
-0.580815
-0.449944
-0.715414
-1.17478
-1.5032
-1.3065
-0.242353
-0.544587
-0.394547
-1.09153
-1.13484
-0.440372
-0.623897
0.0736262
-0.383705
-0.41819
0.319899
-0.0844202
0.589229
1.20445
0.0636121
0.816007
0.0132926
-0.390828
-1.02089
-0.292663
-0.678401
-0.640406
-0.967538
-0.126812
-0.425965
-0.580772
-1.23643
-0.511131
-0.571715
-0.846486
-0.322255
-1.33425
0.618259
-0.732925
0.00596112
-0.222446
0.209166
-0.103545
-0.19983
-0.532488
-0.549538
-0.896416
-0.00484452
-1.31202
-0.228256
-0.0422165
-0.479169
0.524132
-0.59378
0.356892
-0.648738
-1.2916
-0.926211
0.901172
2.09697
0.983955
1.50767
0.77445
0.507315
0.507301
0.371266
0.31635
0.100957
0.554724
0.786795
0.918817
0.0701141
1.29109
1.25529
0.923846
0.908304
0.139159
1.01455
0.822794
0.386859
0.226664
1.1871
0.129956
0.422883
0.182906
1.17574
0.402438
1.51765
0.92582
0.196545
-0.261663
0.846732
0.724021
0.389362
0.40304
-0.136799
1.04804
0.752447
0.554384
-0.472177
-0.772678
0.325983
0.620176
1.18278
1.79955
1.37727
1.75094
1.25418
1.65941
1.19053
1.79109
0.723837
0.307662
0.214483
0.578481
0.620921
0.593738
1.42666
1.4191
0.819215
0.879072
0.184236
1.4882
1.09423
1.27036
0.981867
0.780274
0.926619
0.735502
0.535708
-0.25721
0.482993
-0.14708
-0.898187
0.380549
1.05922
0.0946652
0.764324
0.666407
0.694285
1.15086
1.1377
0.936277
1.37491
1.9647
1.26491
0.373725
0.481888
1.46102
0.636808
1.59023
1.86177
0.599352
0.578901
1.49025
0.527365
1.04205
2.05984
0.763818
1.03421
0.845689
1.27472
0.64286
0.173504
0.410435
1.15967
1.08005
1.98034
1.39605
1.17675
1.44407
1.15725
1.24001
1.26789
1.68509
1.28042
2.31574
2.03702
1.10512
1.66185
1.87914
1.43879
0.545326
1.76884
1.02756
1.31047
0.455956
1.92743
2.02679
1.23868
0.877604
0.845763
1.00897
1.84035
0.816148
1.01458
0.546635
0.607723
0.680259
0.0736919
1.40239
1.10811
1.08707
1.09365
-0.0717984
0.736601
1.14641
1.64671
2.43058
2.59569
1.20397
2.2342
1.95852
1.42881
2.62435
2.22347
1.65259
1.40959
1.07724
1.11906
0.945316
1.4677
0.494909
0.998325
0.888175
0.537449
0.713028
1.10159
1.56729
1.34792
1.14911
0.788882
1.31748
1.07835
1.22686
1.1835
0.44877
1.02873
0.793958
1.12435
1.2113
0.924994
1.63924
0.82864
1.22233
0.860481
1.12656
2.2784
1.53604
0.710353
0.5568
1.11201
1.15084
1.21658
2.29315
0.879108
1.34823
1.8013
1.68998
1.21269
1.09037
0.786782
1.55443
0.203922
1.46222
1.05068
0.715492
0.890169
1.51892
0.696088
1.57035
0.730191
0.59538
1.09468
1.37318
1.39078
1.51525
1.26709
1.08439
1.79475
1.61848
2.23095
1.70607
1.48083
1.36757
1.62522
2.14879
1.64608
1.21273
1.0637
1.225
1.17594
1.05734
0.238926
0.495141
1.48263
0.761097
1.4957
1.69982
0.719687
0.639471
1.86959
1.21362
0.760132
0.292159
1.85733
1.03995
1.11593
0.688514
1.14131
0.712901
0.814696
-0.0810444
-0.350838
0.850731
0.137614
1.1076
1.30066
0.607245
0.307129
-0.115653
0.457127
0.353003
0.145659
0.276223
0.670596
-0.394993
1.08879
0.349733
1.57397
1.79864
0.922119
1.03727
0.854608
0.246789
-0.384569
0.0104053
-0.115885
0.0713839
-0.0963532
-0.132345
-0.162172
0.177512
0.387623
0.357024
-0.00671006
0.44147
0.545443
-0.646933
-0.655672
0.0342028
0.16245
0.012252
-0.434076
-0.0883451
0.238466
0.224404
-0.803137
-0.67402
0.432943
0.536532
0.144699
-0.046808
-0.419765
-0.117299
0.313156
0.580084
0.498142
0.240451
-0.337892
0.656011
-0.268006
-0.879469
-1.01871
-0.355496
-0.141247
-1.04324
-0.795795
-0.306726
-0.044765
-0.364064
0.344924
-0.476129
-1.36929
0.369649
-0.0103216
-0.31567
-0.868511
-0.638196
0.0205273
-0.25874
0.581234
-0.0905238
-0.151105
0.496236
-0.17958
0.113592
0.370724
0.678523
0.198627
0.794963
0.682909
0.579486
1.14116
0.974178
-0.156951
-0.289519
-0.0347727
-0.359641
0.648685
0.24249
-0.195202
-0.0491547
-0.867025
-0.576163
-0.752494
-1.40609
-2.06283
-2.10565
-1.70872
-0.484492
-0.692483
-0.0413925
-0.666669
-0.656813
-0.410517
-1.23798
-0.342539
-0.838895
-0.778296
-0.664059
0.0908698
0.486234
-0.733106
0.194977
0.245282
-0.323166
-0.502786
0.883531
0.0783249
0.127758
-0.296577
-1.40341
-0.301181
0.579023
-0.0822361
0.265452
0.367889
0.586228
0.245061
0.680365
0.228581
-1.52568
-0.760518
-0.123098
0.157172
0.426658
0.831348
0.972165
0.310393
0.336065
0.498387
-0.183229
0.575528
0.581622
1.18596
-0.239425
-0.328143
1.17014
1.03267
0.359568
0.15346
-0.176534
0.0122293
0.633833
0.126737
0.371763
0.760644
1.01015
0.972877
0.714849
0.0977586
1.03005
0.919505
1.20222
0.810418
0.932555
1.2913
0.763201
1.05484
1.90096
1.77623
0.975913
0.000509019
0.174541
-0.926142
0.301169
0.236523
0.445539
0.367984
0.310566
1.0142
1.25522
2.12754
0.63828
0.241999
1.74066
1.60403
2.58911
0.994214
2.00574
1.43923
2.39194
0.436312
1.85761
1.40044
2.6513
2.36194
1.88452
1.29441
1.40773
1.99361
1.99755
1.95649
1.59761
1.82823
1.80649
1.47711
1.02966
1.15423
0.667747
1.2435
1.89355
0.634932
1.74708
2.26446
0.796328
1.91166
2.08119
0.966089
0.492926
0.4424
1.25377
0.459287
0.173056
0.717273
1.36018
1.00721
-0.425396
0.770863
1.31822
0.944344
0.856971
1.8287
1.98203
0.0735643
0.448879
0.343496
0.829476
0.884902
0.724115
0.910539
1.47117
0.319751
0.707426
0.627749
0.839187
0.855337
0.73022
1.66666
1.97295
0.845339
1.69572
1.35574
0.550195
1.69223
0.352303
-0.146707
0.766518
1.38217
1.41057
1.07379
0.681205
0.785077
0.72121
0.540088
1.21795
0.951515
0.88276
0.569312
0.63182
1.29989
1.34969
0.346379
-0.581956
0.0802562
-0.281006
0.280275
0.317516
0.359656
0.283751
0.243503
0.466389
-0.0536165
1.03609
1.45672
1.50913
0.835376
1.38747
1.10257
0.882471
1.46305
0.254875
0.20883
0.822106
0.686627
2.39773
2.39747
2.10688
2.39297
1.34614
2.06763
1.51717
1.53454
1.51594
0.876693
1.77812
1.41294
1.42616
2.29876
2.08971
1.95869
2.2001
1.71593
1.33822
2.79411
2.44382
2.72239
2.14817
1.38284
1.78352
2.0236
2.31943
1.68501
2.11439
2.16981
2.89105
1.99792
1.59397
1.54693
1.57035
2.38994
1.96609
0.840103
1.19017
0.0451604
0.780331
0.657303
1.03994
1.39233
1.16531
1.34119
1.02788
1.33853
0.176972
0.15345
0.631479
1.19111
0.867977
1.63185
1.51364
2.43296
1.04427
2.05416
1.06159
2.57211
1.72242
1.07895
2.46865
2.15469
1.38052
1.19682
1.16308
0.95028
1.0761
1.90597
1.30527
0.739824
0.461876
1.378
1.2291
1.65861
1.35398
1.93995
2.14746
1.46806
1.67432
1.54883
1.11908
1.07505
0.221335
1.55656
1.25215
1.64176
1.11813
0.842368
1.42814
1.34314
2.72001
1.62849
2.78113
1.60238
0.529515
0.609084
0.790959
1.12123
1.05284
1.31211
1.71092
1.21064
1.10078
1.12671
2.22634
0.966752
0.538143
1.16005
1.77996
0.299491
1.47811
1.64521
1.14155
1.72789
1.74285
1.98352
2.49402
1.51708
2.30241
1.6807
1.85831
1.46595
1.72761
1.27606
2.06062
1.11537
2.08195
2.52491
2.02266
1.26531
2.18419
0.210982
1.29598
1.30854
1.82402
1.5753
0.255788
1.20762
1.55789
1.93273
1.19624
0.896325
1.20891
1.35546
1.43296
0.991587
1.32712
1.97171
1.25839
0.900885
1.55108
0.820209
1.0679
0.872925
1.63913
0.532635
1.03874
1.51265
1.94832
0.934383
0.422007
1.2257
1.2105
1.48727
2.45906
2.21059
1.73304
1.04503
1.22853
1.54425
1.56354
1.07025
0.965103
1.45413
1.58942
1.63452
1.47996
0.987547
0.918898
1.4562
1.32894
2.1364
1.54911
0.683766
0.568135
1.49224
1.59813
1.05242
1.29854
1.26248
1.67968
2.01222
2.34401
3.05607
1.74073
2.74123
2.43863
1.23599
2.03851
1.89668
2.51604
2.28849
1.90785
2.26262
2.03617
2.15918
2.23735
2.15221
1.96434
1.02331
0.928716
1.61298
0.779294
0.502716
1.64469
1.06248
2.04844
0.823246
1.51521
0.625053
1.95684
1.19056
1.08807
0.635928
1.21301
0.765074
0.833596
0.163222
-0.107225
1.02143
1.42449
1.15059
0.952466
0.802971
0.606787
0.106044
1.02494
0.479175
0.538106
0.990595
1.06524
0.667519
1.71428
0.591934
0.877229
0.571654
0.584615
1.25034
1.72115
0.737674
0.702596
0.181384
0.341506
1.40487
-0.341796
0.196215
0.71077
0.240509
0.353992
-0.0236005
-0.255171
0.169681
-0.147858
0.330349
0.472094
0.621546
0.547461
0.328089
0.818165
1.92507
1.66866
1.24367
1.48745
1.25417
0.735673
1.34259
1.2707
2.10947
1.19733
1.7446
1.79545
0.352628
0.62123
1.00854
0.182962
-0.579326
-0.17736
0.482822
-0.229298
1.44253
1.48336
-0.0281283
0.579214
0.0178115
0.888201
0.962118
0.325527
1.07868
0.99937
0.652601
1.38716
1.32722
1.5232
1.52974
2.74801
1.60127
1.63312
1.64266
1.94384
1.71531
1.88283
2.04115
1.80058
1.64074
1.37544
2.01793
2.32258
0.959917
1.5013
1.18847
2.30928
2.08115
1.58476
1.50818
2.17093
2.63884
2.46182
2.90338
2.43965
2.15105
1.69645
2.78327
2.39082
2.31733
2.10688
2.15615
0.586002
0.852854
2.0004
0.961706
1.73784
2.00389
1.40811
1.85986
1.72701
0.853959
0.567875
1.82562
1.48597
1.34475
1.44199
0.888917
0.788254
1.25532
1.37837
0.852377
1.44713
1.76727
2.11819
1.81235
2.58757
1.38286
1.69974
2.00272
0.91525
0.828019
1.77533
1.65877
2.74803
2.94088
3.30702
2.9739
2.11158
2.2354
1.61332
1.01096
2.24715
1.34186
1.86241
2.1682
3.0007
2.06924
2.27189
2.27025
2.04336
2.43478
2.66823
3.18561
3.55872
3.3749
2.8157
4.02951
3.24563
2.31135
2.30305
2.1301
3.15413
3.86682
2.60451
3.02693
1.43894
1.63178
1.73037
1.61939
1.96979
1.23811
1.27429
2.25944
1.23159
2.33636
2.0887
1.90139
2.38944
2.18476
2.17678
1.48546
2.05601
2.40742
2.29359
2.39428
2.7315
2.43581
1.24389
1.86764
1.47945
1.71354
2.00611
2.40865
2.47472
2.62758
2.69028
2.00755
1.81571
2.72523
2.83544
2.00613
1.36234
1.75551
1.48794
1.89328
1.60945
1.69785
2.49321
2.66722
1.90466
0.820126
1.58952
0.853526
2.81399
2.61168
2.76378
2.342
2.24984
2.75821
2.02351
1.71329
1.74469
2.09445
2.59174
1.20247
0.449314
1.47351
1.85442
1.54524
2.08203
1.73256
1.45258
2.26944
2.06883
2.51197
2.35084
1.39801
2.01194
1.1095
0.456978
1.07242
1.37371
1.58661
1.81182
1.59639
1.36384
1.80628
1.05171
1.57041
1.05985
1.11377
1.55702
2.09567
2.18123
1.67661
2.02901
1.84779
1.569
2.01235
2.44096
0.68128
1.15948
2.2596
2.28413
2.77191
2.35192
1.425
1.55526
2.27641
1.78552
2.22535
2.15265
1.60194
1.59697
1.70545
0.833724
1.67784
2.41979
2.20818
2.83581
2.35086
2.08268
1.63403
1.54847
1.95736
0.909001
1.4129
1.45423
1.08161
0.434376
-0.0671556
1.45794
1.51178
1.7565
1.4539
-0.0135249
2.04388
1.14523
1.26943
1.05212
1.38463
0.919909
1.9897
1.23186
1.88309
1.4225
1.55712
2.10443
2.47858
1.74808
0.7378
0.467703
0.624802
-0.0233302
0.339582
0.723926
0.363048
0.866016
-0.00534098
0.00491644
0.707307
0.620103
1.17719
1.47117
1.03265
1.5832
1.04165
2.39945
2.93263
2.41562
2.91032
1.93367
2.55025
0.937813
1.5746
2.56082
1.30586
1.3387
1.59392
2.7185
2.14194
2.42084
2.24746
2.49904
1.62434
1.66495
2.41104
1.1589
1.24225
1.17486
2.21198
1.79469
2.62679
2.877
2.86986
2.9282
3.16887
2.38306
3.40621
2.79661
2.96001
3.48715
1.95176
3.20093
2.37296
2.73025
3.39216
2.68972
2.17716
2.49889
2.17069
3.0353
3.30896
2.82497
2.58031
3.07436
2.811
3.51056
2.70772
3.37708
2.64411
2.26467
1.3766
2.32548
2.49583
0.976241
1.24341
1.21351
1.14664
0.914165
2.18568
1.16708
0.464974
1.165
2.31068
1.40499
2.50029
2.41035
1.98753
2.47039
3.39562
2.94778
3.32983
2.66464
2.42777
2.48033
2.38327
2.50199
3.50818
2.78258
2.42769
2.6857
3.07821
2.29456
3.0683
3.5055
3.36326
2.47088
1.61698
2.87767
2.53582
2.99375
2.73279
1.41844
1.72341
1.95503
1.64225
1.60299
2.04688
3.45784
2.65975
2.83898
2.7797
2.28789
2.00029
2.22391
2.02544
2.16055
2.51946
3.33251
2.68433
1.53112
1.50188
2.25026
1.40386
0.840758
1.37294
1.34205
1.50766
1.48464
1.40953
1.54156
1.96237
1.15607
1.10973
2.00471
1.57611
2.07301
0.732608
2.12204
0.834125
0.526433
1.0607
0.25385
0.422978
0.763851
0.533599
0.463119
1.50722
0.580736
0.951276
0.692737
0.8937
0.74692
0.872391
1.88168
0.907346
1.90175
2.44296
1.82306
1.49497
1.91641
2.18757
2.26495
1.81724
1.98985
2.42696
2.52668
1.64165
1.41631
1.59147
1.36477
1.64552
1.04701
1.60412
1.58676
1.8076
2.80548
1.49979
1.27451
1.74182
2.19276
1.44414
1.85906
2.05122
1.50816
0.894822
2.34347
2.33948
1.49244
2.01304
1.90874
2.88353
2.13074
2.43469
1.99543
2.64451
2.33944
1.13626
1.71503
1.22031
2.05343
2.0846
1.62938
0.530165
1.76694
1.03196
1.17721
1.89918
2.03065
1.82543
1.49383
0.998211
2.2792
2.04833
1.84282
0.812925
2.06384
2.25222
1.36763
2.20082
1.79151
1.46488
1.34141
1.91415
1.37224
2.26381
2.32456
2.12659
2.59397
1.41045
3.08497
2.13868
1.70878
1.8854
2.94313
2.16212
2.85719
2.43196
1.76319
2.11093
1.47324
1.5944
1.36581
0.964846
2.38026
1.98653
1.22212
1.67114
1.68288
1.48894
2.11067
2.285
1.92451
2.75556
3.161
2.7584
1.82385
1.58399
1.61391
1.68383
1.71477
0.948277
1.66851
2.10681
1.34251
1.58314
1.59624
1.25733
1.70505
1.16603
0.95996
0.594708
1.37581
1.21972
0.858396
1.08574
1.24363
1.60616
0.783454
0.505673
0.899481
1.6172
1.14666
1.019
1.35916
1.34885
1.58915
1.28996
1.67178
1.29723
1.20219
2.0768
1.61824
1.46585
0.691553
1.44333
1.71298
1.42482
1.28046
0.0765693
-0.0337233
0.587375
1.23648
1.66943
1.27682
1.60975
0.375589
0.680215
1.86156
1.40164
1.02893
0.71823
0.676607
0.498385
1.57176
1.66743
1.71092
2.03155
1.89593
1.18011
1.6436
1.58062
1.83487
2.19052
2.25639
2.09409
1.76996
2.05209
1.49342
1.03504
1.72819
2.10224
1.32576
1.65048
1.37896
1.37672
1.4711
0.737477
1.59863
1.23546
1.62997
1.68107
1.07436
1.35239
1.24414
0.947925
1.28637
1.05834
1.31285
1.82223
1.85288
1.66798
1.40733
1.226
1.31339
1.26027
1.71974
0.614711
1.77634
0.817965
1.28158
2.24937
2.18589
2.10555
2.30913
2.22445
1.52122
1.94111
2.27304
2.01767
1.77168
1.41172
1.96507
0.938229
1.30806
1.57753
1.39023
1.06867
2.78271
2.20037
1.55087
1.56766
1.30361
2.97795
2.04539
1.49197
0.760489
2.20334
2.7494
2.3245
2.31183
1.75288
2.60329
1.46422
2.49973
1.39098
1.59214
1.90185
1.39264
1.28372
2.34977
1.61893
1.08074
1.7117
1.83021
0.922596
0.400718
1.71342
1.57086
1.70213
2.27315
1.54689
1.36436
1.47469
1.37907
2.47406
0.528301
1.24487
1.93412
1.07858
1.61778
1.82644
1.71355
2.20016
1.55149
2.53447
2.02122
1.39549
2.11589
1.23529
1.21133
1.59113
1.24691
1.64528
1.24864
1.6151
2.28555
1.25286
1.1951
0.617668
0.299753
1.22484
1.32854
0.257355
-0.509293
-0.444894
-0.185877
-0.00125555
0.930029
0.488409
1.27913
1.16972
1.51955
1.13423
1.38907
1.68844
1.81887
0.975295
0.887746
1.27638
1.91761
1.74944
1.26329
0.630526
1.6057
1.80325
1.45723
0.968142
0.902013
1.42281
1.42587
2.10394
1.84119
1.46815
0.55409
1.63786
1.40675
1.03632
1.37588
1.83917
1.46104
1.51346
1.39261
1.35522
1.77107
0.830096
1.26384
1.18125
0.902936
0.998712
0.189106
0.770872
0.977783
0.958901
0.488329
0.565754
0.164091
0.273121
0.972992
1.15891
1.38416
1.67547
1.52278
1.08428
0.996468
0.799827
0.51612
0.59927
0.424679
1.10924
1.98261
1.3164
0.7946
2.13352
1.89162
1.26136
1.35946
0.509856
1.85407
1.59779
1.30425
0.613261
0.371673
1.20647
1.00302
2.27841
2.63635
1.19504
1.06936
1.17279
0.492817
1.02649
0.243603
1.15436
1.24385
1.12588
1.21045
1.1935
1.76284
0.886256
0.09259
-0.522039
-0.0927922
-0.092513
1.28139
1.16172
1.32845
0.179882
0.776751
1.33995
1.30612
1.76651
2.20519
1.20375
1.30757
1.63279
1.63446
0.980543
1.36003
0.507818
0.423158
1.81949
1.43371
2.13717
0.538281
0.899748
0.251544
1.14828
0.254791
1.16461
0.458183
1.08015
1.07142
0.925661
0.940604
0.967575
0.862323
1.13179
0.969177
0.674872
1.17995
1.01839
0.261952
0.828404
1.7327
0.562967
0.377156
0.153969
0.113968
-0.0929474
0.684458
0.167177
1.34416
0.779076
1.42405
1.25146
0.807587
0.602445
0.970913
0.643066
1.00361
0.484727
0.459916
0.625125
0.707083
1.49351
1.01866
1.24771
0.906951
0.374912
0.244807
0.769751
0.960122
0.99547
0.458758
0.313045
-0.137768
0.426199
-0.176605
0.578303
-0.0157833
0.562659
0.992522
1.9181
1.9878
0.973212
1.12181
0.514642
0.682076
1.79701
3.03835
2.44064
1.39999
1.11673
1.45662
1.69831
2.27154
2.41126
2.03095
1.46529
2.49453
2.28178
1.6949
1.10961
2.55296
1.90983
1.35172
1.59062
1.58843
0.91917
1.39846
2.39614
1.52803
0.376561
0.76745
0.819967
1.61978
2.40596
1.43387
1.73305
1.62945
0.974415
0.850693
0.565695
1.06193
1.03161
1.66841
1.97525
2.94055
2.17255
2.34842
1.70371
1.87318
1.82858
2.057
0.83985
1.14235
1.47928
1.86716
1.5944
1.75561
1.02661
2.00984
1.25162
1.59214
2.11703
2.5238
3.14949
3.02885
1.95639
2.43628
1.26485
2.39272
2.88537
2.37799
1.94166
2.05646
2.04395
2.88276
2.59779
2.63211
1.11993
1.7407
2.62396
2.9607
2.12948
1.1913
0.579397
0.554539
0.721877
1.43778
1.10609
0.134968
1.58779
0.716008
1.68565
1.07126
2.29413
1.71258
2.02404
0.204658
0.44179
-0.689825
0.0545843
1.43798
1.71141
1.28367
2.16548
1.5174
1.18874
0.675323
0.970438
1.12317
1.89605
1.68253
1.45898
1.009
1.58501
1.47094
1.98027
2.06735
1.87923
2.84687
1.64911
1.98593
1.57932
1.92654
2.20078
2.43651
1.44967
1.04929
1.34661
1.51033
2.52272
2.26816
2.77209
2.27098
2.01121
3.26512
2.46548
2.02219
1.18553
1.7232
2.9101
1.73177
2.19025
2.50341
2.42411
2.2793
1.52626
2.03114
1.47639
2.49788
2.6453
2.31133
2.50561
2.28208
2.99021
1.7162
2.41095
2.83554
2.30563
2.18374
2.48104
2.11537
2.29614
2.35137
1.06199
2.81403
2.50988
2.14049
2.18588
2.88697
3.13941
2.86231
2.28
1.82931
1.88996
2.17401
1.75967
1.85927
1.7739
2.60925
2.33895
1.82277
1.02611
1.73289
2.6451
2.27329
1.41376
1.67322
2.04198
1.14973
1.83019
0.638806
1.3122
0.549032
1.92582
0.927274
0.370544
1.48834
0.375222
1.21342
0.997511
1.06493
0.667708
1.1643
0.652368
1.778
1.12974
0.79877
2.12302
0.714266
1.57934
2.19153
2.08219
1.50084
2.05167
2.1343
1.1435
1.70895
1.22746
2.95832
2.50276
2.108
1.45981
1.86032
1.7899
1.78612
1.71612
0.94653
1.25922
2.36402
3.09608
0.543362
1.40056
2.02126
2.58486
2.81959
2.39566
2.20285
2.04383
1.913
1.96888
2.10013
1.40856
1.93794
1.66788
1.79717
1.96534
2.07993
1.70106
1.95963
1.6666
2.16528
1.61171
2.05701
2.12359
2.06478
1.49587
2.0962
2.3536
2.72845
2.17166
3.6472
2.87321
2.27696
2.63478
3.6005
2.35728
2.20263
2.16026
2.13656
3.00856
2.67202
2.80103
2.74487
2.93432
2.75391
2.19235
2.31694
1.78995
2.87954
1.93407
3.24863
2.28724
2.64451
2.74186
1.95966
1.24897
2.62295
2.75649
2.80515
3.26774
3.04285
3.56005
3.62068
1.91085
2.72592
3.23589
1.71411
2.44673
2.77454
3.89337
3.79857
3.40876
3.0907
2.92669
3.49078
3.39123
2.33735
2.7345
2.60547
2.05873
2.1309
1.71314
1.86574
1.22999
3.21349
2.37184
1.59405
2.884
2.72578
2.16472
1.92041
2.41972
2.33919
2.54035
2.41707
2.37776
3.03484
3.00891
2.6164
2.11263
2.03472
2.46883
2.11971
2.01197
2.19588
2.2818
2.25221
3.56733
3.10399
2.3804
2.97056
2.9684
1.94166
3.49397
3.32049
3.27369
3.06594
3.16362
2.85991
2.09242
1.34497
1.9451
2.55915
2.67276
2.06782
2.4589
3.09754
2.02048
1.88299
2.09212
1.1539
2.61859
2.77971
2.10321
2.22829
1.40932
2.66399
2.32716
0.96467
1.06753
2.04162
1.99096
1.17887
1.46685
1.87775
1.51126
1.80367
2.11785
1.60772
1.13221
0.501503
2.05681
2.28709
2.53399
1.77994
1.89772
1.07733
2.05937
1.79721
2.10937
3.21073
2.9575
3.33898
2.36209
2.00973
2.22713
1.29804
1.43334
1.34753
1.57663
1.90159
2.4529
1.8648
2.11276
1.27839
1.51577
2.17692
1.63023
1.61964
2.14357
2.16161
2.80337
1.94894
1.47472
2.39565
1.51453
1.41326
1.60727
2.99663
2.0237
2.97454
2.84137
2.24759
2.6201
2.78837
1.96815
2.27915
2.8542
2.48539
2.31958
2.47476
2.13616
2.53651
2.27088
2.17613
2.25192
3.21892
3.17243
2.78349
1.33577
1.45227
2.34822
2.03493
1.77087
1.82613
2.71223
1.5084
2.57666
2.82537
2.79833
2.97841
2.29401
1.50247
2.10121
2.30941
2.60131
1.131
0.564679
0.75569
0.629574
1.14821
0.583549
0.0349655
0.983717
1.40559
1.28319
1.53024
0.969466
0.226488
0.261034
0.254042
1.48168
0.762113
1.29757
1.67084
0.95422
1.89666
2.04754
1.13823
1.32429
3.56593
3.03044
2.70537
2.22101
1.91929
1.43083
1.40503
1.81746
1.44905
1.92951
2.9343
2.58559
1.73155
2.11677
3.0537
2.98359
3.45928
2.58308
2.39745
1.97616
1.28715
1.59589
1.13404
1.98211
2.63437
1.40625
2.37729
1.52722
1.74119
0.935057
2.37405
1.57766
2.05545
0.783995
1.38723
1.12198
1.86233
1.6293
1.74984
2.20594
1.73355
0.744213
1.18939
1.96132
1.96016
1.79977
1.93223
1.87058
0.903603
1.84239
1.75823
1.49584
1.68971
2.54917
1.43376
1.87923
1.30525
1.51984
1.00787
1.60095
1.21789
0.896599
0.58582
0.724117
1.70965
2.3178
2.88113
1.92771
0.867883
1.74427
2.92254
1.63201
1.65344
0.399838
1.08484
0.661091
1.72877
1.00283
0.835394
1.4795
1.12552
1.42012
1.69896
1.60248
1.70939
0.967597
1.27983
1.82057
1.07566
0.503878
0.376674
0.893949
-0.613319
0.213003
-0.70384
0.866247
0.592262
1.06203
1.20175
1.33545
0.882126
0.809281
1.53074
2.20273
1.60709
1.57466
0.877704
0.394239
1.72375
-0.0195803
0.531882
1.23287
1.13153
2.09233
1.2881
1.59921
1.66413
1.46545
0.332254
0.164901
0.445085
1.32617
1.11171
1.85959
0.937949
0.512642
0.371939
0.727371
0.774241
1.26689
0.716863
0.58174
0.0483582
-0.190275
0.109423
0.0252998
0.235747
0.418872
0.030905
0.256086
0.67146
0.370978
0.229074
0.565671
-0.586967
-0.555984
1.02775
0.439741
0.393155
0.762608
0.641696
-0.264634
-0.250287
0.0425589
1.21502
1.38849
1.47116
1.61044
2.98507
1.63475
1.74086
1.6004
1.44525
0.923438
1.66725
1.66091
1.63101
2.14256
2.46671
2.6597
1.80794
1.16243
1.39147
0.920237
0.519984
0.859519
1.14173
1.4784
1.06783
1.60254
1.71844
1.3065
1.54106
1.66404
1.81992
0.134757
-0.0792996
-0.062498
1.39608
0.628116
0.840711
0.248042
1.22134
1.39286
1.52915
0.928993
0.675595
1.19092
0.99325
1.22528
1.83434
1.13532
1.24955
1.80807
1.44469
1.70468
1.34266
0.465951
0.812143
0.537317
1.32287
1.50748
1.00656
1.0712
0.377544
1.03237
1.21984
0.736025
1.46403
0.586857
1.05068
2.17391
1.5331
1.07837
1.11249
1.28394
0.584887
0.487717
0.23967
0.388838
-0.833594
0.25637
0.752614
0.2429
0.83344
1.54045
0.823459
1.01325
0.486305
-0.223102
0.251955
0.00943726
0.646635
0.665416
1.14503
0.85478
1.07173
1.39761
0.910245
1.99717
1.70219
1.3446
0.0842938
0.0260441
-0.088462
0.320744
0.185415
0.18461
1.2798
1.39831
1.08281
-0.0397198
1.18258
1.13576
1.46747
1.52854
1.99655
1.29042
1.04575
1.96128
1.58865
1.18268
0.486493
1.53556
0.630105
1.1354
1.79252
1.46725
1.34736
1.06435
1.80622
1.58837
1.91266
1.33907
1.13527
1.36599
2.47989
1.60731
1.95444
1.17938
1.40859
1.90444
1.25554
0.98992
1.98917
0.716556
1.66294
1.89237
1.61671
0.702802
1.44589
1.88519
1.55106
1.25913
1.63127
1.0551
1.73564
1.97332
1.59781
1.59995
1.35979
1.65344
0.909591
1.03444
1.80865
1.33112
1.04336
1.4226
1.9057
1.41097
1.28616
1.42279
1.68349
1.81317
1.47794
1.81153
1.88348
0.869106
1.40309
2.08957
2.04316
2.16497
1.75366
1.81883
1.50552
2.29586
3.23606
2.55139
2.45591
2.44393
1.42348
2.37712
2.90316
2.64715
2.11289
2.17365
2.20431
3.07677
2.31252
1.73404
1.82736
1.04091
2.05856
1.10211
0.921671
1.04973
1.22437
1.94602
0.874678
0.724664
1.74986
2.65997
1.02207
0.479448
2.60288
2.21933
2.34656
2.92184
2.55818
2.17356
1.08196
1.80512
1.42929
0.680143
1.92587
2.62711
1.77489
1.63146
1.91862
1.51741
1.97622
1.8009
2.43418
1.72495
1.89744
1.93676
2.25462
1.11775
2.23054
2.06594
2.22062
1.40114
2.22274
1.73731
1.92937
2.21224
1.63136
1.96462
1.62219
2.03628
1.76786
2.50215
2.84454
2.32231
1.29151
2.14956
1.95391
3.33462
2.49528
1.69906
1.76619
2.09528
2.08112
2.81659
2.00508
2.42054
1.57895
2.15055
1.12814
1.6265
1.27117
1.45677
1.19125
1.24885
1.92985
1.38031
1.69012
1.34388
1.10349
0.838701
1.60919
1.35711
2.38297
1.80508
1.24244
1.35897
1.72984
1.20438
0.696522
1.56805
1.8263
1.4282
0.485297
1.45063
0.545814
0.812394
0.0895432
0.290479
0.796678
1.27229
-0.14495
0.0613268
0.243764
0.25396
0.630447
1.22423
0.797494
0.592729
1.15714
1.77505
0.636664
1.63746
1.03494
1.90765
1.24328
1.97443
1.91774
1.11262
2.62895
1.90784
2.39819
1.88552
1.96876
0.903573
1.44503
1.02712
1.90958
1.50384
2.06359
1.88826
1.51669
1.58553
1.68906
2.15341
2.05842
1.58578
1.67222
1.26545
0.172379
0.364175
-0.461929
0.782265
0.560428
0.249022
0.358844
0.268097
1.11777
0.653099
0.99384
1.97206
2.05523
1.8774
2.24873
1.07519
1.80154
0.387679
1.06595
1.10534
1.21237
0.59674
1.78747
2.11
2.32394
3.59027
2.93282
2.42432
1.45899
1.967
1.88344
2.42882
2.18223
2.56329
2.19067
2.03696
2.06391
1.11086
1.22527
0.0759757
0.680067
1.08956
1.69559
0.824464
1.14096
0.85755
0.668944
1.13175
0.951966
0.905153
0.924742
0.457072
0.158764
0.635474
0.366752
-0.00415723
-0.14405
0.104248
0.0937734
0.556496
-0.497705
-0.362047
0.706932
0.342184
0.933912
1.83927
1.47162
1.08343
1.61721
0.97444
0.383532
1.14538
0.65402
0.776129
0.704858
1.02836
1.16808
1.61962
0.85741
2.00042
2.86921
1.75476
2.62057
1.925
1.49644
1.1085
0.43354
0.869903
1.10184
0.605079
0.610553
2.09636
2.28643
1.27772
1.13979
0.968957
1.24024
0.600061
0.812782
1.21726
1.36449
1.86565
1.32258
1.80161
1.62216
1.21517
1.26288
1.3954
1.0844
0.724641
1.61115
1.59882
1.6019
0.519278
1.08133
0.781277
1.29739
1.52262
1.99227
1.79362
0.0874749
1.63887
0.0811007
0.434371
0.370691
-0.194069
1.00781
0.556165
0.575165
0.265557
0.140271
-0.0358683
0.542968
0.79061
0.632561
0.518431
0.196373
-0.337995
0.12818
0.62486
0.258119
1.02135
1.77737
1.14072
1.69372
1.42967
1.08874
1.04482
1.04065
1.13667
0.909476
1.6453
0.987082
1.17492
0.500778
0.472381
2.49789
1.33637
2.23996
1.17399
1.56038
0.696158
0.109178
1.16788
1.47962
1.59041
2.08986
0.836029
0.723125
1.62181
0.806254
0.813044
1.58027
0.136256
1.46443
2.36993
1.43682
-0.673919
1.14846
1.53307
1.70887
1.84834
0.754972
0.779192
-0.463628
-0.0364957
0.135293
-0.349339
0.744431
-0.284742
-0.202633
0.923172
1.69539
0.530551
1.08578
0.0394856
0.218169
0.525799
1.88723
1.56362
1.49929
1.34338
1.95899
2.06785
1.30505
1.13352
1.55072
1.98
1.71408
1.82963
0.52232
1.67741
1.1976
1.3186
1.63028
0.965444
0.991929
1.05817
-0.11124
1.21853
0.554861
0.217567
1.11178
0.904201
0.813927
1.7499
1.27457
0.00733709
0.438456
0.942887
1.21387
0.603444
0.530137
1.12633
0.722371
0.78885
1.29123
1.50062
0.974288
1.16775
2.07774
2.02271
1.36178
0.99223
1.1391
0.900948
1.09388
2.19116
1.0981
1.33805
0.812513
1.20808
1.90722
1.57851
0.653704
0.458315
0.461948
-0.459703
0.785949
1.35992
1.3431
1.49779
0.769912
0.772844
1.05024
1.55717
2.10325
1.66745
2.34936
1.6725
2.60961
1.72923
1.98653
1.6316
1.34465
0.828787
1.61979
1.02792
1.9155
1.13434
0.797985
0.75056
1.08086
1.1613
1.56959
1.24657
1.90702
1.67672
1.22735
0.725497
0.868579
0.336917
1.52323
1.17581
0.775659
1.7916
1.81834
1.75587
2.06027
1.5346
1.004
1.21265
0.488337
0.582599
1.71487
1.29295
0.704575
0.357139
0.463945
0.0748594
0.907347
0.0278017
0.596198
0.325093
0.445137
0.589328
0.696733
0.401114
0.115139
0.904363
0.606159
1.57112
1.54434
0.911702
1.36258
1.62533
1.83021
0.886698
0.704981
0.825308
0.695485
0.380918
0.652208
1.66776
1.13394
1.22456
1.17881
0.154232
1.28899
1.70557
0.597988
1.71376
1.54362
2.10335
1.14082
1.19288
2.39707
2.4873
2.64131
2.26361
2.558
1.96217
1.7575
1.51161
1.72796
1.89314
1.71343
1.01607
2.03811
1.54885
2.61747
2.18658
2.2989
1.44871
2.03488
2.68834
1.4154
1.35562
2.12603
1.45895
0.604419
1.60753
0.745686
0.536526
0.976385
1.82507
1.90671
1.67006
0.56133
1.17118
1.55749
1.72571
0.860188
1.98105
0.830318
0.300642
0.1285
1.52278
2.06615
2.0446
1.45156
1.37806
0.91391
1.25658
1.51395
1.26514
0.987158
0.685463
0.568056
0.620555
0.939588
0.544061
-0.505953
0.295493
0.514904
0.141442
-0.504265
0.380234
0.375391
1.4015
0.0945448
1.37482
0.589522
0.635115
0.717021
0.345978
1.52109
0.981542
0.727313
0.690423
-0.388452
0.895224
0.448798
0.804455
1.24725
1.28123
0.162452
0.735332
-0.337336
0.158002
0.876355
1.05021
2.16845
1.6615
1.36138
0.611078
0.0875089
1.38969
0.704019
0.677766
0.715383
0.345059
0.921129
0.489882
0.312796
0.31186
0.832917
0.74397
1.15635
0.342925
0.993326
1.02883
0.905337
1.10393
2.0596
1.73539
0.595643
1.90963
1.22656
1.3625
1.85023
0.986398
1.74362
1.46986
1.89006
1.41398
0.903763
0.775738
1.47489
1.29203
1.26689
1.93397
1.04489
0.700802
0.965713
2.12102
1.50869
0.942467
1.38252
0.964793
0.997894
1.40811
1.63683
1.10427
1.6843
0.674868
1.26621
0.508418
0.326926
0.446552
1.93787
1.34648
1.31447
2.44697
0.710199
1.32902
1.38181
1.51257
2.14537
2.07545
1.55918
1.78434
1.43745
2.08016
1.911
2.36417
2.51427
2.11244
0.936643
1.02714
0.893417
0.694963
0.698414
1.24273
0.623974
1.07676
1.79829
0.551323
0.733935
0.8906
0.971384
0.673639
0.570726
1.58709
0.808593
-0.051077
0.841691
-0.21031
0.0570279
1.28927
1.542
1.29119
1.24335
0.949666
1.02235
1.22763
0.770778
1.34156
0.687273
1.0558
0.146039
0.0479555
-0.369774
0.0860701
0.737455
1.72254
1.15351
1.61748
1.90573
1.01169
1.15949
1.93801
0.525197
0.793906
0.711536
0.696503
1.27098
1.01719
1.25954
0.35654
0.798521
0.49045
0.539347
0.478162
0.6175
0.881328
0.693884
1.02401
1.30982
0.0551978
0.298298
1.04732
0.750542
0.577665
0.416794
-0.0910803
0.614238
1.15474
0.658055
0.730857
1.35677
0.951899
0.704869
0.812348
1.39071
1.45119
1.03112
1.09396
1.54239
1.53197
1.52336
1.13913
0.210563
0.970315
0.806293
1.20736
0.797155
-0.212971
0.201866
0.28526
0.953317
0.688655
0.404277
0.881245
0.776856
-0.286585
0.0425727
0.651321
0.289777
0.776183
0.0657129
0.476544
0.55785
0.974311
0.652855
1.9303
0.866593
0.0499594
1.13638
1.59416
1.64155
0.671535
1.32257
0.814019
0.726569
0.94984
0.83579
1.31161
1.44948
0.922598
1.04112
1.29455
0.0520606
1.58407
1.63899
0.344569
0.756371
1.07081
0.980184
-0.0476251
-0.0831466
-1.05295
-0.341268
0.360965
-0.383362
0.743625
1.08222
0.805373
1.23472
1.17314
2.20556
1.66998
1.28167
1.01549
0.883132
1.68511
1.70354
2.16804
1.28704
1.68656
1.39029
0.871039
0.837706
0.838917
0.853962
1.74367
1.35361
1.07082
1.85316
0.28686
0.752622
1.66056
1.99312
0.690886
1.01321
0.984845
1.20091
-0.185301
1.09965
0.410756
1.16188
1.05576
1.40344
0.833129
0.88856
1.10992
1.5013
0.975824
1.97643
1.22682
0.417904
2.00927
1.8002
1.05286
2.04182
1.2545
1.70993
1.86217
1.68302
2.34291
1.45988
1.79582
0.847104
0.691339
1.22128
0.709244
2.02133
0.453819
0.757171
1.16212
0.533979
0.53378
1.61131
0.711533
1.12446
1.6133
1.02258
0.701344
1.53439
1.46703
1.17757
1.98582
1.50103
1.19923
1.26785
1.00405
1.18396
1.62424
2.27934
0.657234
1.28626
1.2602
1.41906
1.95837
2.03552
1.57961
1.59804
2.02773
1.17662
1.69317
0.648575
0.433062
0.524614
0.604709
0.0518744
0.829529
1.17347
1.20392
2.11202
2.08886
2.47103
1.7265
2.50972
1.80582
2.67079
1.53599
1.38375
3.4293
2.52549
0.957908
2.43974
3.08931
1.5486
1.53658
2.17894
1.7498
1.96745
1.66999
1.47026
1.81451
0.557718
1.78737
1.94353
2.39241
2.10421
0.693825
0.938184
1.76386
1.24648
0.390597
0.424968
0.0644887
0.841004
1.2842
0.127219
0.195818
0.779003
0.764804
0.89913
0.810824
1.27511
0.698818
0.144146
0.636808
0.703485
0.517056
1.38635
0.727345
0.443418
1.06243
0.24455
0.744101
0.585041
1.32265
1.16597
1.59782
0.745739
0.346289
-0.467106
-0.338734
0.273276
0.227148
1.28169
1.27781
0.538029
0.915106
1.58494
1.10967
1.54286
1.0534
1.1944
0.996075
1.43781
1.16773
1.92592
1.42294
1.8377
1.60117
1.32752
0.854276
1.63981
2.08405
2.67275
2.10828
0.814841
1.39824
0.917423
0.903423
1.64645
1.04482
1.85937
1.42967
1.0264
1.57811
1.84312
1.56096
1.88973
0.7687
0.629089
2.47361
1.66278
0.78591
1.05567
0.425099
0.994041
0.845502
0.561595
1.41539
1.9151
1.72872
1.55498
0.69197
0.797831
1.20706
1.11864
0.235016
0.437601
0.218945
1.2735
1.07931
1.5459
1.92725
0.962152
1.4644
2.73595
1.4534
1.49465
0.81302
1.48665
1.40399
1.33319
0.765958
1.49833
0.224305
0.666982
1.72333
0.617983
0.906729
-0.605667
1.18251
0.253136
0.566456
0.0187689
0.713631
1.83992
2.22119
0.758177
0.579775
0.0666329
0.0195922
-0.416134
-0.462223
-0.226315
-0.881968
-0.878533
0.677548
0.187881
1.47273
0.0124254
0.640133
-0.311551
-0.0833189
0.0466889
-0.403509
0.344993
-1.2367
0.0151107
-0.433392
-1.15676
-0.841583
0.391622
0.188252
0.190167
-0.887034
0.188298
-1.77633
-0.376346
-0.278828
-1.02787
-0.171675
-0.10702
1.26485
0.655339
-0.949651
-0.386586
-0.872312
-0.59943
-0.418882
-0.52125
-0.0607353
0.0972506
0.350543
0.194921
0.293801
-0.315997
0.334048
-0.229879
0.353213
0.00651242
1.24899
0.0485598
-0.141891
0.0145159
0.0675101
0.456643
-0.063707
0.710106
0.142271
1.4964
0.876157
0.670036
0.663874
0.602076
0.283397
1.44967
1.15482
0.312526
0.760053
-0.145274
-0.0033411
-0.187897
0.199911
-0.0875807
0.915971
0.811729
0.526138
0.0683436
1.12187
0.135897
1.73434
0.957242
0.789313
-0.369793
0.477814
1.15454
-0.2086
0.408352
0.810849
0.164815
1.30808
1.09571
0.658852
1.70889
1.58327
1.58729
0.968941
0.917365
0.178059
-0.641927
-0.370268
0.498966
0.15806
1.08286
0.445808
0.605438
0.194135
1.11881
0.669049
1.13163
1.35297
0.789408
0.478661
0.567497
0.307866
-0.307858
0.848207
-0.330982
0.723076
1.07582
-0.396613
0.208913
-0.20619
0.0553068
-0.441845
-0.0196904
1.25629
0.853959
0.504097
0.954129
1.09476
0.91956
0.325797
0.503185
0.16605
0.184975
0.794065
1.00354
0.899006
0.203125
0.536208
0.638287
1.38317
0.389263
0.236395
0.777839
0.75144
1.74877
0.597272
-0.224039
0.263556
0.168174
1.17138
0.90511
0.870439
-0.405194
0.24101
0.161403
0.451789
0.213512
1.11073
1.46626
1.94898
2.35816
1.95432
2.48984
2.65726
1.48849
2.33169
1.31021
2.67673
1.25556
1.87931
2.78739
2.31285
0.769887
0.986398
1.54631
1.54334
1.79772
1.67764
0.800892
1.71362
1.79557
1.41677
1.92976
1.22467
1.56305
1.54253
2.6608
1.26924
1.28884
1.54063
1.69384
1.16756
2.44419
1.27933
2.4493
1.90203
1.80399
2.19658
1.8283
1.68881
0.649125
0.638639
1.25705
0.588861
0.847363
0.931277
1.10733
0.924399
0.0607426
1.1173
1.13556
1.26691
1.63613
1.78688
0.991283
1.80896
1.40477
0.689761
0.258157
1.7214
1.394
0.767091
0.809692
0.937657
2.18373
1.27922
0.988141
0.851178
1.4137
1.33827
2.31814
1.64191
1.79171
1.26236
1.78999
0.974153
1.67961
1.88661
0.915436
1.11118
1.29674
1.60047
1.16512
1.35364
1.93492
1.90585
1.38461
1.16595
0.741219
1.22556
1.83791
1.56179
1.32853
1.22872
0.91921
0.272513
1.16331
0.00629057
0.396569
1.69884
0.756452
1.07665
0.71906
1.47457
1.08977
0.437839
0.284714
0.326935
1.0743
0.880326
1.04339
1.99188
0.653404
0.754722
1.2149
0.512774
1.94586
0.788722
1.01334
0.684398
1.10737
1.44261
1.54485
1.49209
1.29848
0.404992
-0.00210104
0.916821
0.121287
0.715043
1.12496
1.0705
1.12096
-0.498322
0.622461
0.292087
0.275193
-0.102682
0.799249
0.350949
0.629051
1.51355
0.172493
0.163906
-0.484693
-0.762483
0.0282344
0.797019
0.677332
0.632466
1.12194
0.604404
0.251682
0.926291
1.33824
1.23016
0.754488
0.458093
1.74226
1.61926
0.500041
0.360175
1.1248
1.12662
1.23511
0.772857
1.9377
2.61759
1.12492
2.19511
1.46081
1.47575
2.02735
2.27062
1.8304
1.82796
2.28686
2.3445
2.16697
1.47874
0.79976
1.83233
1.68385
1.61426
1.50802
1.35838
0.863049
2.96056
2.72033
2.00407
2.0354
2.09348
2.74828
2.59256
3.5465
3.4178
3.21034
2.94761
3.14774
2.1532
1.75941
2.29087
1.79341
2.31078
2.40267
2.93224
1.63674
2.22409
2.91625
2.85024
1.93112
2.10827
1.60899
1.37282
0.759591
2.1417
1.9465
2.06187
2.16862
2.73232
2.4551
1.71873
2.21133
1.26168
1.85018
2.71715
2.68188
3.04181
2.53072
1.9545
1.2882
2.24633
1.84559
2.01856
2.03809
1.35315
3.04489
2.13457
2.13642
1.54943
1.6856
2.64526
1.62625
2.07325
2.55025
2.00774
1.59852
1.3092
2.08285
2.24679
2.95285
2.06846
2.33794
1.9988
2.69093
1.65065
1.66069
2.01373
2.0087
1.02855
1.44773
1.09273
1.42148
1.23482
1.03118
0.706378
1.36651
2.24768
2.0202
1.61507
2.37691
1.9891
1.78597
1.96443
0.4542
1.14779
1.89835
1.49487
0.535304
0.946679
2.46958
1.96235
1.61628
1.93634
2.02634
0.911593
0.758456
2.05181
2.26238
2.51205
2.85732
2.16874
2.19526
1.49345
1.80764
1.54639
1.82527
1.63878
1.69288
1.31325
1.92812
2.23528
1.36472
1.44695
1.90439
1.25227
1.72634
0.499854
1.46842
1.14901
1.65511
1.21841
1.1688
1.68977
1.58494
1.12049
1.13085
0.771083
0.839942
1.21575
1.4332
0.470618
0.973029
1.31176
1.75867
0.882359
0.768587
1.46437
1.53864
1.79907
2.35987
1.48475
2.10553
1.42484
1.48687
1.77938
1.10514
1.81994
1.05761
0.615427
0.838618
1.17477
1.12389
0.817322
1.47379
0.793494
1.00862
1.71207
1.6252
1.98983
1.92755
2.00504
1.73751
1.43837
0.956621
1.22845
0.852567
1.42438
2.03532
2.01448
1.44389
2.30193
2.68572
2.28778
1.82068
1.86223
2.98298
2.58724
1.81975
1.86391
1.94344
1.23393
1.99357
1.27923
1.83162
2.11454
1.97439
2.64377
2.17515
1.38854
2.00038
1.28139
1.8087
1.77297
1.74658
2.11587
1.38885
1.91896
2.12451
1.6955
0.510391
1.56834
1.05969
0.879483
1.96266
1.4012
2.50928
1.24806
1.61706
1.51602
1.3679
0.96462
1.34495
1.6245
1.37199
1.63858
2.50569
2.33577
1.49371
1.58971
1.96544
1.78108
1.18168
1.82593
1.2605
1.33813
1.31205
1.46711
1.38838
0.668662
1.49459
0.547759
0.932199
1.99365
1.18053
1.76155
1.22012
1.99479
2.03981
1.01654
1.38054
0.948485
0.80015
2.63511
2.57694
0.920664
1.77163
1.64302
1.25933
1.79848
2.31618
2.18878
1.42777
1.24732
1.35976
1.04499
1.66418
2.26584
1.01191
1.42695
0.322927
1.76926
1.18834
0.543497
2.00898
0.829859
0.404208
0.731935
0.418762
1.0426
0.447828
0.616596
0.658549
0.566085
0.947149
0.489553
0.451924
0.512611
1.83891
1.36756
-0.312217
0.700583
1.37989
1.21278
1.31891
1.40414
1.321
1.62613
0.401447
1.18659
1.27447
0.762111
1.46583
1.21222
0.475818
-0.0856594
0.339841
0.818435
0.591117
0.764172
1.26801
1.15491
1.00573
1.31012
1.70503
1.03725
0.0793849
1.32668
1.1104
0.66289
0.0863657
0.864176
1.56851
1.35603
0.442654
0.826183
1.22931
1.86952
0.680457
-0.114843
1.18943
0.433314
1.11455
0.652707
0.280639
0.208279
0.614196
1.32285
2.18725
1.60897
1.5707
2.39178
1.9461
1.76216
1.81834
1.71532
1.42706
1.61216
1.17101
1.87875
2.03782
1.13746
1.14584
0.858493
0.909338
0.979475
1.32416
1.27641
0.98594
1.36665
0.97482
2.05263
2.23148
1.47524
0.940662
1.08087
1.30537
1.44446
1.1634
1.82538
1.36423
1.8548
1.48989
1.68291
0.994055
0.868825
1.11381
1.23292
1.85824
2.06365
1.3399
2.30318
2.01097
2.54929
1.69895
1.08801
1.22246
-0.0819362
0.864386
1.00535
1.12162
1.57898
0.0576644
1.71629
0.450368
0.698579
2.4562
2.01282
1.33884
1.59335
0.954452
1.38085
1.42752
1.95658
0.933187
0.108615
0.181641
0.74802
0.642625
1.51576
0.156139
0.876692
0.128482
1.19659
0.849579
0.572928
0.156504
0.926279
0.629207
-0.217396
-0.192159
-0.491844
-0.108711
-0.335952
0.317902
0.253908
0.145424
1.4499
1.17027
0.695546
-0.00312797
0.364148
0.935506
0.77862
0.336453
0.696063
0.931416
1.06173
0.135875
-0.308462
0.406052
1.27181
1.34807
1.37434
0.991372
0.698716
0.647124
0.642797
1.10682
1.07323
0.186991
0.06674
0.0849761
0.34586
0.418347
0.869828
1.26681
0.777462
0.173019
-0.33571
0.366305
-0.287483
-0.205025
0.154436
0.7546
0.602643
0.41302
-0.0155903
0.94388
0.608786
0.469317
0.617706
0.784785
0.337411
0.304657
0.722647
1.01618
0.508499
1.12774
0.455899
1.26935
1.03438
0.911666
1.54426
0.150917
0.466573
0.616742
0.805635
1.50938
1.45635
1.10724
1.64654
1.20921
0.540072
0.345736
-0.134244
0.470795
0.69015
0.322727
0.664604
0.804158
-0.146247
0.703843
0.86483
1.59914
1.04196
1.57215
0.228856
0.853285
0.832418
0.825062
0.469637
0.717891
0.212439
0.762459
0.375508
0.573112
0.7795
1.23579
1.62305
0.104229
0.658438
0.370263
1.75045
0.550166
1.28559
1.49001
1.24532
1.3148
1.47176
1.78361
1.20427
1.89316
1.96868
1.83018
2.24209
2.84094
2.21783
1.84324
1.15873
1.89215
2.2555
1.41833
2.20974
2.04125
1.84795
2.3685
2.48539
2.14881
2.32046
2.02052
1.79777
0.809421
1.5125
2.44322
2.06743
2.09285
1.36503
1.47342
1.92514
1.11484
1.11228
1.32564
1.28966
1.27949
1.10313
1.10955
1.89477
1.16735
0.93904
1.76553
1.69658
1.96778
2.23682
2.3743
1.93113
1.39505
1.5105
1.96698
1.31781
1.40681
1.48426
2.32323
2.14413
2.63431
3.03463
3.21183
2.61697
2.50885
2.5524
3.08006
1.78253
2.04165
1.75444
1.30288
1.68025
1.12956
0.0731512
1.07742
1.51841
1.46706
1.51166
1.80946
1.74915
2.23514
1.72051
1.57882
1.52096
2.26624
2.20889
0.819812
1.92704
0.82316
2.1071
1.42501
0.271718
1.62793
1.10398
0.996175
0.758885
0.167528
-0.240744
0.174789
0.524933
0.971033
1.78367
1.2536
1.11714
1.12848
1.20788
1.14634
1.93982
1.5422
0.829317
1.55056
1.58631
0.3155
0.650016
1.31643
1.30295
1.09157
1.78335
1.06086
0.700796
1.18547
1.11589
1.63499
0.754432
1.60085
1.73044
1.23133
0.408252
1.2758
1.63576
1.87622
1.53281
0.602221
1.26355
1.6685
1.86307
0.294781
0.96376
0.640582
0.995453
1.02193
0.601296
0.317483
0.711647
0.372167
0.665528
0.384277
0.878299
1.46221
1.8195
1.26613
0.741605
0.850115
1.64693
1.65977
1.41501
1.55098
2.37823
2.05659
1.95337
1.03005
1.16731
1.06118
2.29477
2.51402
1.73014
1.66786
2.03792
1.66265
1.36761
2.33817
1.91418
2.01829
1.25942
0.941406
1.07588
1.97477
2.19838
1.14785
1.84101
1.97344
1.79891
1.7972
1.14895
1.61013
0.677997
1.07887
0.461009
