1.67617
3.0635
2.83659
2.23175
1.06779
2.29512
3.5999
2.36441
1.8136
1.90703
2.33242
2.39556
2.4065
1.60013
2.12458
1.93219
2.85465
3.56607
2.4775
1.99751
0.723696
1.8708
2.92417
3.1272
3.00883
2.40131
2.56279
2.31369
1.62153
1.57682
3.02658
2.09629
1.64434
2.16982
3.63615
2.63752
3.61977
2.29005
2.95489
1.18806
1.95071
3.07324
2.84756
3.43408
3.20864
2.29651
3.18015
2.07165
1.32657
2.52487
5.09889
3.7688
3.56578
2.23612
2.34129
2.88828
2.42041
2.69866
0.108934
2.69291
2.65419
0.850027
2.58974
3.03415
2.93773
1.78928
2.04944
4.14891
1.85249
2.31924
1.31888
2.95307
2.60369
1.72412
1.13837
2.60077
2.28971
3.55054
2.61158
2.1633
2.63329
2.63
3.00086
2.26517
2.45056
3.13448
1.55565
1.64419
2.5822
2.58227
2.65734
1.65125
0.950953
1.93325
3.80269
3.27428
2.86612
3.09392
1.68916
2.32388
1.74277
3.05887
4.04422
3.18121
2.21711
1.36927
0.869828
3.13475
2.8091
2.92804
3.41809
1.09919
2.67965
2.16347
3.12175
1.65431
2.08553
2.72621
2.17097
2.44572
2.26657
4.535
2.74079
1.91114
4.51576
2.10238
1.38369
1.60548
2.05059
2.59405
2.19559
2.09427
4.31854
3.14215
3.38141
2.89111
1.59608
3.2584
2.27965
3.83109
1.67426
1.98539
3.25205
2.86471
2.82551
3.45839
2.11178
2.29686
1.56865
3.48038
2.35269
3.22883
1.86444
1.6988
1.43139
3.75122
1.51208
3.02378
1.66935
2.02805
1.80102
1.21305
2.0771
3.17793
2.89411
1.84226
2.36998
2.61018
1.92448
2.81698
2.25173
3.08797
2.13733
0.936301
2.21287
1.80487
2.53733
0.956373
3.39973
1.97071
0.561882
1.55055
1.34806
2.33024
1.48788
0.956947
1.63989
1.26767
2.42505
0.759282
1.96435
1.74716
2.18795
1.83377
2.84478
1.85002
3.30647
3.79412
2.18595
1.29406
3.89538
2.52102
2.1761
3.01952
2.71142
2.67222
1.85341
2.63991
2.87441
2.19406
3.75434
2.9183
2.55741
2.28928
2.70161
2.57773
2.5508
1.88336
2.81924
3.69703
1.15432
2.4709
0.339941
3.32891
2.59435
2.42354
2.76123
3.82509
1.95187
0.882092
3.21946
1.99315
2.4191
2.10848
1.74834
1.25794
2.39797
2.72002
1.404
1.86116
1.7897
2.01664
2.1213
2.16243
1.90265
2.31665
1.71085
2.98355
2.8807
1.64331
2.08716
3.48764
3.33278
1.52771
2.74677
2.31423
3.98127
2.49585
2.17877
3.46791
3.47572
3.30056
3.67213
3.65445
2.45953
3.61053
3.01065
2.10551
2.72993
2.94151
3.10789
2.7121
2.05897
1.84376
2.37043
3.17559
1.82618
4.45853
3.6616
2.43484
2.07118
1.78962
1.70684
2.18311
2.63812
3.21422
3.66155
2.09678
3.07918
1.91117
3.31371
2.80854
1.47903
2.67309
2.41019
1.16534
1.70337
1.39947
1.57338
3.11161
1.97142
1.60251
1.89471
1.86488
2.61407
2.04713
3.04785
1.79401
1.5687
3.34383
2.50747
3.03861
3.61474
3.19518
2.23247
1.38066
1.82297
2.73502
1.98964
2.26484
2.08931
2.16156
4.78242
2.81339
2.33925
2.47881
1.28285
2.9518
2.49324
3.35888
2.15945
2.8132
2.95175
3.01511
2.45904
3.36716
3.06502
1.96994
1.37585
2.64089
3.32138
0.868712
2.50877
2.93198
2.00339
2.35255
3.19469
2.60046
3.62481
1.46287
2.8545
3.71281
2.73633
2.40226
3.21328
2.29193
2.14012
3.76179
2.03736
1.09025
2.16318
2.75789
4.35344
0.758275
2.33922
4.18741
2.55232
1.77085
3.84555
3.08884
3.06225
3.30959
2.23044
2.59111
2.22918
2.20585
1.89693
0.765334
2.63096
3.9716
3.32912
2.75288
2.13592
2.23118
3.22054
3.91817
2.00086
2.56472
2.69537
1.6656
2.84921
2.00287
2.90709
2.00931
3.051
3.36546
1.47613
2.18589
2.90559
1.25442
1.56138
1.75999
3.10472
1.25834
2.48822
2.08125
2.83577
2.40145
1.74868
2.92403
3.7241
2.94789
2.62038
2.59958
1.3789
2.18329
1.85928
3.4005
1.56188
1.54857
0.986082
1.72816
1.93172
2.32139
3.49465
3.59417
1.89873
2.03659
1.92854
1.29335
3.26047
1.47197
2.91061
3.75662
3.4671
2.32569
2.88652
2.11432
3.78565
2.32107
1.8469
3.09022
2.02075
3.3371
0.690969
2.10272
2.5586
2.25903
1.86507
2.76757
3.04492
2.84825
2.39663
1.59743
2.85838
1.88457
2.19809
2.71343
2.50302
2.37674
2.52094
1.05077
3.0069
1.42172
1.06811
1.71911
3.78806
2.99293
3.10317
2.2317
3.24777
2.84397
1.97125
2.93613
2.36902
2.4247
3.36723
1.01307
1.33876
1.39747
3.38756
1.59284
3.33534
2.22235
2.44904
2.55782
2.7569
1.64457
2.24118
1.6875
1.01937
2.63662
2.2039
3.65879
2.8606
1.48823
3.58958
3.02274
3.48587
2.67696
2.47427
3.08842
2.48028
3.10794
2.39723
1.95849
1.38622
3.27453
2.30078
3.3371
2.40629
2.76547
2.35896
3.16185
1.56049
3.39331
2.20009
3.12421
2.34448
3.109
2.1322
2.27085
1.14311
1.92433
1.72759
2.03305
3.55424
1.18101
2.2064
2.47317
2.83406
2.04353
4.56479
3.31404
2.6815
2.23517
4.0305
1.59126
3.29799
2.23548
2.79614
3.05284
1.44855
2.34345
3.44895
2.49336
2.7413
2.40959
2.69053
2.25001
2.90911
2.87397
2.68445
2.72075
1.02458
2.31709
1.16805
3.37545
3.66697
3.42408
2.8159
2.50042
3.06151
3.77889
2.76277
2.87642
2.5817
3.41271
1.95329
3.64962
4.00661
2.91521
1.87808
3.08816
2.41258
2.24772
2.57816
3.17943
3.47937
1.5118
2.35005
3.12613
1.96354
1.49146
2.47119
1.71464
2.54972
2.42881
3.98965
0.914984
1.3828
2.08622
1.73627
3.33336
2.38261
2.64108
1.16254
2.95025
1.83246
2.57198
1.95241
2.05133
1.70974
1.75947
1.29861
1.68512
2.01884
3.02854
4.83758
3.34743
1.26078
1.64531
2.20701
2.63394
2.5112
3.14324
1.77872
2.65771
3.4082
3.36525
2.2661
2.69005
2.30785
3.3726
2.84495
2.2282
2.92099
3.4857
1.61927
2.01118
1.15873
1.78528
2.23227
2.65391
3.01627
3.85323
2.03513
1.74622
1.90297
1.71748
2.26904
2.67942
1.68682
2.43122
1.82289
2.12933
2.84803
2.34437
1.22739
2.93136
1.40249
2.10281
2.61729
2.15608
2.22152
2.18808
3.47082
1.69849
2.05193
1.71279
1.84855
1.57569
2.84197
3.58574
2.43531
1.86081
1.13413
2.84106
1.21516
2.82152
3.83934
2.72691
3.4401
3.14297
3.00596
1.85984
0.899009
1.75385
2.80323
2.98767
2.01809
0.959338
4.14641
3.77056
1.47485
2.94832
1.20669
1.69271
1.39225
4.2442
2.9688
1.75529
2.69234
3.26799
2.24226
2.37709
2.74602
0.860759
2.80219
1.77229
2.65404
2.34533
2.64751
2.47006
2.60941
3.12087
3.08217
2.67238
2.4088
3.65845
2.09969
1.51825
3.43785
3.37189
2.15247
1.42133
2.94856
3.20815
2.68476
1.37813
1.36325
2.69966
2.48831
0.795669
3.78118
2.25978
2.31966
3.11374
2.68633
2.74907
2.77248
1.25012
2.36379
2.39877
2.25174
1.76804
2.32114
2.43345
3.03245
1.04376
2.52332
2.37651
3.35716
3.40533
1.93049
2.81022
1.2181
2.81029
2.91847
2.57297
3.27314
1.86705
1.83482
1.68308
1.74073
2.11631
2.50263
1.84062
2.06844
3.24119
3.70142
4.05991
2.37939
3.32451
3.2229
1.94916
2.32053
2.98401
3.28441
0.950005
2.39038
2.79631
3.99449
3.04258
1.64536
3.25938
2.93957
2.56532
2.91412
1.97117
2.37078
3.61859
2.29657
2.14095
1.81971
2.57619
3.85154
1.9073
2.38316
1.07224
3.39313
1.07024
1.67491
2.44188
4.04613
-0.075487
1.92357
3.45537
3.78711
3.32961
0.627247
2.29052
3.1578
2.00289
2.66176
3.49324
3.54403
1.44601
2.63376
1.6132
1.75279
2.07878
1.5833
0.442377
3.03789
3.04122
2.67589
3.60071
2.37139
2.04627
2.38906
2.39006
2.18667
1.88572
2.97576
1.9817
3.6762
1.27494
1.66117
2.24919
2.28792
0.88595
2.15247
2.72393
3.60923
2.75441
2.26775
2.45769
2.74873
1.83837
2.44857
3.25226
2.27515
1.68603
0.960463
1.60262
2.24575
3.0498
2.90669
3.15837
1.92641
0.52396
0.740018
2.41472
2.48582
2.25958
2.03666
2.41506
2.20875
3.39788
2.21788
3.46907
2.84759
3.21525
2.64265
1.39582
2.6817
2.47711
2.90945
2.83674
2.8188
3.92211
3.44328
3.42247
2.46437
1.91395
2.82578
2.45103
1.78319
1.25555
1.90357
1.82947
2.10842
2.78961
2.68579
1.81636
2.3238
2.04286
2.33231
2.65626
1.53398
1.69374
2.30626
3.40367
2.96454
3.18776
2.45654
1.76963
3.60502
2.90002
2.3485
1.75636
3.18276
3.23788
1.76792
2.89448
2.75797
1.53254
1.67415
2.17491
2.20291
2.78322
2.28606
2.8429
1.83144
2.63959
3.60553
2.18008
3.79909
1.57029
2.16355
2.60122
3.82744
4.00859
1.82564
3.79903
3.05285
3.67287
0.864574
1.71073
1.65293
1.58566
2.56057
3.0117
2.75884
3.00622
1.76533
2.76685
2.73396
2.72156
1.82661
2.98944
1.63932
2.71467
3.19407
2.26835
1.3906
2.9937
2.85137
3.09487
2.81569
3.50566
1.95501
2.31474
3.06625
2.35256
2.44871
2.81694
2.8974
2.18088
2.33977
2.01518
2.14564
3.35
0.705701
1.37107
2.67406
1.44901
2.81351
1.54064
3.31931
3.00357
2.59608
3.09682
2.29725
3.49537
2.5199
2.33562
2.42461
2.0846
2.2007
2.19809
2.64131
2.28176
2.76307
2.94634
2.52586
2.89253
3.26117
1.8757
1.07616
3.25372
3.10442
2.12724
2.30437
2.04252
2.25265
2.78237
2.69632
1.55507
3.46706
3.6721
2.78303
3.13661
1.70438
2.9649
3.65744
3.48665
3.58723
3.08693
2.6987
2.18844
2.77424
3.37945
3.77795
2.66774
1.8369
2.31664
3.23226
3.29936
3.85094
3.38635
2.95928
2.49765
3.35898
2.20478
1.83835
3.2129
2.24972
1.93146
2.79787
3.16619
2.14712
1.66172
2.03702
2.41494
3.66166
2.69758
2.05965
3.37705
2.80583
3.78496
3.0171
1.91186
1.31455
4.15559
1.39598
3.31517
1.63797
0.726811
1.82281
1.10099
1.89225
2.14864
3.12725
4.47392
3.0543
3.13534
2.22387
2.33103
2.83425
2.23696
1.79104
2.52458
1.79904
2.50765
3.14604
2.85412
1.66353
3.02842
3.51368
2.40773
1.19178
2.24541
2.96455
3.36637
3.04229
2.30561
3.55991
3.14089
1.76407
3.23991
2.36899
2.49514
1.70629
0.899499
2.45425
0.881702
1.9566
1.9545
2.57657
2.32858
3.77843
1.21757
2.22412
2.39422
1.74603
1.6418
2.0841
1.55708
1.34153
2.38491
1.55567
2.44163
3.18302
3.33009
3.83398
2.049
2.07249
3.26915
1.68806
3.18846
2.63988
1.35832
1.26244
-0.438488
2.39968
2.18974
2.47345
2.37358
2.68054
3.14336
2.18029
3.74851
3.00654
3.50239
2.90915
1.48859
1.7991
2.85212
2.71978
1.93746
3.17022
3.52779
3.51492
1.79032
3.73089
2.50559
2.02178
1.85983
1.93311
2.64633
2.11524
3.55565
0.924193
1.66771
3.4123
4.1601
3.28555
2.54872
2.43323
2.07464
1.82929
3.0844
1.74836
2.19024
3.08405
3.15331
2.53174
2.13036
2.25054
2.27299
1.9488
1.15915
1.61416
2.3994
1.60685
1.14896
2.55054
1.70205
1.1311
2.02982
2.69806
1.95127
1.8917
2.21366
2.74421
2.24404
1.73692
1.95608
2.95852
1.64954
1.66379
1.49688
2.88829
2.82109
1.58852
2.91053
3.12989
2.15584
1.74214
2.04034
3.43741
2.65369
2.12749
2.14963
1.96867
2.96636
2.37551
2.456
1.73339
2.28286
1.26931
1.6341
2.23402
3.37681
2.09036
2.80735
2.7201
2.87857
3.40189
2.87383
2.2423
2.96072
4.21278
3.09418
2.04451
3.16648
3.13965
1.78253
2.49753
1.20634
3.15103
1.95112
1.21244
2.80217
2.95512
2.91605
3.50357
3.00564
2.472
1.33354
1.52423
1.92319
3.08045
1.32052
1.36852
1.36128
2.50733
2.5724
0.865981
2.18921
3.3561
2.93636
2.12139
3.15312
2.23863
3.44665
3.77875
1.83568
2.81902
2.04444
3.03527
2.01693
2.64416
2.18197
2.8075
1.72337
1.60971
2.19636
2.19998
2.83383
2.41927
2.9881
2.56288
3.92772
2.89319
1.9315
1.34475
1.71103
3.00275
2.86377
2.23791
2.70494
2.62013
1.81912
2.66065
1.42277
3.07958
2.65033
1.725
1.99995
1.69523
2.44786
2.00646
2.46368
2.3336
2.14777
2.41945
2.7276
3.54021
1.52451
2.25728
2.19753
2.3627
3.01143
3.02245
3.38489
2.42408
1.26475
2.29685
2.38289
2.59755
2.41987
1.8662
3.79105
2.07562
2.65897
1.68471
2.51693
2.63843
3.09464
2.37867
2.08063
2.74527
1.68038
2.63756
3.12047
2.02279
1.45978
2.03013
2.96601
3.12371
2.49439
3.13861
2.61156
2.62792
1.79709
2.28065
2.7349
3.57475
2.20477
1.69302
1.82566
3.97984
2.03328
1.16193
2.76918
2.76452
3.32518
3.72455
2.58322
2.5624
2.49289
1.30601
1.88593
2.83603
2.97336
3.18245
1.03195
2.64651
2.85972
2.04383
2.72022
1.22253
1.38553
1.3326
1.56725
2.31065
3.308
1.84558
2.8767
2.70492
2.35779
2.84211
2.12471
1.04311
2.96864
3.30368
2.5025
0.665295
1.95366
1.38186
1.42955
2.12744
2.30342
1.91786
1.00657
2.25548
3.05606
2.4857
3.83241
2.44917
1.68192
2.54521
1.9482
2.44917
1.10332
3.00406
2.34529
1.85035
3.73494
3.46827
2.62497
1.50882
2.6623
2.53587
2.33722
1.83255
2.61065
3.52212
1.30025
1.1862
3.16778
4.01208
3.91407
1.73145
1.79338
1.97577
1.31213
2.98866
3.88989
3.15546
3.43054
1.94993
2.91384
2.56997
4.22947
2.02253
3.10807
2.64219
2.21753
2.83269
2.69032
2.33925
2.44126
3.3817
2.47734
2.66232
1.35342
2.08091
2.45429
1.60324
4.33974
2.22542
2.87806
2.84198
4.16712
2.82701
0.286871
2.40763
2.74748
2.99456
2.11291
2.58158
2.39104
2.50269
3.10921
0.5343
3.38342
3.70948
2.45555
3.03736
1.87264
2.7119
2.33391
2.80431
2.41953
2.89573
1.83001
2.39694
3.27044
0.401858
3.04041
2.68937
1.70607
3.18117
3.2447
2.33905
2.52883
1.70947
2.3422
3.05293
2.61386
2.62979
2.15886
1.51432
2.85873
2.28889
2.34786
1.96131
2.32431
2.22663
3.04605
2.96753
2.00298
1.90885
2.61852
1.37046
3.38295
1.97688
2.76221
3.66061
2.59932
2.58592
2.2773
2.54247
2.99205
3.82032
1.73316
2.36127
2.75289
1.90627
1.34039
2.40505
4.2003
1.22182
1.6606
2.11511
2.95252
3.12794
2.90072
2.19431
2.32089
1.63603
0.780877
1.26619
2.35867
2.9818
3.16255
2.21272
2.68541
3.18659
1.58085
1.87795
2.24536
3.43261
4.46254
1.85065
2.5502
2.75264
2.34576
2.88889
1.70025
1.3609
1.70028
2.16912
3.04499
3.86731
3.99317
3.09466
2.16365
2.98311
2.53818
3.47946
1.35931
2.13722
1.65833
3.73021
2.53894
1.46997
3.48227
4.4436
3.35668
2.40151
2.35588
3.99771
1.54458
1.37019
1.2015
2.57355
2.66318
1.2751
2.59548
3.04726
2.65095
2.53426
2.07035
2.29553
2.99289
3.02775
2.67224
1.54618
2.79909
1.60193
2.3699
1.55674
0.873996
3.05701
2.25275
1.68584
1.84269
3.56251
2.77321
1.68806
1.50397
1.63645
2.5882
2.71951
3.11864
3.46301
2.08554
1.34259
2.98462
2.05658
1.71005
0.441066
1.02044
3.26395
2.82973
3.68635
2.65843
2.99195
0.620717
2.69651
3.06634
1.69296
1.25399
2.37043
1.63448
2.29295
1.55912
2.44556
1.50036
2.29273
2.05316
2.41889
2.78937
2.69173
3.06541
3.13622
2.44419
1.83105
1.83027
2.84191
2.30999
2.61511
4.02041
1.42016
2.37174
3.33324
1.83207
1.35136
1.96971
2.8462
2.02071
3.34428
1.75894
1.34982
3.37567
1.61108
0.940206
2.1225
1.30665
2.10132
1.86346
2.57533
1.622
2.72528
2.2848
2.72635
1.68274
2.29855
0.963479
1.32927
1.89539
2.72532
2.53656
3.52854
3.07229
2.81216
2.77446
1.87283
2.74554
2.40208
2.56413
2.54968
2.49557
1.87022
3.2792
2.1367
1.78778
2.2853
2.07594
2.23883
1.59183
2.35652
2.20543
1.35394
2.154
3.22614
4.26485
2.42858
3.84043
2.20846
1.62798
1.89621
2.4023
0.769748
3.3697
1.65052
1.71561
2.42948
3.20484
2.21783
3.56569
2.19438
3.90592
2.82304
2.95056
2.05555
3.82311
3.02125
1.96225
1.63963
1.82935
0.62197
2.43781
1.48002
2.35508
4.30831
2.27027
2.38352
2.57322
2.45041
1.93923
3.03647
2.07297
2.47853
2.04523
4.03302
1.96908
0.880282
2.08049
2.38179
2.07725
1.44379
2.51648
2.51382
2.13298
1.89554
2.28334
2.7326
2.454
2.96785
1.17616
2.12335
2.04159
2.36015
0.793153
3.08029
3.68952
2.99105
3.21202
3.29774
1.99896
2.14198
2.95805
2.52021
2.49916
1.69942
3.77411
3.34085
4.11106
1.31567
2.80662
2.01811
2.74554
0.945325
2.14001
2.82248
2.1965
3.49836
2.30271
2.19847
2.90353
2.50097
2.14333
1.89497
2.60637
3.27506
3.29554
2.43469
2.29947
3.1338
2.22576
2.11385
2.97695
2.73482
2.25722
3.24123
3.90459
2.84455
3.58588
3.67176
3.6176
2.27142
3.20951
2.56016
2.0934
1.88223
2.09867
1.12335
1.28004
1.68182
3.04792
2.97201
3.09012
5.20546
2.49615
2.36873
2.85714
2.98986
2.20897
3.11696
1.60578
2.0188
2.19534
2.16867
2.60506
1.83644
3.29743
1.93795
2.38144
2.47698
2.45487
2.66527
4.0884
1.37165
3.77121
3.24085
2.19115
2.27599
2.28881
3.42447
3.1729
2.98737
0.460833
1.97529
2.16254
3.24393
2.22318
2.77374
3.56701
2.15089
2.55756
3.42289
2.78135
2.08888
2.30331
2.70365
2.32409
4.16275
3.12959
3.2809
2.46058
3.05555
3.11223
2.53706
2.80411
3.95691
2.82932
1.6809
2.52084
3.3102
1.72641
2.436
2.05004
2.98816
2.41476
2.70953
1.35712
2.53285
1.51204
1.61393
2.12897
2.84281
2.66895
2.45483
3.14278
2.9423
3.3271
2.09006
2.51848
2.14243
1.86631
1.78206
1.31269
1.84617
2.224
1.74209
1.01854
1.25686
2.06432
1.77685
2.51544
1.33513
1.53381
3.63396
2.80316
1.61905
2.89992
1.8279
2.3156
3.49964
2.97055
2.19409
2.58862
2.7321
1.41526
2.58417
2.76138
2.24357
2.1311
2.07404
2.952
3.27495
3.41081
2.56206
2.14067
3.04105
2.74015
2.91977
2.14426
1.37913
3.50957
2.88403
3.46493
3.22376
1.84394
2.35439
1.89076
2.15326
1.63926
3.00722
3.1008
1.09187
2.64347
3.58019
2.98537
2.74144
2.83942
1.53248
2.6702
2.7937
2.6612
2.94692
2.08044
3.60932
3.38233
3.25185
3.31505
0.66486
2.08302
1.90512
1.88448
2.29485
0.707489
3.67415
3.26785
2.09777
3.50737
3.55899
1.68278
1.89638
2.27716
2.03486
1.23369
2.51912
2.91716
3.46554
3.12796
1.52654
1.66391
2.54834
1.6943
1.82539
2.80167
3.14562
3.70034
3.01142
3.54912
2.56552
2.86737
2.20128
2.15539
1.32295
2.44457
2.33777
2.44046
3.28169
2.13092
0.441367
2.04485
2.6298
2.41603
3.32143
3.6512
2.38709
2.44761
4.09693
1.33319
3.19321
3.36554
3.55282
3.64478
1.72157
0.886325
2.73467
2.66276
2.63531
3.359
3.10844
1.68439
2.57986
3.08115
3.62734
2.38994
2.42129
1.96213
1.33798
1.47038
2.01003
1.92668
2.12138
2.06137
2.11293
2.26143
1.47243
2.73874
2.87295
2.10023
1.78357
2.23944
4.06086
1.82993
2.54058
0.980091
2.44016
2.31093
2.58841
4.02001
1.82955
3.75641
2.69879
2.02882
2.151
2.80285
1.97086
2.04027
3.13713
2.47172
3.06816
2.50774
3.07369
3.44052
2.82911
1.82883
1.89692
1.26149
2.47401
2.55246
1.85084
3.82715
2.9053
2.36155
1.50374
2.6565
2.95635
3.60992
2.71486
3.27064
2.85156
1.6373
3.49802
2.01618
2.15872
2.92532
2.99144
2.66514
3.10914
4.22731
2.35851
3.15987
2.39367
2.08323
2.75492
1.32041
3.20556
1.38684
3.75739
3.18327
1.26467
4.03774
2.0245
2.51533
2.21228
2.83588
2.78862
3.86148
0.913223
2.59305
1.84138
2.0257
3.09955
2.8686
2.55683
3.32096
1.66272
1.8295
2.29342
1.459
0.983268
1.69873
2.59102
2.30757
0.780332
0.921191
2.24147
1.98103
1.85325
3.9317
3.13984
2.08219
3.01725
1.00604
2.19199
2.22059
3.24332
2.73768
2.34859
3.08522
1.82825
1.6367
2.335
2.10193
2.51329
0.994442
0.996095
1.79714
1.36976
2.62195
2.29735
1.93394
1.99937
2.87484
3.10213
2.55875
3.07806
0.557017
1.61228
3.69479
2.2014
3.72088
1.54285
2.62205
2.73162
1.86901
3.93496
1.92489
2.21688
3.56311
0.816271
2.43789
2.30212
3.29199
2.8939
1.96192
3.21024
2.83575
0.664664
3.45084
2.74461
3.49352
2.5534
2.43154
1.78185
3.76284
3.95474
3.03832
2.3541
1.84884
3.4275
3.64679
2.26725
2.53416
2.87345
2.39418
2.11141
1.79718
1.38271
1.63095
2.39911
3.12552
2.27545
2.01663
1.88755
2.59115
2.00355
2.89113
3.20373
1.99541
1.49392
2.91033
2.33907
1.50892
2.67056
2.27918
2.98222
3.05409
3.25071
2.04853
2.35645
3.29237
2.80883
2.05661
2.42763
2.01712
2.23198
3.5784
3.22772
3.11392
2.1987
2.69348
2.13365
2.93925
2.08495
1.81042
1.74887
2.36932
1.53846
1.4393
2.82118
1.77867
3.09188
2.35159
3.54202
2.29039
2.1485
2.27664
1.69606
4.02696
3.07137
2.48404
0.999816
1.17693
2.15715
1.57771
1.20512
2.3607
1.78739
2.48736
3.20492
1.29051
1.76411
1.74721
3.75312
0.957804
1.55333
1.62554
2.39539
2.51267
2.00442
2.62684
1.06496
1.62277
3.47346
2.35706
2.04147
3.08768
2.3089
1.88197
2.45208
2.84261
2.29158
2.55063
1.38549
3.06269
2.03507
2.47509
1.66021
3.05988
1.16236
2.98986
2.1133
1.0889
2.6389
1.92113
1.68864
1.97676
1.45191
1.87802
1.16015
2.73227
3.62307
3.10236
2.68694
2.79125
1.77154
2.76882
2.57415
3.12947
1.60105
3.18865
2.99287
2.37507
1.71021
1.24871
1.76872
1.94019
1.63895
3.03453
1.48243
3.42887
2.79621
2.99895
4.58342
3.44484
2.32678
1.54163
2.08289
2.32803
1.67293
1.88123
1.88509
1.91451
2.67538
3.1117
2.47302
0.915158
2.15202
3.86226
1.3627
1.92173
3.38758
2.49694
2.64309
1.61885
1.98109
2.32185
3.4082
3.40302
3.71205
3.51285
3.06388
0.983779
3.13853
1.90536
3.90869
2.33414
1.67144
2.34807
2.00638
3.00693
2.4249
3.19247
2.76628
3.43582
2.51234
1.71093
0.440725
2.80111
3.89285
2.66375
1.62549
2.21873
2.70885
2.1307
1.79115
1.16704
1.34724
4.31643
2.47672
2.76116
3.64405
2.85746
2.61943
1.78479
1.77751
2.86042
3.13107
2.27465
2.21235
1.39449
3.51885
2.71487
4.25636
3.0404
3.72957
3.19714
3.78859
3.46679
2.65305
2.10334
3.47535
3.44403
2.46583
2.13561
3.09135
2.62894
2.00157
1.43396
3.46869
2.7008
2.86367
3.60629
3.42242
2.56431
2.35053
1.74834
2.37056
2.61965
2.48834
2.09297
3.20948
3.26599
2.46976
2.15212
1.31406
2.10415
2.4252
1.4533
2.09551
1.80268
2.50063
1.41149
3.05934
4.0385
1.33209
1.10196
1.07974
2.33251
2.84978
2.37455
1.75973
2.08937
1.68725
2.79155
2.91426
3.21101
3.15871
2.2986
2.90298
1.11005
1.8766
2.14933
2.89567
3.36978
1.22275
3.50648
3.82825
0.405022
1.73229
1.76466
1.6231
2.57276
3.87398
1.45984
3.33791
1.90072
1.13411
3.89163
2.92596
1.52875
2.98885
2.56192
2.25227
2.29759
2.64648
1.86943
3.00935
2.95658
1.92115
3.08669
2.97383
2.72509
2.08657
2.06241
2.86439
2.99094
2.60774
1.23688
2.70588
2.78003
3.41024
1.80783
2.53781
2.99488
1.71706
2.80564
1.07434
2.35221
2.29697
2.64533
2.80951
2.9735
1.65754
2.82398
2.86132
1.5918
2.61535
2.61625
3.5574
2.01426
1.19712
3.19983
2.99361
2.96412
2.03583
2.22197
1.24943
2.14043
2.76898
3.15179
3.36092
4.74648
2.52937
2.92783
2.16911
2.67117
3.13556
1.84412
1.92127
2.82193
2.31202
3.43139
3.14475
2.6463
2.85334
1.33438
2.9988
2.12658
3.96832
3.03986
2.085
0.76866
2.11651
2.3583
1.8017
2.49226
1.90993
1.56238
3.01465
1.97928
3.06191
2.71269
1.10962
2.5659
1.52255
2.75603
2.48655
1.8334
2.83088
3.34113
1.82113
2.63996
2.08597
3.63439
3.12354
1.62961
2.53911
2.42311
3.47673
2.97005
2.65428
1.51955
2.50825
2.10858
1.81413
1.5291
2.66779
3.22019
3.81452
2.27039
2.20337
1.6973
1.3757
2.81999
1.17966
1.62869
1.23493
2.1477
2.27412
3.03899
2.29116
2.92155
2.4017
2.14013
0.195681
2.12204
0.995968
2.10594
1.75465
1.93788
2.48802
1.41089
2.05856
2.43508
3.76004
2.41217
2.718
2.82175
2.28204
2.03978
2.65094
1.71551
1.73937
2.88528
3.43204
3.28329
3.05925
1.96669
1.8224
2.69348
1.17526
1.33895
2.64801
2.0358
3.04346
3.31392
3.32878
2.12155
2.78558
3.84045
2.84549
2.89143
2.82711
3.05328
1.76256
2.38655
2.42273
1.82755
1.25385
2.33211
3.40902
2.18611
3.21344
2.42001
3.23858
2.11978
3.31288
3.30776
2.71333
2.02806
1.82823
2.47961
3.16907
2.62234
3.66036
2.32388
2.36327
0.972685
2.35047
2.16417
3.89273
3.08205
2.86854
3.3923
2.00655
1.47302
1.77327
2.68183
2.38035
1.7108
2.2801
2.30767
2.54721
2.6047
3.34787
2.31375
2.71273
1.6729
2.23623
2.79897
1.6093
3.08218
2.37799
2.31476
2.7041
2.38045
2.47421
2.38029
2.21543
1.09221
2.23453
2.93509
2.30924
1.04661
2.07939
3.03226
3.94559
1.46974
1.51073
1.60622
2.8647
1.54567
2.45943
4.07792
2.60505
1.89677
2.46629
2.48737
3.44422
1.7483
4.05554
2.21142
3.44933
1.19831
2.15763
1.09343
0.52952
2.86097
2.14545
1.48137
4.00807
3.44768
2.27405
1.32866
4.69036
3.74311
2.30928
3.65372
3.09931
2.74434
3.26465
4.01662
3.55784
3.72264
2.99176
3.03601
1.55101
2.40294
1.85503
2.08533
2.20268
2.14125
2.57352
2.83544
2.62244
3.70759
2.36579
2.16379
3.21729
2.25794
1.19702
2.37198
1.61279
3.04313
1.83474
2.46104
2.90646
1.43608
1.03566
1.21007
2.9798
3.12227
2.48344
1.20751
3.19293
3.06462
1.98174
2.48933
1.7654
1.46244
3.4611
3.35375
3.64729
3.56964
2.83742
3.43627
3.12256
1.35195
1.99969
2.86673
3.38522
2.98449
2.2509
1.99205
1.05514
1.65719
1.77236
2.17681
2.15662
1.9767
2.79174
1.77994
3.33543
2.5322
2.73919
1.73521
2.04935
2.64663
2.67241
1.7214
2.48416
1.54643
1.63207
2.8465
1.21613
1.38797
2.02023
3.07556
1.45311
1.57598
2.27945
2.26969
2.34044
3.08678
2.25349
2.7328
1.48765
2.46354
2.17778
3.23391
2.97503
2.96112
2.3655
3.00166
2.17942
2.51267
3.87662
2.27424
1.8717
3.49609
2.26394
2.55682
2.01688
2.73265
-0.245728
2.22332
3.17365
1.86351
2.32601
2.88315
2.60918
2.02619
2.19968
3.16127
3.38148
2.40117
1.72971
1.7446
2.25136
3.34744
2.14446
2.33633
2.66692
2.35361
1.47905
3.42313
1.96842
3.85097
1.92255
2.51344
3.35128
1.52596
1.501
1.45419
1.60494
1.39618
2.12235
2.07223
3.4875
3.62262
2.4523
3.09086
2.94064
2.21766
2.49595
2.62847
3.95573
3.20135
1.9967
2.81521
2.87713
2.98952
3.67238
2.77474
2.00772
1.73009
2.10066
1.04917
2.40646
2.83437
2.62883
2.42588
2.74217
1.41597
2.60888
3.02085
3.12856
2.39538
2.34832
3.27054
1.92415
2.88198
2.9411
3.1832
2.02148
2.85706
2.66818
2.76485
2.65033
3.49864
2.83775
2.39093
2.79896
2.27269
1.64072
3.54748
2.96804
2.97858
1.91022
3.27094
3.96894
1.88655
2.385
1.42246
2.92661
2.07299
2.47056
2.29516
3.30165
2.21296
1.82266
2.81703
2.53149
3.46565
1.93509
0.483062
0.880788
2.53923
2.30111
2.40836
2.76675
2.38384
2.18317
1.69385
4.04633
2.80857
2.03062
2.97472
3.73545
3.08633
2.31415
2.3582
2.18511
3.26094
1.55298
2.3041
2.77496
1.91152
2.61085
3.65844
1.83252
1.38114
1.80943
1.89645
2.46322
1.95299
2.2949
2.82971
2.29779
2.85126
2.61893
2.363
2.97842
2.81846
3.01063
1.4299
2.41824
2.03336
2.44369
2.0731
2.51708
1.97496
4.22533
3.56866
3.56948
1.82847
2.48259
2.42212
2.94147
2.10532
2.31743
2.3962
2.38928
1.19303
2.51693
3.24298
2.6389
2.44704
2.15378
1.63035
2.55022
2.79709
2.07488
2.42395
3.0364
1.92181
2.3006
2.60379
2.11694
3.08676
4.05777
3.11429
2.07373
0.93583
2.35937
1.95912
2.44482
2.98136
3.6482
1.79665
0.742786
3.73836
2.17138
2.99512
2.30359
2.7073
1.50988
2.59735
2.33595
2.84972
2.18611
1.83462
3.07033
1.92294
1.87263
2.36424
0.627311
2.27556
2.90453
4.19326
3.09186
2.58054
1.92297
2.11796
2.15082
0.800937
1.56615
1.18975
1.3947
2.09848
2.83641
3.26556
2.82414
3.71793
2.00057
2.91183
3.23387
2.02611
4.46875
2.93309
2.2811
1.39142
2.65596
2.7591
2.09727
2.97155
2.09872
2.62042
2.44199
2.37597
1.76039
1.58475
4.18641
1.93453
3.18436
1.85544
1.64457
1.91715
1.99834
0.515367
2.43356
2.11563
1.00591
0.669457
2.28198
3.11546
1.38847
2.81345
2.71397
3.16881
3.14587
3.1219
2.37199
2.80055
2.49226
2.68084
4.16816
2.56955
3.46181
1.9183
2.85349
2.13823
2.50731
2.13813
2.47552
3.25636
1.81043
1.69159
2.46859
2.32009
1.98707
2.7062
1.15139
2.38094
2.53332
1.70343
2.3857
0.955705
2.22066
2.48244
2.34046
2.83103
1.64211
1.4858
2.30788
2.69057
2.62183
1.59938
1.87424
1.89644
1.74717
2.73909
1.22305
1.51296
1.53328
3.54318
3.27216
2.89754
2.90028
1.18558
2.0308
4.23016
2.95847
2.72496
2.8471
2.15187
3.69542
1.53558
2.56351
2.71515
3.09768
1.70284
2.6845
3.73586
1.57223
1.15441
2.47145
4.65495
3.22475
2.73411
2.12417
2.10493
2.37563
3.10731
1.55494
3.37507
1.77344
1.53502
1.95694
1.394
1.11474
2.59336
1.71853
2.62005
3.08989
2.54522
2.50725
2.18707
2.64255
3.63856
1.97234
2.24056
1.2454
3.66029
2.0907
2.66223
3.35342
1.70393
2.76163
1.80032
1.41083
1.55538
2.74908
2.93305
1.71327
2.31147
1.88412
2.32287
1.78321
2.89002
2.55569
2.97488
2.94
3.08686
1.52274
1.48264
2.6491
2.41221
1.92316
3.40686
3.18807
2.8419
3.29562
1.87301
1.06576
2.95247
1.9702
1.48624
2.32752
3.23399
0.561219
1.27396
2.0726
2.71823
1.39756
3.17117
3.29612
2.22309
2.48671
2.63279
2.80568
1.28225
3.13317
2.56073
2.74467
2.90909
4.34095
2.69709
2.51215
2.7826
2.88943
1.21066
1.9089
2.13985
1.37782
2.66178
1.88031
0.787291
1.39917
1.85462
1.93003
3.00267
4.79273
2.82098
2.04496
1.47561
2.27322
2.3892
2.34127
2.83929
3.42512
4.04266
2.19439
1.96558
2.19797
1.61813
2.93044
2.63377
2.53184
1.98732
1.92252
3.32434
3.51833
3.33147
2.94804
3.01806
2.49002
2.63167
2.59127
5.67268
2.731
1.39003
1.75101
1.56726
1.52033
3.18923
2.16918
1.7217
1.76074
2.69262
1.46712
3.32865
1.58535
2.57832
1.51345
2.33585
1.97845
1.41854
2.92246
2.02091
1.98205
3.57896
2.10883
3.23186
1.05478
2.54899
2.33387
1.70572
2.30732
3.36795
2.96836
2.81441
2.6424
3.33055
4.29011
1.95971
1.85192
1.37045
2.48207
2.95473
0.932244
1.44383
1.86581
3.77253
2.4524
2.25085
2.51408
3.06435
2.46527
2.74655
2.8396
2.5563
1.9682
2.07535
1.14142
1.90117
2.52495
2.78393
0.894762
1.90049
3.04122
1.54185
1.243
1.27896
2.30484
1.53643
1.45332
0.975924
2.95977
1.85616
2.10993
2.60523
1.19644
2.30217
2.70036
2.79028
2.8768
2.26617
2.59137
2.08415
2.88163
3.46521
3.60167
2.90948
2.9752
2.83748
1.0315
1.84772
2.49471
2.12544
3.4456
3.37462
4.07277
2.32121
1.56548
2.80051
2.37558
3.76224
3.46339
2.29225
2.66721
2.77978
3.39368
3.74319
2.52794
1.2915
1.71603
2.98515
1.97572
3.17656
0.750051
2.8923
2.35824
2.1329
3.46619
1.96766
2.79607
2.31288
0.982009
3.07543
2.30746
1.68529
2.28498
2.92089
0.674723
2.64437
1.4781
1.92829
2.28586
3.05263
2.43494
1.93236
3.54849
2.39204
1.2497
1.48295
1.75881
3.24129
2.54938
4.19225
2.77181
2.43827
2.72533
1.71534
2.25452
1.64018
2.20122
1.77403
2.13464
1.90395
2.27252
2.95784
2.20438
2.99504
3.68755
2.28151
3.76914
2.38325
2.4365
2.72258
2.39385
2.44259
1.86281
2.32557
1.92516
1.35265
2.50242
1.62672
2.6609
2.42083
2.92419
2.47501
2.90918
3.45491
1.961
2.30773
3.37526
2.22435
1.52979
1.4044
2.90811
2.03975
2.15777
1.72903
2.00102
3.31067
2.01976
2.27788
3.08496
1.25576
2.04509
0.893246
3.36523
2.97234
2.08434
1.75085
1.69245
2.43673
1.65938
2.03034
3.19979
2.55841
3.10985
1.68476
0.598586
3.19183
2.2993
0.870377
2.32862
1.42463
2.19697
2.87755
3.19759
2.14885
1.71233
4.28699
1.12865
2.66393
2.92846
3.56586
2.86956
4.20677
2.77157
2.79316
2.26879
2.84783
2.70548
1.67686
2.39829
2.82227
3.11456
2.69172
3.73203
2.68182
3.44054
3.14616
1.432
2.04863
2.31144
2.61286
3.44978
3.09268
2.18282
2.276
2.41086
1.0369
2.77839
1.75855
1.94465
1.83995
2.53431
3.18093
2.0394
2.51725
0.980266
3.51127
2.66041
1.73306
2.5626
1.70719
2.12525
1.78993
0.836549
1.98661
2.0876
1.27955
3.21315
4.21317
2.03523
2.00386
2.65201
2.43493
3.28667
1.84585
2.43176
1.76951
2.68776
0.895424
3.64904
1.75991
3.39053
1.54389
1.52115
2.89686
3.15755
2.29793
2.74397
2.10142
2.68214
2.80391
1.44522
2.50261
2.67613
2.87294
3.04162
1.70279
1.2646
1.90782
1.28604
3.46396
3.02152
2.6452
2.169
2.39578
2.81692
3.55386
4.12031
2.69488
2.22176
2.75463
2.74636
3.76679
2.71204
3.35367
2.52491
2.95663
3.06831
2.73206
3.36119
3.01108
3.14334
2.59465
2.64199
2.84709
3.02405
1.40054
2.36432
3.25103
1.33898
3.6081
2.48491
2.12209
2.98715
2.93475
2.12446
1.57986
2.21101
1.30978
2.11504
3.30355
1.60048
3.49642
2.18352
1.00236
1.57139
2.80235
1.52007
2.99126
2.86177
2.22433
1.92832
1.93836
3.42205
2.80827
3.4161
3.02182
2.85379
2.87166
1.79653
2.33497
2.53403
2.21341
1.80956
2.11209
3.49026
1.69581
1.93051
2.59111
1.07502
1.29889
3.30698
1.96566
2.11264
3.09749
2.89087
2.96977
1.19586
2.09023
2.35969
1.95919
2.39715
1.91427
1.95185
2.5443
2.61442
1.12387
2.31177
2.74969
2.34733
1.74444
4.17491
3.05045
1.99267
1.99995
2.52702
2.65198
3.22581
1.94068
2.15191
3.00088
2.38435
1.27456
2.45865
2.67212
2.4472
3.53846
2.30417
2.8765
2.751
2.96181
3.32556
2.55929
1.47511
2.00424
2.48342
4.09356
1.6506
2.02222
2.89706
2.64629
2.91928
2.2566
2.52508
1.0165
2.68004
3.87713
2.8055
2.87151
1.68986
2.13093
2.45346
2.1285
1.9903
2.6543
3.60735
1.51803
1.81394
3.54362
0.854748
3.07389
2.15349
2.63313
2.8667
1.5459
3.70545
4.40042
2.4267
3.03112
2.53727
2.41005
3.22356
2.94038
1.91431
2.07563
2.6949
2.52368
1.36724
3.15298
3.44413
2.42467
1.64024
1.91756
1.78711
2.53992
2.46262
3.16297
1.44131
2.32566
2.57235
2.02322
3.24045
2.69239
3.04496
1.99322
3.41309
3.21634
3.94081
1.93891
2.44492
2.40813
2.14276
1.33824
1.04051
3.56971
2.85574
3.72198
2.91674
3.71114
2.79062
2.53958
1.38123
4.20683
1.947
3.17961
1.64994
1.23136
2.30557
3.16599
3.92058
1.8203
2.58636
3.2744
2.62154
2.67161
3.90011
1.52984
2.13992
1.11348
1.56948
2.11573
1.4998
1.49719
1.70013
2.6706
3.22384
3.45526
2.34732
2.77561
1.6107
2.07061
3.0991
2.60313
1.93441
3.58136
1.38012
2.91562
1.92488
1.64835
2.70699
3.42353
3.27356
1.689
1.24301
1.90406
3.07106
3.26315
2.89096
2.27247
3.00556
2.55605
2.34614
3.60817
2.38483
1.69545
3.72592
2.68602
1.60328
3.42488
2.75123
2.69303
2.96465
3.32082
3.11073
2.81095
2.88016
2.86701
2.20437
1.73961
3.06318
2.80135
3.33278
1.05668
2.9392
2.91524
2.86881
1.99509
1.65312
3.26612
3.14361
2.80531
2.60816
4.06028
2.9769
3.46497
2.55461
1.64072
2.40947
2.01055
2.75318
2.94315
2.73233
3.85148
2.55041
2.51182
2.39281
1.58297
2.57469
3.52725
2.42346
2.52951
2.65384
2.89504
1.66873
2.29876
2.76617
2.08054
3.08209
2.55214
0.70316
2.56907
1.29493
1.06133
2.98772
0.985928
2.01773
1.66866
2.61203
2.87194
1.84065
3.0503
1.4116
1.12548
2.25894
1.43374
3.14538
1.78128
1.29141
2.85101
1.37948
3.37396
2.04888
3.24313
3.6321
1.31094
2.4249
2.51076
3.41978
2.46115
1.34306
1.50735
2.14111
3.1001
3.39249
1.61631
2.1669
1.632
2.27458
1.47672
1.27454
1.67529
3.43875
3.09305
3.43566
2.45637
1.38272
1.32749
3.3886
2.05029
2.33144
2.47916
2.17677
2.49439
2.24723
2.12934
1.85688
2.58943
2.46271
2.22028
2.67842
2.95651
2.11221
3.22545
2.40069
2.49234
2.62815
3.83131
3.14272
3.01494
4.02181
2.17654
1.81584
2.0013
2.18452
2.39691
2.2824
3.58682
2.06427
2.21262
2.49123
2.24968
2.06556
2.3174
3.00203
2.04911
3.37052
1.54927
2.87596
1.27492
2.80345
1.99237
2.46148
2.35015
2.67093
3.23949
1.6774
1.55352
2.36678
1.43274
1.94413
2.37763
1.486
1.94097
2.27216
1.5512
2.09684
2.69571
2.15396
1.84818
1.97763
1.67198
3.77862
1.86992
3.00172
2.39334
4.02829
2.48777
2.54236
2.83402
3.00736
1.72228
1.10691
2.97204
2.29769
2.85585
2.25047
0.852625
0.952439
1.51667
2.00453
1.62501
2.71477
1.40885
2.17846
2.0313
1.25963
1.81523
2.1679
1.97867
2.47246
1.96516
1.98963
1.66759
1.5033
1.62123
3.58583
1.61656
3.22241
2.50469
2.32381
0.888505
2.46532
2.17078
2.98439
3.14358
2.301
2.84686
1.52782
1.85278
2.44837
2.30696
3.57867
1.36164
1.54028
1.66132
3.08348
1.842
2.89699
2.90056
3.09899
2.0024
2.52612
2.62211
2.5178
1.50218
1.39529
2.50402
2.80257
4.43269
2.51518
1.4773
2.39118
2.95491
2.72067
3.11419
2.41768
1.9215
1.87988
2.83213
3.29399
2.42545
2.03418
2.56303
2.20516
1.84992
2.77371
1.70102
3.13167
3.10546
1.85783
2.33163
3.91165
2.81972
3.35332
2.24413
2.10505
2.74874
2.63377
2.51191
2.35063
1.61027
2.07804
1.20319
1.6673
1.5054
1.99889
3.68756
3.74916
1.83084
2.83624
3.65984
4.5139
2.60956
2.28096
3.13393
1.15004
2.65185
2.45601
2.77392
1.39215
3.29756
2.09697
2.00353
1.87871
1.87548
2.55253
2.17235
2.39065
1.15882
1.7967
1.71669
2.10916
2.56567
2.5979
2.85684
2.05002
1.58255
2.91132
2.95116
3.25095
1.66255
2.01918
2.63048
3.92491
2.25936
2.47888
0.846792
1.19693
2.26753
2.09064
2.90528
1.16721
2.48038
2.83791
1.45883
1.00074
3.19047
1.82295
2.40891
2.80254
3.52267
2.36717
3.15391
2.43135
3.37159
5.2462
4.42458
2.46281
2.3697
1.73636
3.73392
1.74723
2.14128
1.9741
2.33326
1.92648
2.63513
2.04877
2.50311
2.16387
0.775402
2.31663
2.2671
2.81352
1.7978
3.54218
2.87147
1.12308
2.01034
2.3789
4.38395
2.4811
2.24556
2.85874
2.48619
3.68437
1.09766
1.02103
2.61465
2.19276
2.39749
2.70418
3.36463
2.67946
1.38409
1.99176
2.30269
2.17748
2.46847
1.94718
3.7418
2.42048
2.8124
3.04318
1.7709
1.78145
3.49112
1.18063
2.96396
2.67237
3.15327
2.04933
2.30401
1.50588
1.76921
3.82975
4.29881
2.52434
0.747623
0.575333
3.21403
2.85292
3.37863
2.75187
2.59032
2.48257
1.18804
2.63985
2.78336
2.64041
2.69141
2.2973
1.16278
3.48017
3.46978
3.88922
4.12803
1.61014
2.45499
2.45866
0.636784
1.92905
2.00058
2.88743
2.00526
2.54265
2.564
1.53051
1.71546
3.29564
1.76882
3.12268
2.11112
1.56235
2.32397
2.64299
1.50262
2.66061
2.20258
4.13901
2.29942
3.06778
2.494
3.30822
2.63108
2.49886
2.2426
2.12608
1.81995
0.821169
3.24883
2.18836
3.02495
3.31117
3.85873
2.88224
2.06737
2.56857
3.89513
3.81782
3.72936
2.74278
2.23385
2.9356
1.91567
2.46516
2.85727
1.40847
0.724317
1.49055
3.12123
2.65142
2.87709
3.55443
2.65237
2.04468
1.19564
3.03738
3.12126
3.57518
2.60353
3.12317
1.9539
1.74376
1.21925
1.63471
2.4234
2.09301
1.54441
2.82281
2.96166
2.9131
2.2136
3.84212
3.66383
1.80793
1.42849
2.97174
0.689952
2.05553
2.90851
0.759176
1.52525
2.23862
3.73693
2.13695
1.63835
3.45054
2.97268
3.09677
1.94182
0.321207
1.25669
3.27992
2.78503
2.49979
2.41752
3.12021
2.07258
2.53188
2.36515
0.544255
1.50065
2.84858
2.11353
1.46422
2.06853
3.34361
3.46856
2.77065
2.42468
1.84712
2.21806
1.1698
3.78921
2.24646
2.41289
1.21056
1.79256
2.78732
2.45503
2.76738
3.08657
4.02086
1.93466
1.4569
2.76998
2.51232
2.4882
1.0813
3.74085
1.44027
2.46207
2.28658
1.97278
1.65367
3.22146
2.36398
2.10037
3.24622
1.7017
2.45629
3.55553
3.6414
2.0814
3.2055
1.82077
2.61895
2.38717
3.48686
2.93406
1.98028
3.72732
3.056
2.27887
3.37627
3.95434
2.62182
2.73751
2.30812
1.47744
2.22135
1.73132
2.40319
2.35549
2.6586
1.53123
2.98723
3.66539
3.22764
1.86761
2.24741
3.50713
1.9797
2.25173
3.13978
2.24591
3.09078
3.25785
1.86965
1.87754
1.25199
1.68698
2.52245
2.51517
3.83924
2.47924
2.08204
3.34499
3.15656
2.07321
2.84007
4.26534
2.66325
2.6269
2.46314
2.99412
0.920828
2.35681
2.64728
1.53656
2.86529
2.12453
2.77492
2.44203
2.19521
3.78819
2.02873
1.99668
3.32604
1.66904
3.4148
2.19692
2.24355
4.24188
2.95492
2.22201
0.835512
3.12233
1.70817
2.11583
2.94773
2.23396
1.66959
3.28384
3.35415
2.42429
2.72061
2.94524
2.9384
2.46004
3.59274
3.45918
2.52666
1.98583
2.2243
1.88417
2.87831
3.07878
2.36501
3.5774
1.82053
2.19181
2.02138
3.33138
1.24987
2.57815
2.2256
1.74283
2.4196
3.46705
3.02255
3.12902
4.22029
1.29659
2.47447
0.965967
2.4197
3.03441
2.78097
2.87711
3.33016
1.84557
2.52469
2.4607
1.72246
2.83589
2.41735
2.79191
3.17019
3.60211
3.72912
2.36843
2.86767
2.5212
2.7039
2.77554
1.7862
3.22007
2.6334
1.05234
2.46389
1.39449
0.994054
2.11243
1.06413
2.08693
1.31609
1.01965
1.44013
3.10353
3.40165
2.71442
2.13079
3.28958
2.25107
2.90612
1.2081
1.46361
3.42891
2.493
2.04945
2.91962
2.29265
2.36402
3.07217
3.2828
3.17433
2.89838
2.26772
2.54881
1.59305
3.46992
2.52016
3.06178
2.11684
1.53321
1.84976
2.95748
2.69816
1.70525
3.13994
2.14239
4.02349
2.91235
2.24916
2.98983
2.11083
2.33553
2.38059
3.44869
2.3437
3.73221
2.40303
3.01866
2.97
2.06716
2.26521
2.45549
2.36921
1.71048
2.53817
1.33112
1.99609
3.34066
3.21212
2.38264
4.25573
2.23688
3.24404
2.51024
1.32033
2.75498
3.38736
1.59375
2.53265
2.46622
3.58107
1.86068
1.75123
2.66223
2.24354
2.51537
1.14069
2.24357
2.35355
1.96159
1.36032
2.30437
3.28603
2.01822
2.07937
0.887656
2.395
2.05839
3.29587
0.93675
2.05912
2.72931
3.09387
3.43431
3.97256
3.01166
3.24175
3.36869
2.13095
4.09858
2.11813
3.20765
2.48455
3.32067
2.78064
2.60852
2.28734
2.78482
1.09168
4.09934
2.74953
3.60852
2.11646
2.25031
0.858968
2.60364
2.57657
3.08918
2.23776
1.4327
2.33885
2.36802
2.05485
1.98274
2.67759
0.763826
3.41482
3.31505
1.91506
2.00143
2.7484
0.137434
1.75295
2.23672
3.46545
3.20533
2.37798
3.12809
2.97746
1.60053
4.48609
2.63227
2.4603
2.91765
2.84558
1.00684
3.24171
2.89472
2.79579
2.76162
-0.031976
0.0800085
1.98355
3.69002
2.19436
2.45038
1.19947
3.4752
3.09327
2.21168
2.42084
2.67703
1.21686
1.79489
1.12547
2.5226
2.84447
2.52342
1.75379
3.13342
3.49761
0.86193
1.2901
3.07779
2.31132
2.75171
2.36873
2.57066
3.02893
2.05677
2.57439
0.496209
2.26089
2.53175
2.53855
3.18518
2.32815
1.88755
2.65338
1.60641
1.99153
2.88475
2.22392
2.87664
1.95539
3.03769
2.21487
3.19539
2.45879
2.15883
3.28015
3.4939
2.19322
3.12539
2.17034
3.6458
1.62849
1.85704
3.13464
3.01475
3.59737
3.93084
2.32941
2.9733
2.14307
0.511832
1.82744
1.61478
3.25057
1.95426
3.07703
2.60307
1.93273
3.01836
2.69793
3.42805
3.30022
2.05198
1.90886
2.68601
3.16224
4.07591
3.48058
2.87417
3.47707
3.36457
2.94751
2.17698
2.46074
1.59359
1.90011
2.04194
2.11055
1.23305
2.53722
3.13899
2.27693
1.93425
3.14132
2.07846
0.838491
2.24612
1.34434
2.98127
3.23109
2.35856
3.62813
3.22926
2.48146
1.52779
2.58618
2.43106
1.54992
2.503
2.00323
2.82598
1.77521
1.94962
2.00973
2.59093
2.40347
2.36972
2.6558
2.29964
2.53117
2.00497
1.82894
1.80562
3.20674
2.00701
3.76577
2.31454
3.04447
2.21217
2.31362
1.87823
1.64761
3.7232
3.36467
3.34064
3.05628
2.62253
3.15537
3.39625
2.96496
2.33878
1.9246
2.71328
1.51168
1.49241
3.23665
3.48189
2.48884
1.57075
2.43776
1.95321
2.69738
2.22956
0.942643
1.61267
2.60702
1.59611
1.96155
2.58241
1.32192
2.86478
0.969686
2.48304
4.19534
2.28367
2.88629
1.68858
2.52199
2.64931
1.71206
1.12689
2.77654
2.01887
2.33215
3.2049
0.927679
2.66354
3.52362
1.42493
2.57359
2.18887
3.11583
2.19369
2.09594
1.31032
2.35932
2.64639
1.52933
2.02949
2.73973
2.94985
2.80891
1.71853
4.00225
2.04446
1.56337
2.08112
2.28923
2.20328
3.37549
3.05657
2.65745
3.7936
3.8613
2.11453
4.11261
3.13546
3.37858
1.97205
1.99107
1.78681
1.49106
2.11317
3.3783
3.10184
3.28832
2.62919
3.21808
4.78208
1.53419
3.63656
1.98709
0.706428
2.16535
3.48993
2.3033
2.46302
3.05486
3.10745
2.23125
3.33934
2.226
1.83117
1.98671
1.94307
2.87915
3.3876
1.62545
2.92129
2.79441
3.4013
2.47638
0.648392
1.39818
3.0664
3.3615
2.0044
2.59031
2.02898
3.8152
2.30084
3.15878
2.39109
2.4865
2.76138
1.59872
1.83332
1.96986
2.56353
4.38555
4.06889
2.82265
2.63541
1.7753
3.61999
3.49737
2.34928
1.8385
3.26248
2.05717
3.24089
2.47291
3.43738
2.11393
3.5704
2.39718
1.93264
1.88287
3.16982
2.97797
1.81348
2.09013
3.88616
3.39603
1.58044
2.10606
2.99892
3.44053
2.28484
1.18223
1.60958
2.93638
3.90346
2.69077
3.04407
2.27301
1.45567
2.03473
1.4928
2.22544
3.36966
2.55252
2.31252
1.15545
1.70057
2.45547
1.22714
2.34979
3.58797
2.60701
2.46864
2.43078
2.36336
2.0381
2.21721
2.51075
2.42321
2.00714
1.82927
1.63773
1.99817
2.54837
3.13992
3.4188
3.61478
2.62642
2.18524
4.5573
1.51793
1.70326
2.62225
3.20632
3.37242
2.9172
3.44972
2.17587
3.01166
3.21899
1.77267
2.36207
2.65199
2.51882
2.35432
2.39278
1.89115
1.82908
1.37787
-0.34476
2.34888
4.62343
2.46189
2.43315
3.2305
2.83749
2.96229
2.55019
3.08891
3.0884
3.26677
3.07533
2.25582
2.38704
2.16336
3.30966
1.86606
3.28617
2.97216
1.79619
2.86211
3.30807
3.14937
1.5944
3.28869
4.42487
3.21251
1.87209
1.18904
2.25523
2.93927
3.45854
2.17873
2.42729
2.30872
2.44815
2.34583
2.438
1.31475
2.35482
2.93673
3.08589
2.00219
3.67022
3.51694
2.5706
4.1657
3.53447
2.33608
2.45575
2.90045
3.33271
2.46482
1.30418
1.7638
2.2339
2.37271
1.45972
2.20369
3.60767
1.45905
2.0941
3.94705
2.60739
3.51765
2.29396
2.79851
1.94474
2.51132
2.29298
1.73019
1.78058
3.98614
2.05905
2.17327
2.03281
2.29157
3.71069
1.32898
1.39211
3.25341
3.63843
2.40328
1.81284
2.07717
3.0246
2.49199
2.95301
1.71211
1.60562
2.06716
3.20148
2.06225
2.45982
1.01815
1.71084
1.5643
2.26024
3.93562
1.55486
2.25526
1.27672
2.29242
2.69156
3.12211
2.31163
3.09812
2.69964
2.76066
3.68604
4.16825
2.92837
2.38546
2.57913
2.56323
3.47043
2.8462
2.60775
3.32674
2.90767
1.69323
2.07392
1.54526
2.03363
1.50844
2.73975
2.38111
1.60748
1.48838
2.63781
2.05475
3.34097
2.0081
1.25158
2.32942
2.78088
1.34973
2.16711
2.22844
2.5262
3.31679
2.45257
2.87236
2.88501
3.21479
3.77862
3.04623
2.52336
3.51974
2.02001
2.43205
1.54888
2.03787
3.26875
3.82981
2.87338
1.42674
2.25932
1.3618
2.66466
2.72824
3.18869
2.46993
2.71794
2.10312
2.83385
2.89272
2.07065
1.78854
2.60095
1.7413
3.28721
4.55443
2.16874
3.58933
2.34855
1.5561
1.7993
1.53378
2.03062
2.32064
2.68656
2.06068
3.42277
2.446
2.86191
3.46304
3.72029
2.18202
3.00913
2.17685
2.07645
2.09862
3.54685
2.36582
2.36644
2.91726
1.98674
2.78709
3.323
3.57497
2.44476
2.16741
2.77046
2.52427
2.10304
1.09046
3.19733
2.86686
2.4572
1.41938
1.09075
2.16121
2.29169
0.529039
1.66656
2.40052
2.49278
2.0587
1.9891
3.27997
2.67231
1.63783
3.24453
3.61665
2.71316
2.84656
2.71211
2.37127
2.90448
2.71885
3.44183
2.45884
2.09395
2.34875
2.65937
3.30259
2.11873
1.5247
2.14821
1.94552
2.65573
3.92714
1.63429
1.25104
2.15842
3.52325
2.29526
0.795937
2.63555
2.71314
3.36231
0.968806
2.81387
4.01566
1.27254
1.86575
2.49013
2.28877
3.39999
0.936631
3.48334
1.99064
1.68644
1.28529
3.10943
2.67164
1.38686
1.79433
1.27805
3.11523
2.00896
1.93792
1.69112
1.98233
3.32269
2.94312
3.89774
3.34101
2.37113
2.95433
0.887425
1.73703
1.21865
3.21002
2.63866
2.3134
2.84875
2.91659
1.8857
3.13137
3.1367
3.20695
2.41391
2.81293
3.20238
2.5742
2.75934
3.11436
2.48862
2.96131
1.57464
1.85191
2.30589
0.937947
1.85656
1.75417
3.15859
2.17919
2.42225
2.30249
3.56608
2.0862
1.62444
2.76929
3.44253
3.87315
1.37418
2.09647
1.9752
2.47552
5.02535
3.49612
2.37729
3.8647
2.67628
1.66566
3.3454
2.55792
1.61429
1.96172
2.64393
2.18084
2.67059
2.26078
2.0708
2.55562
2.39344
2.04368
0.822001
1.86595
3.51439
2.36038
1.07694
2.95577
1.97343
2.06207
3.54617
1.96334
1.0317
1.90049
1.11184
2.88254
3.15506
2.77099
2.67019
2.35931
3.18379
1.63233
0.547732
2.5491
2.24927
2.0042
2.3122
0.890489
0.80454
1.83589
1.92045
2.1967
2.33189
3.24896
3.36233
4.04599
2.80033
1.54427
2.35396
1.83937
2.08335
1.26086
2.69444
2.3662
3.38166
1.64807
1.84676
1.93044
1.46887
1.86366
2.14931
1.8566
2.92642
2.02288
3.14362
2.93591
1.75854
1.88525
1.84746
4.52369
1.85588
2.68351
2.80601
2.96576
1.38117
3.31301
2.28892
1.6837
1.92293
1.95505
1.724
3.33613
2.22126
4.08072
2.22213
1.53798
2.08539
2.65953
3.95329
1.86069
2.67278
1.25502
2.67945
2.53482
1.94114
1.60179
2.95407
2.89378
1.1746
2.23323
2.7939
2.74759
2.08191
1.97574
3.95027
3.18384
1.43974
1.82163
2.40965
2.17352
3.16801
3.21157
1.81389
2.40458
2.15107
1.86328
2.89523
2.45664
2.07314
2.69096
2.00684
2.8131
4.39236
2.6979
1.98047
2.86173
1.89368
1.77817
2.79703
1.89759
3.17802
1.08934
2.75709
1.85688
3.02043
2.06041
2.35499
1.92398
0.955956
2.30693
2.71008
1.82272
2.82253
3.02888
1.93124
1.21599
3.06107
3.41131
2.19965
2.33198
1.45531
2.93502
1.53129
2.57012
3.07538
2.61452
2.30598
1.57265
2.34598
3.54493
3.57127
3.09166
3.03506
1.99563
2.45119
0.895979
2.25061
2.36246
1.88596
1.2024
2.55643
2.93436
2.89911
2.78954
4.27551
3.07815
2.5532
1.94804
3.03674
3.30301
3.8036
1.43453
0.682775
2.21589
2.51482
2.30688
2.15727
0.838772
3.55494
1.37052
2.60104
3.24285
3.22636
2.92048
3.64933
3.61887
2.42913
2.54569
4.7652
2.66336
2.81453
3.07507
1.72425
2.31209
4.4004
3.36432
2.85623
2.99691
3.68451
1.45478
1.6445
2.88868
2.44813
2.3379
3.11008
1.3049
1.59738
2.19636
2.13071
3.11776
2.36946
3.13546
2.74502
3.26591
2.22961
2.92869
1.8484
3.53208
3.26401
1.8993
1.61535
2.35642
2.88949
2.77571
2.39151
2.14821
1.87871
3.94347
2.54755
1.01124
2.46833
2.55088
2.68766
1.90364
1.59391
1.65697
2.01521
2.37359
3.41842
1.60831
1.90096
1.91934
2.43819
3.29541
3.55223
2.78131
1.51193
2.97388
2.2957
2.88701
3.88916
4.14306
3.60005
2.0493
3.62022
3.13458
2.39041
1.31634
2.99918
2.60993
3.16848
2.15278
2.5975
3.81917
1.72733
1.74189
2.68792
3.02218
1.52595
2.72993
2.44707
1.70473
3.54596
3.28053
4.53927
2.85061
1.86374
2.77066
2.20491
2.92936
1.72705
0.937095
2.88145
2.70555
3.2028
3.10685
2.52713
2.12259
3.82292
1.69037
1.27342
2.93864
3.59709
3.32362
3.05758
1.1392
3.16157
2.1307
2.66336
3.62409
1.93697
3.62074
2.23401
2.116
1.99686
0.995329
2.9181
2.4863
1.2239
3.22847
1.48101
3.5921
3.13582
2.25301
2.39619
2.31475
2.22067
3.05111
2.28325
0.82037
3.05742
2.3047
2.36715
2.71358
2.96843
3.36187
2.69664
2.89628
1.66923
1.73483
2.73981
1.90453
2.29748
2.2329
2.23666
2.23806
1.72797
2.49843
2.24383
2.83267
2.30791
1.29699
2.06443
0.732474
1.16309
3.37396
0.826939
0.860013
1.86074
1.62818
3.63052
1.23572
3.1683
2.15041
1.78446
1.85371
2.87643
3.15093
1.61878
3.47897
2.11963
2.30794
2.31401
2.41877
1.52643
2.42059
1.81802
2.11031
2.86469
3.7289
1.39034
3.14266
3.72496
2.15343
2.42975
3.72407
2.71893
1.98197
2.57292
3.13941
3.94666
1.6769
3.05762
2.11916
2.38379
2.47283
2.25964
1.22805
2.66478
2.06486
2.62193
2.18538
3.20213
2.53599
1.05915
2.48971
2.02821
1.13136
1.23223
2.6835
2.52381
1.2747
2.45598
3.74143
3.1528
1.80131
2.77104
1.87203
1.39623
3.23504
1.77167
2.49595
2.50825
2.34035
1.01017
2.3915
2.31257
2.73343
3.13309
3.78853
1.57554
1.51112
3.1896
2.34299
1.44174
3.92061
1.27499
1.68224
1.53817
2.40657
2.37853
1.77855
2.29198
1.72018
4.39084
2.43572
2.66727
3.33434
2.64158
2.43248
2.04984
1.10124
2.81718
1.94624
2.95624
2.88186
3.24571
2.87875
3.07177
1.7661
2.23623
1.15958
2.76663
3.05194
2.38076
1.82154
2.85461
2.75077
1.71606
1.63402
2.52801
2.159
2.56099
2.03817
1.3647
3.7017
4.28426
2.03332
3.43694
2.67951
0.565697
2.50059
2.99587
2.02533
3.64445
3.30523
1.98567
1.70662
2.43763
1.67407
3.50523
2.2022
1.45321
1.97016
1.45088
4.187
2.67393
2.68572
3.78177
3.20156
1.09907
2.9696
2.90448
2.43146
2.33937
2.95964
3.75642
2.99305
4.00677
3.6861
2.00061
3.92073
2.26742
1.46664
2.52751
3.86418
2.67126
2.65545
3.0211
3.93189
2.19496
1.86496
1.77858
1.612
1.98526
0.85391
0.715524
1.99716
3.18189
3.3198
3.38
1.13254
3.09578
1.91495
2.05317
2.18237
3.30889
2.07992
2.79307
2.36539
1.57451
3.51166
2.63452
1.427
3.48808
2.33347
2.85628
3.28535
2.19332
2.65599
2.63402
1.4523
2.7078
4.18435
1.5515
2.33451
3.16147
2.03693
1.19348
1.82333
2.43381
2.8093
4.14701
2.4115
2.92105
2.50004
3.83454
1.59245
1.52054
2.31957
3.12154
1.80866
2.42066
3.25002
2.76755
2.90745
2.08146
2.33464
2.65887
2.57293
2.62526
1.87696
2.70982
2.46752
3.12695
1.35529
2.64072
1.76241
3.09537
3.14404
2.14361
2.38072
2.76731
3.59706
2.03462
3.00711
2.25556
1.2301
3.06001
1.66254
2.28819
1.46919
2.81174
2.68033
2.28431
2.72295
3.37944
3.60495
2.81155
3.31982
2.54811
2.10536
3.68944
2.32926
1.91317
3.07965
1.72592
1.88737
1.72303
3.26595
2.72552
2.35737
2.8161
1.95682
2.69148
1.49494
2.10154
2.85348
1.45415
3.5979
1.70967
1.82846
2.31628
1.90478
2.2097
1.41967
2.71546
1.40287
3.0426
1.18712
2.24455
2.55268
2.65647
3.0943
2.62824
2.80857
2.36741
1.89448
2.78424
1.88349
3.21156
4.0398
1.49634
0.976664
1.96345
2.49439
3.59747
3.00788
2.44186
2.9908
2.05042
1.68952
1.68975
2.12185
2.61246
3.32771
2.5147
2.5906
1.05532
2.85339
3.32384
2.66601
2.95013
2.34387
3.944
3.18433
2.17125
2.2949
2.40918
2.29604
2.76764
2.26156
3.14913
3.30123
1.47431
2.02454
2.87462
2.35532
2.19125
2.04075
3.33237
0.986152
1.69061
2.41393
3.00983
1.65946
1.54504
1.81109
3.35135
1.65189
2.01759
1.25393
2.68745
2.81766
2.30511
2.21243
2.50453
3.7524
4.119
1.33554
3.83919
3.06404
4.17397
2.00712
2.30715
0.69999
4.0014
1.97715
1.92146
3.38778
1.54454
2.00511
2.64284
1.31624
1.94696
2.96577
2.51879
2.41253
3.65756
2.01176
2.73003
0.644313
1.61626
2.47249
2.65467
2.50762
1.69936
2.36576
1.62508
2.02012
2.53338
1.51084
2.2391
1.89269
2.31857
2.4116
1.92401
2.78368
2.99082
1.33323
1.8656
1.89131
3.29017
3.42237
2.4841
1.54929
1.55601
2.10755
2.77162
1.11427
3.40158
4.27469
1.44641
2.88216
3.97995
1.70712
2.16695
3.37839
1.88965
3.25437
2.33066
2.79252
1.49717
3.87689
1.75441
2.6477
2.65986
2.92295
2.9701
2.67439
3.91148
2.53628
2.02145
3.14084
3.99463
2.89992
3.0663
3.91455
2.88531
2.45459
0.384302
1.51458
2.88157
2.49444
2.06037
2.37759
2.96773
3.30475
2.71014
2.60034
2.0045
3.02078
1.60786
1.62657
2.61577
3.29172
2.29158
1.91641
1.47401
3.09029
2.32547
3.01561
1.35618
3.031
1.70483
1.80514
2.58295
2.9654
2.62631
1.47859
0.534804
3.18339
2.52733
2.23782
2.50888
2.01613
2.4896
3.79068
2.24801
3.32977
2.34015
1.54631
1.98386
0.676487
2.10985
1.66604
2.98016
2.0432
3.06865
2.96512
1.71484
2.87516
2.99628
0.821238
2.0165
1.18338
1.6343
1.01666
2.98894
1.68419
2.19774
4.19258
1.45436
2.60586
1.99784
0.629869
2.75472
1.71215
1.48952
1.81271
2.85407
2.98017
2.11811
2.96954
2.17769
3.62735
3.31015
3.00581
1.54532
2.49858
3.83514
2.44094
2.5894
2.69374
1.52063
1.477
2.17709
1.47185
2.10103
2.11853
2.32123
3.27787
2.02063
2.39193
1.88137
2.59813
2.531
4.08161
1.79481
2.54984
0.917094
2.04424
3.80023
1.87936
1.39627
3.14708
2.39533
3.18842
2.60476
2.48148
1.94042
2.45267
2.73901
2.91811
2.35454
2.41557
1.87555
2.92524
2.37943
3.49305
2.56856
3.11078
3.05354
3.89415
3.39309
2.83158
0.894679
1.59668
2.36566
2.25438
2.78609
3.36055
1.6144
1.17991
1.63355
2.76926
3.50188
2.55947
3.37467
2.4435
2.01349
2.39188
3.08926
1.45156
1.55746
0.815781
3.06143
1.19761
2.09366
0.591792
1.44391
2.30363
3.15505
3.38185
2.53356
2.01273
4.3374
2.96525
2.10753
3.05546
2.20056
2.60347
2.63473
2.41113
2.34943
1.27467
2.82918
1.73605
3.22552
2.37309
1.67712
2.96136
3.5563
2.45127
2.27956
3.30953
3.17832
2.8452
2.46167
2.34488
1.30805
1.66497
2.87725
2.17981
3.17081
3.58118
3.05494
2.55053
1.84918
2.29828
2.91606
2.44626
2.88556
2.58757
1.83212
1.43463
2.2556
0.568543
1.33538
2.23852
2.50953
2.69749
3.53317
1.85945
1.36248
2.05719
2.99349
1.63076
3.28611
3.46439
3.04288
1.54915
2.81409
2.30917
2.30853
1.94648
2.1541
3.21957
1.05899
2.87851
1.92578
2.7104
2.60577
4.07483
1.88417
2.57222
2.28862
2.80488
3.81194
2.81137
1.99668
2.06688
1.96863
2.56894
3.30432
2.68366
3.322
3.65638
1.76106
1.61749
2.36475
2.27083
2.35214
2.66364
1.84746
2.6913
2.39465
1.98011
1.55798
2.07532
2.76261
1.54502
2.11923
2.81836
2.85279
2.81381
3.24593
2.49451
1.87473
3.50306
2.67012
3.55007
1.74513
1.75046
2.42676
2.41591
2.38972
1.27619
3.13537
1.99301
3.21768
2.3828
3.31981
2.37309
1.98659
1.97092
2.70137
2.7171
2.72558
2.89592
3.18199
2.79363
3.12325
2.08612
2.16839
2.25196
2.15005
2.3374
2.02361
2.35144
1.86589
2.85305
2.38637
3.02915
3.60473
2.20605
1.25919
2.5214
1.38473
3.19608
3.79379
3.3203
2.29205
2.67506
1.13496
3.21174
2.41026
1.02588
3.49407
1.92758
2.54854
2.52015
2.92056
2.01498
1.62018
2.82718
1.70728
2.99141
1.23939
1.63494
2.01384
2.32515
3.48766
1.90863
1.94126
0.768898
1.46805
2.3039
1.42285
2.65066
3.21156
2.58247
2.55491
3.89667
3.65317
0.481236
1.46338
3.13263
2.81145
1.97716
2.492
1.56937
2.37517
1.39145
1.2811
0.928085
1.23913
0.35938
2.49088
2.04694
1.5984
2.10481
2.66864
0.898277
3.8596
3.63771
3.48128
1.83982
2.77768
1.7009
2.13495
2.13256
2.40202
1.98961
1.83407
1.90127
2.40141
2.39832
3.64046
3.95459
2.90704
3.6568
1.39472
1.2357
2.1609
1.41036
1.45224
1.64108
3.0909
2.18782
3.65177
2.47953
1.80652
1.20949
2.56278
1.34962
3.24244
2.25386
1.83302
2.49966
2.67942
2.42309
2.06535
4.42846
3.25333
2.40724
3.7469
2.67728
1.7233
1.78053
2.48808
2.84584
3.6458
4.2467
2.38541
3.07654
2.07651
3.60277
1.60017
1.83573
2.62393
2.16064
1.95057
4.09266
3.11721
3.30491
2.49043
1.94181
2.84596
1.85452
2.79011
1.73162
2.61842
2.40968
1.60968
2.75842
2.2856
1.3003
0.906705
3.23213
3.44103
3.08518
2.38923
2.25691
2.10563
3.03753
2.28097
2.08893
0.649688
1.44156
2.26373
3.62717
3.6266
2.69725
1.86024
1.1318
2.68616
3.10906
2.9631
2.17059
2.2712
2.20543
3.23136
2.76806
2.45971
1.56781
3.19024
1.94551
2.16028
1.50232
2.84313
1.91154
2.82339
2.72915
2.90014
2.29034
1.96345
2.82498
4.02515
1.69822
1.64521
2.43878
0.462412
0.736972
2.16049
2.03087
1.82875
2.35858
1.70788
1.99661
3.72823
1.70444
1.90881
1.52771
2.31542
3.01639
3.41268
1.74178
2.42887
2.09761
2.69771
2.19187
1.56476
2.30871
2.47684
1.47211
2.49574
2.16546
0.327843
3.48365
0.720941
3.3255
2.18749
1.30613
2.3898
2.36779
3.38856
2.88338
2.05024
0.933655
1.34432
3.6221
3.3291
1.47924
2.87404
2.97693
3.65479
1.68219
1.20754
1.99449
2.6489
3.66479
1.63056
2.82255
4.15061
1.49047
1.5466
3.2343
3.34639
4.04281
3.06714
2.35089
2.30105
2.54425
3.88141
2.24729
3.34917
2.12905
1.60505
3.0928
2.42518
2.70043
2.8888
1.45847
2.69602
1.56134
3.05363
3.16477
4.33525
3.21744
1.98033
2.51245
2.53968
3.34755
2.72826
0.849796
2.07226
1.90717
1.79052
2.72213
2.57812
2.38261
1.65372
1.90066
3.00054
1.38287
4.03107
2.48947
3.52566
3.16662
2.20594
3.59819
3.41782
1.65625
3.05715
2.03087
3.54269
2.97327
1.64695
2.13872
0.685416
1.57432
2.54961
1.33143
1.19569
2.62198
2.42056
1.82388
2.30752
2.11152
1.9308
3.07331
2.42845
3.8525
3.22858
2.44594
0.737978
1.80358
2.21082
2.90739
2.76214
2.2941
2.52986
1.76218
1.8479
1.55071
2.43861
2.5591
4.30588
4.39852
4.18869
2.26051
2.50203
2.12395
2.01152
1.94997
2.32903
1.55672
1.68257
3.3613
1.67736
1.92869
3.68893
3.267
2.38874
4.13893
2.62377
2.42202
3.35003
3.21226
3.25191
2.75769
2.14646
3.74641
2.12107
2.09258
3.95197
3.34593
2.55341
0.925397
2.06697
2.81335
2.43053
2.59945
2.91563
3.15344
3.01027
1.73837
2.58289
3.81737
2.08785
3.3204
3.05084
2.94154
3.22157
2.47992
2.52103
3.2375
2.29108
1.29357
2.59898
3.13241
3.97532
2.34518
3.23023
1.43973
3.07662
2.77994
4.2642
2.89887
1.40221
2.80784
2.46594
3.03811
3.11567
2.41743
1.75776
1.99085
1.80158
3.39838
1.30205
2.58248
3.88324
3.14147
4.70068
2.70599
2.37596
2.11643
2.61312
1.74932
2.05969
3.17453
1.29271
2.53301
3.0963
3.85991
3.6895
0.900549
2.39404
1.60141
1.73551
2.69184
2.49237
1.5218
1.93388
2.1767
2.02808
2.17649
3.22809
2.67445
2.6389
3.19678
1.54138
2.17388
2.09078
1.7473
3.36952
2.14585
2.67957
3.99723
3.25763
2.39585
2.02129
2.08773
2.29025
3.212
3.00291
2.31699
2.03625
2.22084
3.85138
2.14377
2.75507
3.15965
2.44659
1.00475
2.12529
1.16262
1.72449
1.38658
2.59611
1.81962
1.30435
2.58119
1.62969
3.37993
2.96837
1.57451
2.98254
3.02191
2.51366
4.36158
3.44616
2.08529
1.9386
2.47518
2.71157
2.81184
3.72679
2.3394
2.44559
2.33355
1.46781
2.80814
1.18547
1.68712
3.2075
2.31965
2.95646
2.71067
3.54854
1.34282
1.4727
2.84214
2.80043
3.43874
3.03004
3.32704
2.87584
0.885415
3.04123
2.01319
0.587265
4.34888
4.16503
3.045
2.08149
2.12795
1.21792
2.41117
3.19251
1.94289
3.68759
2.81452
2.5032
1.62333
1.74242
2.00497
1.2543
2.84171
2.37343
2.42864
3.27038
1.9634
2.03116
1.31128
2.7829
2.51474
2.44676
1.77852
2.64536
2.31379
2.80105
2.44452
2.20862
2.66216
2.44301
1.99527
2.99088
3.73166
2.3768
1.91919
2.91433
2.6268
0.932965
2.6754
3.22421
1.5705
0.678031
1.66235
1.82606
2.41875
2.4541
2.87388
2.41386
2.61835
1.70748
3.45304
1.23153
2.42969
3.00599
2.17279
3.47154
2.64743
2.35991
3.21608
3.67761
1.62642
0.782725
1.57115
1.6778
1.18198
2.44979
2.33437
2.69306
3.09925
3.98821
3.80394
3.45042
2.79194
0.79563
0.292158
1.8067
1.21141
2.11701
3.2026
3.43989
3.57024
2.52433
2.25153
2.1854
1.94664
3.60367
2.19539
3.22631
2.69782
2.35106
2.23986
1.31109
1.63552
2.14679
2.43044
1.84839
2.14176
2.19505
2.69188
2.39474
2.65415
2.23238
1.85498
1.66527
2.57061
2.61518
2.67464
3.2144
1.99587
1.98115
3.77383
3.41339
2.0344
4.15984
3.10132
2.45507
3.93808
1.33817
1.9493
2.6521
1.81465
3.08118
1.9947
1.63758
3.05153
2.16957
2.74222
3.37422
2.67154
2.4192
1.30173
1.68125
2.81696
2.02897
2.78863
1.94895
2.2489
2.83428
3.33226
1.38778
2.75816
1.6974
2.54716
3.12603
1.87542
1.76126
3.06641
3.59256
2.71961
3.10655
2.03946
1.66058
3.73513
2.52081
2.06301
1.86809
2.80809
1.83244
0.823665
3.08709
3.41123
3.6021
3.27826
1.36326
2.76574
2.71903
1.91017
2.86327
2.16587
2.23737
1.20014
4.1011
2.43157
2.77919
3.9493
2.08794
1.79015
0.992143
2.2339
1.95825
2.72478
2.62567
2.10153
2.01927
3.3384
1.36987
1.63373
1.9541
3.8009
1.85986
1.15206
1.45306
4.03981
1.16493
1.31283
1.09724
2.71798
2.46186
1.17629
1.49533
3.32571
2.31424
1.637
2.75319
2.28416
2.38106
2.89707
2.23316
2.11813
1.24228
2.06734
3.46231
2.03666
2.78286
2.39523
2.3736
2.26747
3.23749
1.69769
2.69649
3.31741
2.09662
2.56621
2.15805
2.23438
2.66638
2.69629
2.86868
1.28461
2.35913
4.34954
2.59484
2.9244
2.29315
3.40743
2.91894
3.83647
2.11329
2.00462
0.497969
2.17032
2.81308
1.9053
2.52918
3.85477
3.59718
3.01397
3.93999
2.7316
3.16147
4.90312
3.04832
2.5172
3.09203
3.22822
1.82128
1.8948
2.42827
2.50166
1.81199
2.07547
2.98246
2.6627
2.82598
1.89379
2.48933
4.40646
2.05219
2.97193
2.46002
2.9357
2.58409
2.6424
3.55886
3.55355
2.55471
3.70943
3.6279
2.22386
3.38441
2.19312
2.23988
3.39017
1.77893
0.536759
1.79421
1.58923
1.24688
4.06485
3.24148
2.43159
2.75898
2.6595
2.02581
2.27755
3.21459
3.08734
3.21173
0.749807
1.18599
2.20987
2.84009
2.93288
2.51119
1.59375
2.77825
3.63528
2.22099
2.99204
2.15644
4.07705
2.09239
1.88828
1.69954
2.95942
2.57797
0.419805
1.68306
2.75683
2.59492
1.49276
2.56045
2.74602
2.9774
2.53031
1.58806
1.90988
1.87024
3.10317
2.41504
1.36063
1.71639
2.86112
1.49194
1.65989
1.85281
2.40446
2.19838
1.05519
1.31876
2.07598
0.79625
3.1934
2.74745
0.813785
2.6963
2.98944
2.46435
2.72204
3.57585
1.56521
2.05683
1.48395
2.29896
3.22012
3.57858
3.1781
3.89567
1.5159
1.6662
2.91721
2.19997
1.92708
1.10082
1.93674
2.02104
2.05857
2.92459
1.24921
1.5425
2.37656
2.45127
3.89756
2.55431
2.98208
1.14529
1.11504
2.89356
3.54896
2.8023
1.18514
3.2829
1.10903
3.60274
2.49546
2.92776
1.91553
1.981
3.00931
1.92153
3.62268
2.69673
2.69664
1.34205
2.52834
1.78915
1.9783
3.56834
2.77962
1.99785
3.86521
2.56775
1.6667
3.10375
2.81508
1.19958
2.30278
2.16296
2.23587
2.38908
3.28361
3.761
3.0034
2.85092
2.2184
3.18729
2.32949
3.11909
2.58639
-0.301398
1.79963
2.21525
2.95424
1.69459
2.25363
1.71168
2.9293
1.02652
2.29413
1.79778
3.70533
3.32171
1.52678
1.93967
2.03863
2.66754
2.79868
2.5098
2.43757
1.68082
2.77595
2.61345
1.41652
3.4112
3.02441
2.80976
1.92557
2.97278
2.34781
3.61536
1.98679
2.78626
2.71498
2.99216
3.00892
1.83231
2.96767
2.20795
2.80011
2.209
1.90459
1.24779
1.7034
3.7349
3.00006
2.43046
2.01223
2.85412
2.7659
3.4347
3.03969
2.82203
1.77734
2.8874
1.28017
2.44315
3.18157
1.45689
1.96842
0.921098
2.70823
1.90348
2.6215
2.4877
2.88018
1.61347
1.34257
1.96813
2.15718
1.75604
1.19759
0.203638
1.1039
2.18723
1.28169
1.39925
3.03764
3.45898
3.09312
2.65479
3.18831
2.96219
0.984302
2.02491
2.09532
1.84051
3.23661
3.71664
2.1445
2.07162
1.29796
1.17331
2.01279
1.52288
2.37336
2.08916
0.605593
1.84548
3.47243
3.39015
1.70398
2.35292
3.13061
3.59136
3.0745
1.8257
2.60341
1.44994
2.22417
2.88787
1.22168
2.06841
2.79066
2.79383
1.95158
2.44271
2.17995
2.49134
2.88892
2.72974
4.29111
4.18514
2.37588
3.29485
1.64333
1.67942
2.67945
1.49897
2.16864
1.11207
3.0799
2.73577
1.52033
2.17766
3.05376
2.96533
2.68939
2.12632
2.04074
3.04884
1.59143
2.76871
2.97162
3.29528
2.28069
1.83787
2.14916
2.89051
3.18079
2.20933
3.4483
2.38347
2.04263
2.86779
1.47666
3.09171
1.909
2.33866
1.87671
1.61165
1.73683
2.92768
2.35009
1.72038
3.07046
2.68344
3.41042
3.28167
3.83814
2.24761
2.72032
1.25761
3.54396
2.59982
3.93854
3.1411
1.93887
2.25859
1.83557
2.61379
2.39205
1.86693
3.26154
3.98152
1.93014
2.16878
1.40668
2.64325
2.8955
3.21677
2.02015
3.61642
4.447
2.68997
2.47653
2.42675
2.91727
2.64671
2.03103
3.2681
1.95951
3.57404
3.03517
1.6695
2.36282
2.13638
1.8937
2.77086
1.87181
1.44072
2.74534
1.51879
2.58087
2.67321
2.32064
2.47182
1.90159
2.88527
1.86784
2.5969
2.52992
2.51442
2.2479
1.92375
1.82976
1.08181
2.44637
3.13117
3.3186
1.60874
2.98018
1.5902
2.44093
3.03585
2.82634
1.77838
3.13018
1.65351
2.35256
2.75297
3.33892
2.15949
2.39224
3.23811
3.20364
1.90018
2.86823
1.89868
2.42792
2.92998
2.76105
3.66981
1.32123
3.95639
2.32139
1.45979
3.38583
3.04556
2.02685
2.50641
2.67658
3.01325
3.18643
2.97367
1.60524
2.33434
3.14762
4.03555
2.12862
2.27632
1.87688
2.1403
2.75403
4.13458
1.91045
3.44983
3.11359
1.24226
3.06568
2.6261
3.61495
1.84623
1.47662
3.37088
2.43078
0.950076
2.3833
1.88114
1.83089
3.03327
3.19776
3.44482
3.82691
3.59292
2.54879
1.34981
1.91265
2.83302
2.53983
3.43544
2.09025
3.29323
2.09981
2.50131
2.0883
2.58482
3.04557
2.37188
4.19765
3.76966
2.60415
2.1695
2.11808
3.17968
3.55841
1.77024
3.10915
1.99921
2.4683
2.16353
3.0108
1.10532
2.56729
2.12947
1.34826
1.51568
3.27649
2.01244
1.53078
2.75559
1.79434
1.73931
2.51661
2.49505
2.42681
2.01245
1.65946
2.91388
1.47267
2.66568
2.14788
2.06186
1.72604
3.49936
1.85171
2.30738
0.888771
2.34567
2.36495
2.98027
2.76624
1.2154
2.79919
3.35043
3.26631
2.18921
1.18506
2.79966
3.37501
1.90915
2.42744
1.676
2.73284
2.6936
1.52381
1.73993
3.25289
2.51051
2.75837
3.96414
3.47964
2.1885
1.58205
3.48197
2.83407
2.54472
3.30345
3.69582
2.85013
2.23719
3.75721
4.08845
1.86949
1.39237
1.98312
3.40358
2.54617
2.31908
2.70961
3.05493
1.54997
2.95572
2.29353
2.72593
2.35489
1.518
1.58278
2.50986
3.69645
3.014
1.33173
2.52073
1.49167
1.93951
3.2537
1.20429
2.631
3.21916
0.681801
1.38839
3.24454
2.41145
3.49333
2.24626
3.00948
3.71646
1.16243
3.04011
3.14883
2.44887
1.8831
1.54866
2.16844
3.05671
3.07596
3.89742
2.80516
1.35026
2.42069
3.27525
2.0941
2.75627
1.45063
2.92242
1.16826
4.062
2.50058
2.36496
2.81759
3.98199
1.94203
2.20635
1.46709
2.56112
1.85043
2.34276
2.38386
1.88898
1.81963
4.0827
3.00725
3.53453
4.1722
2.26419
1.46942
1.89502
1.90845
2.68622
3.19676
1.3891
2.18494
2.49452
1.3999
2.50352
2.10117
3.59866
3.88843
3.68614
1.83535
2.32573
1.37738
2.70059
2.32955
2.83185
2.98776
3.68195
2.40183
2.85576
2.56916
2.54517
2.01948
2.76553
2.38143
1.42248
2.33189
2.68473
2.45915
2.96009
2.06736
3.36911
2.257
2.72283
1.80235
1.26684
2.11706
2.44444
0.977351
0.896704
1.93642
3.04427
2.29174
3.12954
1.2921
3.6133
2.03152
2.92417
2.92498
2.812
2.42727
2.51704
2.49956
4.18849
3.12895
2.5837
2.89501
2.68188
2.25942
3.47639
3.49296
3.70427
1.54051
0.85326
3.1169
1.41612
1.65649
2.52619
1.71012
2.58008
2.26797
3.41642
2.73478
2.32014
2.15349
1.54723
2.09613
3.22897
3.77331
3.73851
2.83213
1.32931
0.348037
3.07329
1.42855
1.25235
2.58638
2.64044
2.06925
1.40515
2.35696
2.17822
2.24596
2.58048
1.82603
1.66868
1.87325
1.02678
1.82619
2.58496
2.10624
3.25068
3.04728
4.36504
3.25302
4.33651
2.8972
1.86658
2.35859
2.53404
3.08286
2.66453
3.4721
2.79358
2.19721
2.56215
1.5239
2.64599
2.82767
2.57775
1.5209
3.80679
1.79934
3.1669
3.36432
2.19804
1.88698
3.06197
2.51163
0.989706
3.36504
2.26151
3.08201
2.19548
1.89308
3.47739
1.98232
3.39792
2.29164
1.20103
2.74831
1.23798
1.89809
1.87319
3.36518
3.07124
1.86285
2.18886
2.89973
2.21804
3.94563
2.67283
2.33421
2.11192
2.28897
3.37332
2.32519
3.41567
2.25123
1.29864
2.97205
2.96649
1.83705
1.58798
1.13286
2.13604
3.56104
3.0553
2.85484
2.49741
1.52772
2.23618
1.71378
2.59163
2.44293
3.42155
1.2865
2.69044
2.23127
4.00047
2.457
2.28637
2.43989
3.53134
2.49589
1.41483
3.01443
2.4456
1.59605
1.31665
2.49545
2.36612
1.9659
2.56524
3.55319
3.35378
2.95378
3.42822
4.03984
3.20961
1.0486
3.62154
2.06702
3.1971
3.18764
3.16828
3.11729
0.894038
2.55189
3.98389
2.1021
2.26312
1.3277
2.08379
1.95832
1.34448
2.08644
2.04382
3.24092
1.37943
2.70581
1.7842
1.27426
2.22361
2.49177
1.02181
1.81935
1.24369
1.45552
2.51079
2.82799
3.2795
3.38907
1.94551
2.74878
2.28514
1.4625
3.97502
1.90465
2.192
1.98062
3.26029
1.25684
1.62536
2.72858
2.30111
3.11044
2.13914
3.71544
3.16855
3.077
1.96326
1.53982
2.44163
2.35369
3.22184
1.51442
2.0857
1.85636
1.79776
1.68072
1.79711
1.36322
1.34254
2.27794
2.82704
2.4886
1.45249
2.01934
2.05586
2.99733
3.45896
3.05607
4.15593
2.57892
1.79266
2.61246
0.493312
1.79215
2.73227
2.53987
3.2959
1.85363
2.52992
1.96848
1.94522
2.19348
2.19869
1.40336
2.26141
1.7364
2.10867
3.95319
1.65536
1.29219
1.8799
2.91561
2.88936
2.77136
2.4183
2.05068
2.35881
2.1411
2.07222
2.13995
3.43954
2.85336
1.20499
2.70978
2.4701
2.46947
1.70284
1.89206
4.1357
3.60889
2.10362
2.03468
2.17626
1.71964
2.50761
1.64511
1.37611
3.42695
2.35647
2.12412
1.00428
3.35458
1.31473
2.05733
3.2692
3.48234
3.37863
1.47869
1.29744
2.74686
1.4452
2.26814
1.57269
2.87397
2.86542
3.34041
2.42507
2.78619
3.23666
1.65465
3.20951
2.27142
3.60357
2.09981
1.85893
2.88535
2.80558
2.50559
1.9579
3.3062
2.54197
1.61033
1.14479
3.76606
3.47742
3.81971
2.85068
2.41065
2.69625
1.33327
2.07074
2.8476
2.34368
2.8633
3.63573
1.2301
1.58776
3.08603
2.07362
3.08506
1.39234
3.1374
2.86164
3.84827
2.68994
3.2778
1.62285
1.32081
2.52916
2.705
2.68909
3.03276
2.80464
2.56736
2.96518
3.20692
3.01395
1.2452
1.96643
2.44197
2.35575
2.70405
3.40718
3.53083
2.69349
2.53157
1.3206
3.1699
1.67094
2.82606
3.28913
4.76719
2.42802
3.24746
2.59216
3.01396
2.64936
2.16928
2.42309
1.54895
2.31258
2.4117
2.2344
3.01168
2.68583
2.40959
1.80445
2.64077
3.39465
2.20024
1.4012
2.28341
2.47034
3.14617
2.86285
2.99519
2.45576
1.76879
3.39274
4.34648
2.10795
3.06017
3.14617
4.39957
1.47306
2.4351
2.13291
2.55169
1.49874
2.22809
3.02231
3.44237
2.78399
2.56416
2.60855
2.11738
2.37881
3.52326
2.55605
3.80633
2.53033
1.79378
1.00241
3.45508
1.85204
2.2284
3.47585
4.40919
3.05546
2.8319
3.9235
2.35031
3.54645
2.15394
2.77581
3.21498
3.51965
2.80065
2.59643
2.20904
1.90929
2.70152
3.14894
2.90518
4.49573
1.01325
2.04022
2.70187
3.16056
3.29746
1.36488
1.8561
3.22134
2.59828
2.79234
2.78662
0.941763
1.59917
3.00946
2.64251
1.69274
2.1085
2.57122
1.89162
1.34415
3.16291
3.44049
1.44018
2.84687
1.67578
2.81568
2.46792
1.28987
2.22779
2.30571
3.31317
3.3694
3.27793
2.69319
2.02275
1.49483
3.01779
1.81251
3.48667
2.12828
2.90479
2.76925
3.49158
1.83144
0.500118
3.8808
2.57528
3.25803
1.78224
1.83901
3.48498
2.06859
3.04048
2.26302
3.02474
2.7967
2.59811
2.94691
4.18657
3.14975
2.42691
2.62163
1.73355
3.15529
2.94677
2.59969
3.18611
2.38533
3.05779
1.53873
2.99934
2.13115
3.44255
0.158863
2.52267
1.91705
3.1786
1.92506
1.62398
3.07387
2.91458
0.762711
0.844726
3.05859
3.97277
2.42048
1.62061
0.915717
2.3759
2.69392
3.24045
3.21606
2.77162
2.34344
2.98407
3.04216
3.3488
2.83578
1.32628
2.74293
2.86435
4.30588
3.76812
0.816575
4.12181
2.95452
1.31978
2.47914
1.38394
1.91355
1.88433
2.49243
2.62063
1.08072
2.58746
2.25403
2.39848
2.18726
2.02031
2.54701
2.86095
2.04274
1.02445
1.633
2.24463
2.34259
2.3838
2.20838
2.33339
2.6844
3.02552
1.99572
2.03454
1.49665
2.19412
2.38691
1.8581
1.26568
2.73795
3.79157
1.83817
1.64184
3.17338
3.68771
1.78622
1.64611
3.42439
1.89466
2.45823
1.72606
2.2594
2.22668
1.74355
2.29718
2.62102
1.35712
2.52615
3.64207
2.02234
2.78007
2.34303
2.22006
2.99025
2.2026
2.32818
3.70507
2.80017
3.48433
1.40166
2.34891
3.50178
3.3752
2.12189
3.6396
3.17868
3.35486
2.71451
2.58383
2.33777
2.26589
3.0764
1.12676
1.79013
2.77458
3.15511
1.21375
2.76275
1.1052
3.14323
2.59954
2.58004
1.09356
1.99748
3.87713
2.19619
2.41342
2.26291
1.82983
1.80483
0.343942
3.10965
3.24134
1.9474
2.35716
1.36278
2.06099
3.27945
3.0185
3.23359
1.56031
2.98455
2.24226
1.65046
1.79766
2.3321
2.41594
3.30287
2.09908
2.23792
1.7143
0.971425
2.75809
2.75234
3.37345
1.78087
2.63214
2.23223
3.0201
1.75002
1.92046
1.94617
2.62234
3.10658
2.16086
3.77183
2.76831
3.26678
2.80597
3.17425
2.67903
2.71354
2.1819
3.83212
2.93026
3.05873
1.93115
1.32621
2.28575
2.75862
2.28377
3.34219
2.9709
3.00447
1.87163
2.35826
2.59067
2.71184
1.6719
2.0048
3.27778
2.84845
2.8535
2.74894
2.82093
1.72412
1.55837
2.26413
2.53462
3.60581
3.11574
2.116
2.58162
1.89618
1.88347
2.64567
0.649102
2.83168
2.08068
3.09471
2.44527
2.01376
2.49888
3.0621
3.12137
1.32431
0.889584
2.80758
2.73065
1.82314
2.76213
3.21786
3.32954
2.63474
3.05876
3.06176
2.88835
1.3847
1.48998
1.58386
1.22489
2.35464
1.53773
0.529352
1.81703
3.80793
1.87932
3.14007
1.68364
2.46811
2.88918
3.08058
1.48365
0.6098
0.969965
2.69095
1.78111
2.17604
1.55784
1.92897
2.24055
0.956116
1.7508
2.11516
1.27205
3.21433
2.6586
1.91846
1.33943
1.59314
3.72358
1.58227
1.62683
3.84931
3.92997
1.83221
1.86582
1.44061
2.05217
2.86468
2.64083
3.32526
3.88269
3.08818
2.75199
3.19555
3.33229
2.21428
2.44112
1.5689
2.61413
3.188
3.01462
2.92658
2.34128
2.36646
2.17143
2.047
2.58315
1.94767
3.39201
2.65136
2.60147
2.10793
1.32205
3.36286
3.46739
3.07745
1.51806
2.92314
2.76884
2.73243
2.99397
0.663466
1.52702
2.47619
1.49801
2.27393
3.78632
2.29034
1.83198
2.90978
3.52657
2.52521
2.76983
1.69341
2.73785
1.37963
0.908432
3.04453
2.0807
2.50533
1.41579
3.23492
1.60738
1.0351
1.68123
2.4348
2.66779
2.53769
2.91054
1.49177
1.91379
2.56409
3.04359
3.889
2.60995
3.65037
2.3448
2.71179
2.98397
2.16309
2.33299
3.54132
2.90105
3.07977
1.59892
1.44173
2.54899
1.57634
2.74304
1.93464
1.59833
2.56111
2.1194
2.07156
2.83032
1.46501
3.37775
3.33763
3.26657
2.11489
2.75694
3.0708
2.69944
1.21658
1.27195
1.8938
3.30357
2.37228
0.846074
1.66595
0.89569
2.83025
1.19429
4.14332
0.838304
2.05796
0.776303
3.15386
3.10808
4.18787
1.42557
1.88293
2.42385
2.44288
3.56325
2.45403
2.90793
3.65163
3.53077
2.88526
1.91373
2.4023
2.0154
3.18941
2.94782
2.2797
1.91325
3.16144
2.78466
2.9772
3.14289
2.95908
0.82259
3.04137
2.07949
3.04865
1.49143
2.8594
1.1883
3.63515
3.44565
1.82177
2.80969
3.40973
2.75935
2.89311
1.88571
2.56306
2.53123
2.00008
1.77276
2.34588
2.45944
2.77517
3.9328
2.04419
1.86787
2.69766
2.36756
1.7453
2.48693
3.40496
2.28027
2.61554
2.42629
2.56582
2.98652
2.86692
3.67983
2.0887
1.98386
1.77397
2.07013
2.97282
3.24933
3.51809
2.82152
3.04952
1.79033
3.51947
2.6706
1.24671
2.58408
2.76402
2.75137
2.19596
3.69291
2.85484
2.78934
1.55196
2.02516
2.79954
2.16369
1.8296
2.32163
1.36766
2.99427
1.46153
3.35027
2.83679
2.57111
0.880329
4.20102
4.00288
3.15242
3.17764
3.63493
2.84878
3.38472
1.11465
1.72761
2.56769
3.25725
1.23021
1.78613
1.25793
0.842096
0.128278
1.33192
2.56823
3.34067
2.60672
1.84452
3.93534
3.0619
2.47846
3.15458
2.64744
3.57833
0.956061
2.20046
2.76517
2.47336
2.34561
1.2191
2.06865
1.68731
1.4737
2.5061
2.66281
2.59486
1.80901
2.12696
0.493876
2.71967
1.74614
2.5918
1.60418
0.940172
1.4206
2.47172
0.239006
2.5647
4.07322
1.44611
1.47321
2.37768
2.94043
1.85943
3.28566
2.63618
2.76496
2.87343
1.7417
3.75912
2.01682
2.59775
3.47509
3.40453
3.50789
2.67104
2.70962
2.35555
3.50151
3.42443
2.75644
3.34112
1.75727
2.89899
3.09313
1.68277
2.45461
1.96846
2.50846
2.49298
3.59651
2.22919
2.87166
1.51074
3.25074
2.92167
4.20234
2.38055
3.26127
2.37994
2.55369
1.32059
3.00173
2.04355
3.37527
1.52596
2.19027
2.69031
1.03987
2.43609
1.81234
1.86649
2.67077
1.5234
2.29451
2.19043
3.2126
3.97428
3.33478
2.52606
0.749743
2.49576
3.55252
4.20321
3.27562
2.92374
1.04971
4.14327
3.34509
2.80393
4.19694
2.84269
2.69511
2.83742
3.79994
1.7586
1.81685
2.19241
2.1374
2.41546
2.77414
4.34572
3.31061
2.15459
4.40622
3.64347
2.3129
1.58166
2.62596
1.97205
0.173742
1.09756
2.84793
1.42425
2.31306
2.98824
2.90067
3.2277
1.4608
2.50949
3.10196
3.24534
3.18544
3.21963
3.07434
3.18334
2.06628
3.63352
2.78295
1.75689
2.57082
2.82177
1.7706
3.08018
3.30095
1.58158
3.06339
2.09035
2.66059
2.18453
3.41538
2.53868
1.73186
2.86843
2.02049
2.43931
2.34735
3.09486
2.62811
2.22926
2.42156
2.41272
3.90192
2.79722
3.52715
3.18038
2.54394
2.27256
3.47338
2.98162
1.59561
0.690675
1.09104
3.04046
3.16673
2.78355
1.95005
1.60616
1.72373
2.15519
3.16773
2.81399
1.44294
3.32476
2.346
2.43412
3.47575
2.28018
2.90818
2.5912
1.02137
2.65641
1.87673
3.6856
2.46905
2.32659
3.37
2.52129
1.87854
2.49026
3.76871
1.18456
1.89748
2.21647
2.03739
3.3896
1.09616
2.71686
3.00071
2.22874
2.22833
3.95033
2.4184
2.98845
2.73853
2.09279
4.10821
1.21915
2.43688
2.90683
1.30308
1.73169
3.10637
3.17951
1.44372
2.35818
3.06445
1.17022
2.99844
2.94046
2.36695
3.01621
3.1193
1.36688
1.94783
2.14152
1.73106
1.39971
4.21503
2.16681
1.91711
1.28457
2.56342
3.04249
2.35236
2.27003
3.10999
1.43897
1.99351
2.20247
2.23625
2.09082
2.36452
2.594
2.72379
3.28739
2.22635
2.10756
3.59979
3.34626
3.00855
3.48486
2.70816
3.00807
3.12856
1.87092
3.20947
3.29606
3.71096
0.865455
2.76769
3.34164
3.51117
3.13698
3.99476
3.48582
2.7775
2.07976
2.65346
1.61932
3.12503
2.7683
2.9366
2.46486
3.38384
2.90776
1.74203
2.91776
2.60778
2.6827
1.96548
1.86846
3.2538
2.2983
2.61462
2.63631
3.15275
2.79418
2.09456
3.12648
1.56576
3.18549
2.90679
1.36635
2.93604
1.30482
1.72221
2.70889
2.49689
2.13854
2.1424
2.51602
2.7133
2.7577
2.05766
2.52422
2.31767
3.2578
2.75186
3.54913
2.19308
2.24748
1.64119
1.44075
2.32144
2.89314
2.68895
2.28778
1.68959
3.59366
2.31417
2.72587
2.01298
4.41976
1.60201
3.02399
3.11019
3.28725
3.51209
3.33797
2.80953
1.42084
1.51409
3.43347
4.12506
3.00266
1.23163
2.55142
1.58798
3.606
1.94139
1.73887
1.76797
2.70898
2.03419
1.05072
2.67246
2.1045
2.66122
2.37023
1.87595
3.2332
2.28923
1.74482
2.02121
2.22368
3.93107
1.5043
1.32813
2.89418
2.82837
2.53053
1.86986
1.56507
2.54384
3.30517
2.36426
3.46513
2.49332
3.81691
4.47372
4.01512
1.72616
3.01367
2.08916
3.70944
2.11114
1.33528
3.86788
2.24236
3.71467
2.78948
3.42289
3.16411
2.56782
2.42322
2.02338
3.35233
2.41642
0.521163
2.38242
1.89422
3.00736
1.86081
2.03807
1.13335
2.18859
2.67197
2.59034
1.09522
2.8609
3.03017
2.4993
2.59808
2.64621
3.56195
1.49858
3.56517
1.30202
3.18911
1.16569
2.34316
4.32717
2.02123
0.71932
2.04904
2.3274
3.27992
1.90513
2.47117
2.78859
2.09093
1.68808
2.09104
2.65448
2.44027
2.87658
2.5396
2.37402
3.13409
4.02237
3.65375
3.14797
2.395
1.78182
2.45288
3.9653
2.38439
1.67522
2.3448
2.06424
1.36159
2.8191
4.62945
3.60618
3.07571
3.15187
2.75309
2.81854
1.78873
1.86639
2.42959
2.08101
2.89064
3.86984
2.49718
2.25099
2.37077
1.66935
3.03142
1.50588
1.758
2.46877
1.05423
2.37029
2.13179
2.11951
2.8599
2.07847
2.59815
1.70423
1.97328
1.73752
2.7764
2.56823
2.56478
2.00689
2.41651
2.5494
1.4418
2.48796
1.71292
3.51668
1.98384
2.54062
2.18171
3.36631
1.19673
2.88522
2.79646
3.32046
3.1806
1.68422
2.68196
1.15441
1.45613
2.58243
2.65486
3.9391
2.52819
2.90757
2.29552
0.856327
1.55758
2.12922
1.7765
2.99632
2.63345
3.14004
2.71939
2.68946
2.81875
1.86333
1.95278
3.23175
2.01874
2.81414
2.74339
3.21288
2.98215
2.00016
1.9698
3.1911
2.54513
3.15384
2.17845
2.5989
3.11397
3.42305
3.66241
1.78052
2.14987
3.00143
3.45938
1.99074
2.96235
1.89121
2.4144
1.13109
1.9006
2.94064
1.82458
1.65335
2.68044
0.575225
1.17639
0.274567
1.27485
2.20559
2.75284
2.30994
1.92536
2.28983
3.76725
2.53531
2.11521
1.73589
3.67029
3.10463
2.34994
2.41847
1.98857
4.19566
2.77095
1.41406
3.93682
2.93543
4.04588
2.36776
2.93587
2.53945
2.99383
1.42845
3.00997
0.356284
1.44092
2.31715
4.24628
0.855491
1.86293
1.67099
3.20129
2.13159
3.16064
4.07896
1.61134
2.01325
2.6423
0.946484
2.33075
1.57215
3.35179
2.88327
2.46842
3.4778
1.95741
2.71037
1.81654
1.10314
3.14325
2.80172
2.40796
2.13367
2.78581
2.07191
3.43967
3.03058
1.81172
1.64461
3.09928
2.06991
2.91388
2.89928
1.92194
1.59062
1.66309
2.27714
2.49956
1.21134
2.12174
0.784093
4.10074
2.82217
1.90021
2.91149
2.73422
3.01165
2.5345
0.9505
1.93093
2.2717
3.03851
2.81554
3.67173
2.9026
3.38942
3.04746
2.4357
1.89191
3.13391
1.92548
2.63555
3.26118
3.55249
2.41379
2.74391
2.56615
0.944204
0.757295
2.64494
1.60712
2.04281
2.90021
3.25165
2.26699
2.0509
1.28289
2.53598
1.57314
1.79947
1.75323
3.45747
2.54098
1.31722
2.05808
2.60922
3.2251
1.92982
2.45507
2.30635
1.80053
1.91521
3.55763
1.47962
2.42532
1.53727
1.92598
2.74833
1.95136
2.90498
2.70478
1.54225
2.06114
3.03503
2.80887
2.84326
2.89479
2.74216
3.50624
1.11982
2.08598
3.18643
2.11511
2.05415
2.2504
1.82467
1.62098
2.96714
1.57963
3.4264
2.67503
2.03938
1.97224
2.98754
3.15365
2.74907
2.59359
1.99757
1.94319
1.79863
2.53155
4.30873
3.25426
1.86944
2.23608
2.38025
2.1925
2.55945
1.54525
3.20014
2.27877
1.54753
2.79757
3.22759
2.20938
2.05942
1.82574
1.6766
3.68608
2.436
2.51465
3.05054
2.74932
0.962533
1.26573
2.1157
2.581
3.09002
2.88709
1.9504
1.41036
2.53717
3.16145
3.02843
2.85122
2.49994
2.82147
2.29094
2.14114
2.35942
2.04944
1.95967
2.59346
3.04468
1.39775
2.43613
1.62812
3.55683
2.79288
3.49341
2.64223
2.89861
2.6492
3.62201
2.53288
2.12042
1.52974
3.62703
2.35691
2.38685
2.52137
3.55134
2.08831
1.3669
2.65733
2.0041
2.37659
2.92738
2.58971
3.95346
2.10665
1.33559
3.56939
2.38959
2.22472
3.21225
1.86902
3.16848
3.21889
3.49505
2.85128
4.3794
3.04435
1.82139
0.927403
3.10757
3.9728
2.06739
2.6394
2.02873
2.8451
2.89872
2.03723
1.63098
3.03707
3.05377
2.05327
2.09112
1.73874
2.90855
2.4317
2.54174
1.90709
1.25157
1.85923
3.31803
2.55252
3.00871
1.93118
1.63021
1.22571
3.17445
3.78849
2.24252
1.56913
3.14325
2.98995
2.74867
2.9956
2.13343
3.27155
2.37628
2.95557
3.92007
2.27809
3.66669
3.48643
3.12745
2.22681
3.13905
3.8645
2.73894
1.56764
2.41933
1.723
1.51847
3.58475
2.21024
3.03283
2.82483
1.96356
3.11369
1.86825
2.49314
2.39479
2.09691
1.82625
2.26538
2.25278
2.07656
2.28083
2.94312
2.02888
2.01118
4.08362
3.01507
2.31157
2.70011
2.36124
2.54925
2.82205
2.15114
3.49237
3.22734
2.3211
2.86657
3.44805
1.91015
1.99988
3.83094
3.50508
2.24976
2.71306
2.67334
2.52666
3.26542
2.14347
2.57288
3.42714
2.36552
3.20794
2.80947
2.63039
1.67159
1.89227
3.85354
2.27891
2.29841
1.75717
3.29566
1.9093
2.62726
2.23681
2.71499
2.40956
4.22744
2.1531
0.846005
2.58199
2.05234
3.65219
2.8688
3.68761
0.432955
3.05317
2.86159
3.36779
2.53723
2.05363
3.12075
1.73345
2.27535
3.25454
3.01532
3.39321
2.95201
2.17835
2.49782
3.48923
2.88112
2.94639
2.42065
2.7758
1.84451
3.34862
3.61366
2.56887
2.28607
2.56986
2.31303
1.37533
2.2865
2.30723
2.43713
2.3698
2.71644
3.21208
3.41027
1.15241
2.33547
2.90656
3.52005
1.84789
2.10409
1.4558
1.91231
2.23254
2.43781
2.96606
2.16969
2.48981
2.41269
2.49257
3.37712
2.0798
0.976086
1.97442
3.61251
2.9396
1.21
1.89054
1.76429
1.8208
2.96303
2.03571
2.11049
2.45254
2.64772
2.63175
3.50566
1.84594
2.28111
3.00246
3.38152
3.0473
2.89725
2.70946
3.40373
1.54282
1.50551
1.70929
2.86381
2.44876
3.07995
3.74505
2.03843
2.19179
0.0889425
1.98445
2.04247
3.02826
3.16936
3.39491
1.57703
3.45957
2.13946
1.48387
2.63042
3.67105
2.9649
2.11029
3.28739
3.70291
3.14565
3.51014
1.71492
1.04633
2.14798
1.74556
2.38263
2.04128
3.28812
2.15842
2.58515
3.67713
4.05022
2.69207
2.57394
2.4429
1.80069
2.7929
3.36839
2.90351
3.35626
2.49172
2.44421
2.53967
3.21709
3.64135
2.80804
2.35354
3.10756
3.34255
2.19511
1.57967
3.15088
1.73512
2.90874
1.83758
2.07579
2.19832
1.96704
2.71271
3.19828
2.78886
2.48216
2.43658
0.868356
1.44846
2.35669
2.79922
2.88631
1.58661
2.60927
2.0414
2.29374
3.31238
1.53914
2.35611
2.80607
3.66291
3.60511
2.23543
2.17751
1.97049
1.85955
1.8529
1.79896
2.04357
1.63381
3.39371
3.14713
1.79984
3.32066
1.46757
2.84771
2.5898
1.04402
2.59082
1.84118
3.22495
2.2991
2.27995
2.84018
2.3845
2.10451
2.6948
1.81729
1.14357
1.68913
1.37266
1.50218
0.944397
2.19331
2.18981
2.70198
3.12148
3.02986
2.65773
3.45373
3.41437
0.247969
2.77903
1.17428
1.99878
1.45687
3.05221
3.01823
2.77757
4.07425
3.24134
3.05553
2.34241
2.72464
3.03428
2.82049
3.59753
2.12036
3.6994
1.79804
1.55674
2.18825
2.02476
3.50589
1.27478
1.5604
2.80924
3.69835
3.0355
1.99789
2.95208
2.5221
2.86361
1.56141
3.82898
3.15971
2.3013
3.59934
2.13371
