1.26757
3.93496
2.55751
2.73959
2.51073
1.45695
2.2518
0.913104
2.15232
1.89577
3.59659
3.25365
2.4173
4.11765
2.65683
2.14762
4.1733
2.66149
1.25783
1.68927
2.89515
3.20278
3.1648
2.00531
2.30895
4.25456
1.07094
1.32381
4.26405
1.73336
2.74117
3.07459
3.34053
3.09318
2.57422
1.78601
2.75963
2.4104
2.92547
2.17429
0.665252
3.61533
3.33872
1.99121
4.47145
1.85465
3.32474
1.69833
2.75094
1.22419
2.56538
1.39764
2.94013
2.47335
2.57588
2.38464
3.41026
1.61772
2.65224
1.16236
1.85639
1.51854
2.45376
2.14349
2.09237
1.3464
2.49375
2.93744
2.59482
1.75632
1.2204
3.23548
2.34224
3.31311
2.21667
3.52115
1.80396
3.36636
2.86977
1.79404
1.22448
2.11357
5.26469
1.71312
3.67546
2.7433
2.65656
1.93672
3.22421
3.70074
2.24451
2.9948
3.29115
2.77697
2.45932
2.14155
3.53001
3.31045
3.31711
0.987576
2.07419
2.16469
1.1627
3.02429
3.42845
3.39204
4.10468
1.09681
2.6455
1.53713
2.64374
0.122697
0.603981
2.11685
2.21819
1.93334
3.47539
1.41488
2.81705
2.53675
3.6125
2.24046
3.10905
3.23628
1.88962
3.61997
3.33214
4.06289
2.89139
3.40213
2.25541
2.54022
4.00807
2.41238
2.80193
2.7823
2.45621
3.86317
1.64352
2.1548
2.56599
2.87043
3.12868
2.72717
2.5638
2.34317
1.93675
2.2178
1.85471
1.86387
2.15446
1.68014
3.47571
3.08366
4.01445
1.97956
2.50646
2.99174
1.73681
3.47945
3.72789
4.6461
3.58977
2.5105
1.62602
2.48726
2.81442
1.61861
2.73393
2.32281
3.36073
-0.244875
3.04396
3.5332
3.75894
3.38363
4.56497
3.20382
3.95287
1.58368
2.3002
1.05728
1.4084
2.12385
1.9303
2.2417
1.40814
1.22194
1.73529
3.39973
3.90734
3.27967
3.49054
2.77354
2.61987
3.1422
2.14276
1.63099
1.46018
3.72689
1.32448
2.90777
3.32708
1.23138
2.38441
1.71824
2.33322
1.58808
2.64324
1.26197
0.125343
2.56562
1.51107
1.59871
1.82741
3.47671
4.14543
1.94953
2.35067
1.26915
2.67684
1.8113
2.4859
1.8997
3.47973
3.02942
2.42706
2.45911
1.45669
2.82334
3.5833
3.28949
1.75705
1.09171
1.79805
2.56146
0.981527
2.66979
3.61691
2.63905
2.7094
3.39295
1.7943
1.72791
1.57119
1.10277
3.63739
1.86283
1.46451
3.33986
2.66117
3.09176
0.535809
3.04621
2.30308
4.42183
1.70647
1.8554
4.12326
3.1614
1.65859
2.62419
1.56455
3.56985
3.40452
3.76182
2.46062
1.29399
1.66656
3.2852
5.10663
3.1588
4.36862
2.09107
-0.509418
2.02123
3.44482
1.13665
3.19895
1.87938
2.86022
1.8117
2.89645
2.52671
2.66965
1.71216
2.77434
3.20557
3.04668
2.52282
2.15626
1.59724
2.53107
4.13624
2.66333
2.43104
2.40321
1.90764
2.77829
1.41893
1.13903
2.51701
1.95894
1.4925
1.52494
1.66596
1.01719
2.30439
2.7366
1.98381
1.04238
1.99401
0.54591
2.52873
2.88263
1.99402
1.95485
2.10832
2.87897
2.6344
2.04957
3.45143
2.3524
1.59632
2.00994
3.41406
3.26249
2.85757
2.6915
3.66635
3.68039
3.04578
1.26748
2.57788
1.84325
1.71992
2.53474
3.32113
1.76753
3.59331
3.96206
2.78726
3.20092
1.92492
4.14165
2.60956
2.68048
3.07444
3.22818
3.29034
1.33529
2.50535
1.9684
3.22179
3.34689
2.8797
1.7845
2.51063
1.8786
1.82526
1.94471
1.38634
4.88269
0.702392
2.21611
2.1876
3.32602
4.02319
1.45322
3.11122
1.34036
2.16285
1.64396
1.21915
1.61656
1.62478
2.04741
1.73272
2.08367
3.08168
2.72852
2.75207
1.76449
1.51804
2.92295
3.65061
3.04692
2.78333
2.64369
2.3714
0.796861
1.33918
2.47205
4.24312
4.33296
1.75421
1.69622
2.57927
2.44454
1.9758
3.21846
2.94876
1.40147
2.42558
1.94817
2.86763
1.7215
2.1952
2.23362
3.74401
2.59445
3.21661
0.770201
1.95433
2.75956
1.33192
3.10884
1.67539
0.956907
3.14352
3.52462
3.7893
2.48693
1.6421
3.23263
2.99546
3.39115
1.52758
1.81016
2.29631
1.9842
0.547511
2.63618
3.29006
2.31274
2.79793
2.33054
0.56044
2.26
0.920605
2.96264
2.88999
3.10777
2.61418
1.21151
1.67449
3.53096
3.01262
1.36443
3.95458
2.55617
3.64246
3.35281
2.9788
3.60777
2.30026
0.912461
1.32418
2.36466
2.11886
3.65663
2.30034
2.35685
3.1982
2.24412
1.27799
2.9681
2.93734
3.14614
2.0861
3.00483
2.43677
4.38564
2.09776
2.25592
2.29547
2.86543
2.65205
2.32945
1.68469
1.94293
2.3446
3.79078
1.44778
2.38254
3.5115
3.34038
3.77665
2.09826
3.71753
1.83183
2.6947
2.46551
2.51952
2.44643
2.43639
3.59725
3.27428
2.78762
3.26883
4.68608
2.45577
0.991012
1.21254
-0.315785
0.407451
3.48838
4.75454
3.30131
2.87382
2.26567
1.53772
3.71838
2.62464
2.20887
2.12673
2.13335
3.69567
2.69415
1.82486
2.51218
1.9414
2.28498
3.3571
3.8656
1.89873
1.13104
1.79472
2.98715
3.0229
1.47256
2.38272
2.28367
2.47773
2.9817
3.51951
1.12966
1.8778
2.00146
3.23468
1.87131
4.06547
0.632319
2.89252
2.10623
2.6725
2.36547
1.64339
2.04464
2.63703
1.99443
4.19332
1.6819
1.42823
3.26446
3.12839
0.906125
2.43782
2.37253
1.84227
1.71464
2.12171
1.63306
2.09487
3.57877
3.38742
2.19109
1.86974
2.69937
3.22292
2.80492
2.19098
1.26779
3.49144
1.73609
2.94424
1.60055
3.67799
2.99615
3.754
2.2788
2.05292
1.80141
2.81125
3.94941
1.31805
1.57861
1.70019
1.48249
2.9303
2.65285
2.34049
2.33435
1.5881
3.75482
1.49726
4.01703
2.99221
2.10116
2.99349
1.39948
1.69325
2.07871
2.47632
2.84898
3.45618
1.64125
1.64921
2.56041
2.69812
3.40632
2.96535
2.07993
2.61576
3.10222
2.33383
1.43262
3.05954
2.16345
2.56542
3.9127
3.68633
2.00607
1.30169
2.6621
2.00104
1.29523
3.10845
2.24166
1.50953
1.5859
3.34123
2.74894
1.88521
2.69577
2.67099
3.38669
3.02577
3.44051
2.41652
2.07469
2.73533
1.72168
1.84544
2.44192
0.778146
3.17271
1.09666
2.57289
2.11862
1.70904
1.47745
2.47473
1.93409
2.03051
1.4966
0.560295
1.64643
2.73441
2.24601
4.27585
3.18074
2.70126
2.64661
0.46248
2.53197
-1.17463
1.64736
1.35885
3.6079
2.28871
4.16929
2.63421
2.64009
2.12145
3.43147
1.13786
2.05266
1.37814
2.57985
1.84616
2.57213
1.35313
0.865212
1.27174
1.19655
1.4073
2.25727
2.74429
3.19166
1.4388
2.85729
1.83561
1.43963
3.41591
2.57023
4.14121
0.906809
2.28988
3.43758
1.98414
1.90948
2.07132
2.9518
1.30774
2.36496
3.02298
2.48105
3.3724
2.77134
2.4509
1.35672
2.28747
1.61406
2.89724
1.51126
2.07296
1.25652
1.3838
3.04134
2.31845
2.46802
4.08233
3.30241
1.41563
3.03876
2.7326
0.896633
0.778402
4.47551
0.967396
2.11416
4.6599
3.9628
3.07756
1.28429
2.95467
3.24358
3.88708
2.62754
3.40997
3.21801
2.36929
1.89455
2.5218
3.32764
3.2806
1.20681
1.80459
2.641
1.44482
1.64881
1.00021
2.54694
2.22803
3.57685
2.10576
0.750909
1.80071
2.38154
1.27727
2.85051
1.72636
3.16595
3.28799
3.65993
2.7933
3.05055
3.35202
3.59204
3.19166
2.28979
1.58858
1.83621
3.65491
1.7
1.21736
3.77175
2.64265
2.72651
2.2439
1.88077
1.18448
1.4299
0.819802
1.60835
3.86431
3.83294
2.08838
3.0721
3.23052
2.96192
1.70989
1.89951
2.42456
4.18941
1.02354
3.2763
2.50526
1.80625
1.95367
2.89392
2.58698
2.45884
2.54539
1.00512
1.92064
3.40223
1.37244
1.71937
2.26982
1.83023
1.88927
2.61271
2.60249
3.05712
2.60969
2.21326
2.74675
1.46
0.342259
2.06634
1.92369
0.874825
0.707337
3.15454
3.41716
0.927838
1.48653
2.19255
1.58054
2.66987
1.66939
3.96753
2.30045
2.40381
3.3171
3.43868
3.2652
3.26332
3.25804
2.01818
2.18644
3.78595
2.18114
2.66045
1.91288
1.86031
0.498767
2.55659
0.149648
2.3979
2.89003
1.45335
3.17687
3.00219
1.63152
2.4119
2.90416
3.15122
0.83086
2.35102
1.90027
2.57612
2.28788
1.77447
2.02445
4.21994
3.60387
1.09261
1.73988
2.51748
1.47368
3.81299
2.49283
1.69012
2.2686
2.27676
2.53692
4.17096
2.69521
2.4237
1.58275
1.82213
0.2891
3.82504
2.41351
2.49616
2.70985
2.34585
1.12433
2.5867
2.15989
1.41032
3.20993
3.59747
4.63766
0.579108
3.21329
0.661496
2.03625
1.632
3.18876
1.8825
4.07427
1.95563
2.69807
2.95816
1.87025
2.85515
3.07433
2.68818
2.93206
1.47053
2.2556
3.00782
2.27048
1.64114
2.47768
1.55516
2.58603
1.13417
2.89804
2.28135
2.38861
3.01698
3.67393
2.01718
1.58246
2.55878
1.24541
1.39581
3.39077
3.43163
1.45624
2.61069
2.89679
2.59302
2.77265
2.55006
2.1552
2.35331
2.77826
3.1294
-0.796031
2.24329
4.1344
2.23902
0.32392
2.52313
3.65452
2.7144
0.844527
2.04235
1.25326
2.4391
0.67425
1.33585
2.32802
1.95203
2.86028
3.58008
1.25721
3.38584
3.03928
1.86723
1.80649
3.11875
4.11208
3.81323
2.48543
3.48711
1.94899
1.58585
0.707798
3.191
1.75851
1.6454
1.88954
2.7753
3.07114
3.31971
3.45357
2.97428
2.92235
3.55675
3.52031
3.62159
2.51251
2.61988
3.4772
2.78778
3.92518
4.17737
1.42587
2.33077
2.73021
2.13289
2.70763
2.53941
1.45521
2.30836
2.26938
2.0976
4.01423
1.8805
3.15449
1.5919
2.24489
1.42219
2.28212
3.11807
2.79232
3.07272
3.23378
1.54917
3.50102
1.75257
2.83548
2.3837
3.04119
0.954041
3.30195
1.86159
3.15433
2.66844
2.89145
2.14523
3.24271
1.50879
1.89718
2.23642
3.05187
2.14814
2.68271
2.75374
1.77998
2.85338
0.668683
2.39436
3.74188
3.38538
2.44203
1.20579
1.89679
1.17733
3.81901
3.61918
1.26323
0.957505
1.89322
2.81087
3.18879
2.80906
1.74981
2.69155
2.99167
1.68252
2.12807
2.37891
1.86079
1.59995
1.31803
2.41197
3.08149
1.64208
1.05135
1.96505
3.66275
1.45959
2.06521
3.22481
2.49277
2.78466
2.53845
1.42195
2.99808
3.27708
1.42188
0.445798
1.94461
3.38633
2.06412
1.70993
1.26867
2.35293
2.21966
2.10766
0.196408
2.61733
3.54912
1.04579
3.12485
2.22442
2.85959
1.71276
1.35096
3.00036
2.09853
1.95252
0.407203
0.625351
1.17716
2.27981
3.08711
3.09963
2.55766
2.60156
2.41908
0.492714
2.85182
2.15176
2.06368
0.932855
2.65865
2.8197
2.48234
4.49771
1.78736
1.98316
2.82036
2.81157
3.27203
3.17236
2.50136
1.87825
1.5481
0.912162
2.02638
2.96977
1.32308
1.23608
1.79663
3.02173
1.47439
3.5827
2.73978
2.25515
1.96368
3.31736
0.763398
1.17196
2.42831
4.40155
3.07715
3.76719
3.18867
4.2314
1.6788
3.38525
2.1889
2.62567
2.44938
2.2812
1.44431
2.46564
4.60055
3.65508
3.60587
4.21433
2.27979
2.87574
2.24317
2.32005
3.54231
3.01766
2.93922
3.82016
2.97898
0.841662
1.95494
2.75511
3.30053
1.46066
3.28035
3.1226
2.5214
1.00447
3.34034
2.72462
2.54684
4.45468
2.44894
2.95074
0.37244
3.21379
3.99346
2.01395
3.3164
4.31793
2.69236
1.83607
1.29654
2.70731
5.53195
4.78776
3.17266
2.26611
1.94701
2.72662
1.7671
1.35752
1.63104
1.43341
1.89136
2.25515
2.57343
3.21844
2.43801
1.79397
1.70951
1.48244
3.57597
3.0414
1.56991
2.28796
3.66708
2.05267
1.65437
2.02253
3.7294
2.07319
2.34676
1.11822
2.59179
2.95208
1.86782
1.30101
3.61324
1.69947
2.56456
1.38905
1.90372
4.09368
2.75429
1.47525
3.27442
2.79438
2.06344
-1.35594
2.34004
3.25259
1.13671
2.54982
1.07928
1.45068
1.9879
1.9633
1.76155
2.12148
2.47303
2.28114
3.38068
2.61662
1.64998
1.59673
1.51903
2.40644
1.34653
1.59473
2.9448
1.79598
2.91359
3.53866
1.8675
2.01228
2.10616
2.87076
1.21912
0.896309
2.21204
1.7207
-0.00418107
2.18403
1.75595
0.792574
2.15417
1.40944
2.7087
2.94563
4.23084
4.58787
2.89133
1.39117
1.93254
1.67499
4.82814
2.75653
3.84458
3.49563
1.85656
1.33696
3.38652
0.372546
1.41137
2.48482
2.53926
2.78972
1.89601
2.77485
3.76997
2.64372
1.64333
2.18789
3.08506
2.72274
2.97541
2.46259
4.52409
1.66866
3.55526
2.03238
1.54277
0.678784
1.0934
2.18729
2.42338
1.71053
2.69272
2.38876
4.1475
3.68196
2.97938
1.33866
1.09533
0.694848
0.453191
3.24738
2.42592
2.25018
1.47187
0.457883
0.813576
2.35287
3.19612
2.30367
3.68556
2.84288
3.04392
2.44703
2.59403
1.80493
2.06368
2.0904
2.35723
1.52017
2.7817
3.7335
3.87205
1.12347
2.78903
1.31309
1.56248
3.13542
1.60836
1.04658
1.24375
1.63094
3.66546
3.20516
4.2884
0.846272
3.46327
2.27764
3.00604
4.16804
2.1161
3.50612
2.23409
2.4974
1.86024
2.86563
2.56752
4.10687
3.1009
0.954959
0.862584
2.57924
2.90877
3.19631
0.899706
2.77194
2.88943
2.68065
3.1296
2.31748
1.94708
3.04635
2.06185
2.80779
1.08547
2.45803
2.20938
1.78918
3.25784
2.72346
4.18702
3.32764
3.30329
3.40664
2.15654
2.15672
2.15416
2.01139
2.67542
1.07895
0.784432
2.50988
1.60246
1.49849
2.61672
2.53116
3.04755
2.77864
3.46833
1.20262
2.78488
1.27337
3.04157
2.95584
2.11731
1.85647
1.5198
2.9154
3.01471
1.06982
0.689095
1.20425
2.0272
1.842
2.89432
2.83625
3.24368
1.93838
3.52483
2.86463
2.92709
2.23171
3.18471
4.07596
2.65662
2.60727
0.148124
2.42325
2.87294
3.29041
3.85411
3.22619
2.83494
2.65904
2.8143
3.88464
1.49125
2.97071
2.13536
4.2232
1.54965
2.78215
2.42291
3.59541
3.83678
2.71376
2.75073
2.24329
2.82363
2.61817
2.47974
2.21602
2.44879
2.09604
3.21882
2.99235
4.0815
4.01942
3.04553
2.16411
1.98345
0.664628
3.59119
2.22413
2.25484
1.7548
3.1177
2.48916
2.51572
3.76331
2.89431
1.20087
3.13698
1.84265
2.40924
1.42494
1.9763
0.0141583
3.24277
4.12757
3.00239
1.92519
2.31177
3.41415
0.955029
4.79785
3.00306
1.84807
3.57885
3.50145
3.11325
2.42283
2.67661
3.05008
3.07383
2.14587
2.93926
4.0858
3.25043
2.60963
2.13404
1.5812
1.98133
2.239
4.81624
2.94965
1.77745
2.51892
3.02104
2.48577
2.58236
2.75058
2.83323
2.73245
3.34348
3.40892
2.99913
2.91593
1.33124
4.00882
0.943618
1.86653
2.21511
1.71123
2.88327
2.32708
4.10282
2.51601
3.54232
4.3572
1.41605
0.315229
2.44056
1.02571
2.97902
2.73491
1.30041
2.22302
1.67674
1.05292
4.19708
2.01826
2.26552
1.2776
2.41676
1.5773
1.90718
3.5003
1.66536
0.0637931
2.81591
2.65294
3.23084
3.41982
2.74183
3.12999
3.34743
1.88917
0.895629
1.74519
1.74636
1.51593
1.05879
0.992704
2.9952
2.74357
3.18467
2.85451
1.60518
1.42176
1.68972
3.86716
2.17523
2.35862
0.594294
2.04034
3.37112
2.99812
1.55713
3.06101
3.6455
4.22402
1.62232
1.9995
2.52064
3.19374
3.62783
2.98561
3.03208
3.0031
2.05683
3.64278
2.43603
0.936267
3.53989
3.57001
1.78202
1.94261
2.77359
3.1448
3.9382
2.96008
4.81664
2.06662
2.51513
2.9074
3.96633
1.36665
2.92187
4.09111
2.89463
4.40709
1.76122
2.70734
3.4141
2.18382
3.22216
1.68049
0.71253
1.98181
3.11006
1.70481
3.71634
0.778896
2.24586
1.38851
3.80728
0.623529
1.65534
1.82335
3.25572
3.25275
2.86413
3.24536
3.29269
2.08114
1.29273
1.89614
3.59353
2.06536
1.69089
3.07456
2.78168
2.7324
3.26739
2.5113
2.07307
2.85838
2.17814
3.40091
1.31301
1.78838
1.39856
3.13671
2.14773
1.05884
1.21717
3.05933
1.85139
1.67004
2.86665
0.201838
0.740825
3.82556
3.21794
2.74045
1.23657
2.24194
4.40486
2.61339
3.25992
1.94279
2.20247
1.82822
1.64877
2.6633
0.890928
2.464
1.69457
0.728727
2.39652
3.13787
2.97559
1.6469
1.76142
0.788333
0.493409
1.66815
2.93944
2.12036
1.22138
1.29115
2.03004
2.78227
1.98857
2.54395
2.77749
1.21865
2.42352
3.39462
1.41206
2.68836
2.8003
2.35089
2.98912
3.06239
2.94716
0.89139
2.48108
1.56263
2.61764
1.30593
2.06153
2.72599
3.33563
3.503
3.73896
2.59398
2.74257
3.51251
2.80379
3.02919
2.87659
4.16631
1.43461
3.10555
1.14449
4.04577
3.70294
3.93723
2.93898
3.26956
1.33417
1.32203
2.35709
3.03316
2.84127
2.80255
2.05817
2.58081
2.44358
3.00732
1.96665
1.66015
2.68232
3.4055
2.80503
1.58041
2.06604
1.99284
3.30235
4.08072
1.37336
1.73336
3.44553
3.25004
2.16442
1.93429
2.69562
2.01687
2.88015
3.04625
3.95278
3.45243
2.01889
1.90554
1.83512
2.31101
3.62637
1.58764
2.13531
2.21056
3.26349
1.85777
1.25066
3.59531
3.5419
3.80077
2.60864
2.37406
2.9643
1.85949
0.818117
3.05421
1.9443
2.05482
2.21827
1.66768
3.39437
2.29981
3.01843
4.7841
2.52125
2.49806
0.630786
1.68101
2.92932
2.78883
3.86011
1.7499
3.20031
2.65782
2.54651
0.751228
2.10801
3.95129
0.902045
0.725412
2.2531
2.97614
1.81062
-0.409
2.17317
2.99267
2.19822
1.9647
1.67644
1.30707
0.386546
2.35762
1.74232
2.97603
1.77982
3.23309
2.1158
2.03611
1.03974
2.08494
3.67555
1.93556
1.93996
2.015
1.80469
1.95703
2.8321
2.43056
1.95363
3.37142
1.11618
1.20424
1.30231
2.11203
1.32852
0.748695
1.64474
2.36947
1.4717
1.93096
2.88801
2.64107
1.68485
3.04581
4.47712
3.16837
4.27916
2.52696
2.6008
0.204192
1.6549
2.39544
1.85021
1.09078
1.23918
1.26747
1.69248
2.10781
0.909254
0.777507
2.20924
3.04774
2.63017
2.09357
2.17416
2.49373
2.04528
3.20317
2.25585
1.35525
2.71142
3.01829
1.3688
2.79003
3.08719
2.41718
1.20225
1.49604
2.17617
1.86524
3.11381
2.81909
2.66752
2.88144
4.30549
1.16387
2.96085
3.0982
3.05144
0.954514
1.2087
0.973241
2.64213
1.74054
1.71691
2.62795
3.68865
0.665221
1.45782
0.539633
1.97124
3.89144
1.02622
2.68523
2.67915
2.18462
1.17725
2.49294
2.25995
1.64796
1.05347
2.57437
3.13417
1.6187
3.83829
2.25219
1.4987
1.84607
2.83886
2.53563
1.26367
3.37983
4.39849
3.35054
3.01189
1.69442
2.85761
2.91668
2.5449
2.41855
3.51721
2.73671
2.99646
1.96647
2.3428
4.59078
2.41377
2.26267
3.20691
1.27045
1.06372
2.5476
1.30761
2.22419
1.44819
2.06315
2.37876
2.66503
1.9601
0.496588
2.99523
1.07566
3.11949
3.24423
2.68424
2.03516
1.04197
1.47747
4.02131
4.05377
3.73105
2.70875
1.3423
1.4934
2.1872
1.23205
2.48837
2.97256
2.60674
1.72738
4.02002
2.72936
2.21701
2.21328
3.31729
2.86011
2.86823
2.58178
1.29892
1.16363
3.02421
3.20367
0.140814
1.31256
3.0501
3.41167
1.98838
3.51318
3.37193
1.80953
2.8808
3.16899
2.30166
0.789504
1.98539
2.03773
2.18096
1.64917
2.39302
1.14731
3.55783
4.38074
3.50733
4.84107
3.0823
3.10299
-0.299484
2.90521
3.00879
2.18457
3.16182
3.30769
0.958216
2.54065
3.41399
3.24459
2.50777
2.51575
3.49163
3.01469
2.27129
3.69439
2.21696
2.88628
2.87034
1.99535
1.60605
2.35675
0.971868
2.09763
2.19309
2.15211
0.0957815
1.90735
1.28041
1.11946
4.18494
2.55983
3.19456
1.85773
1.61475
4.0439
1.78316
1.34508
1.81081
3.27828
0.214653
2.94653
2.74902
2.25963
2.04641
3.01026
1.61631
1.84362
2.15994
4.42869
2.28391
2.73165
3.44191
1.30577
1.56409
0.742672
3.18944
3.71028
2.00975
2.02096
3.0846
0.351936
2.14953
1.60354
2.28707
2.00901
1.21761
1.38809
0.525204
0.784034
2.16931
1.85756
1.87269
2.67202
0.7618
1.7786
2.90855
0.61956
2.17323
1.63669
2.16549
2.6549
3.07062
2.98636
1.99639
1.42504
2.09344
2.62187
3.30706
1.65928
4.07266
2.27684
2.3889
3.30359
1.73572
3.23076
1.63941
0.557329
3.13279
1.26709
2.88499
3.22162
2.13873
3.63505
5.99264
0.789455
2.25536
1.34523
2.0303
0.367327
3.03318
1.95
2.51471
2.20762
2.45777
1.58539
3.53851
2.18673
2.46817
3.94669
2.26458
3.59554
3.26993
1.71332
1.11332
3.74688
1.88752
2.2041
1.9207
0.759134
0.584419
0.568866
0.805777
3.11799
2.67133
2.28491
1.16976
3.20482
2.44818
2.00153
0.847019
3.57585
0.685362
1.92759
1.77025
1.42518
3.34357
2.65272
1.9459
2.41773
1.35029
3.93591
2.79958
1.36507
3.58673
1.33051
1.90801
4.99576
1.15826
2.32042
1.63156
2.05717
0.88381
1.38531
1.74283
2.72849
1.952
2.25957
1.46153
1.5306
2.68507
2.979
2.32206
2.56023
1.1048
1.53499
2.73808
1.92449
2.75748
2.90007
1.99973
4.61681
4.86701
3.19483
3.25117
2.73528
1.51363
0.257709
1.76979
1.02053
2.28226
2.3462
3.356
4.05091
1.72786
2.87738
3.07775
2.11408
2.60262
2.70357
0.789417
2.2115
3.41395
3.63082
3.16203
3.61757
2.90597
2.08321
2.45115
2.65459
2.5692
1.88305
2.0381
2.06237
1.71221
2.78987
1.95302
2.16249
2.38187
1.45758
3.06799
1.91556
1.15453
2.38115
3.69365
2.46234
3.1255
2.54304
2.702
1.95794
2.4233
3.18858
1.61174
0.676603
1.52459
1.35294
1.65305
2.99371
2.09387
2.06584
2.96776
2.97265
1.16748
2.59656
0.567335
3.3088
2.83766
2.00311
1.48048
4.18017
2.36214
4.27097
2.13025
2.67219
2.21959
1.2426
1.79774
-0.0307967
1.88128
4.45331
3.10253
3.74614
4.11369
2.92486
1.97175
2.64132
4.17579
2.04661
3.49869
2.60156
3.97059
2.15032
4.14168
3.48564
1.7283
2.34967
2.34812
-0.15735
3.17941
1.1612
2.32151
1.37751
2.41005
2.20283
1.15723
3.08665
2.22532
2.22665
1.45718
2.08647
1.71832
1.83089
2.47745
2.01643
1.51716
2.73248
0.673928
1.49604
2.62317
2.92533
3.55103
2.11623
1.88184
2.19519
2.45836
2.32786
1.49667
1.40987
1.288
3.73146
1.56467
2.76795
3.36943
1.67929
2.21423
2.69384
2.41875
1.64811
2.00365
2.84194
3.47355
0.432177
2.41108
2.94206
2.01395
3.12225
4.33487
2.25981
1.96293
3.35382
3.65171
1.74992
1.59788
2.69783
3.49978
3.2112
1.62998
3.79129
4.14313
2.22929
2.91398
2.84658
2.543
2.0181
0.799561
1.26693
1.9615
2.35615
1.85922
2.14053
2.4222
2.01794
3.55853
1.59682
1.85073
1.27069
2.99195
2.78783
1.90561
2.4563
2.46337
2.37005
3.62528
2.12389
2.07374
3.99895
3.38195
1.06331
1.45032
3.27876
3.83541
3.89011
5.24156
1.82673
1.99803
4.07108
2.70214
1.901
3.04989
1.20361
3.25024
3.21208
2.09817
0.357249
2.24942
3.08933
2.83702
2.23937
1.43717
2.60114
3.01314
1.43009
1.23324
2.46427
2.35953
2.73603
2.50389
1.69569
1.74969
3.35362
3.423
2.67712
1.7316
2.83441
0.39413
2.58716
3.11106
2.49328
1.87351
0.656938
1.07822
2.09977
3.29036
2.63719
1.70169
-0.784309
2.78144
2.28865
3.94768
2.475
3.09116
1.77083
1.94281
1.60936
2.97913
2.05425
2.30245
1.13198
1.10113
3.31779
1.59608
1.85374
3.4567
3.19718
1.1564
0.745793
1.19466
3.54592
3.6591
1.60714
2.48394
1.85597
0.125822
1.8424
2.30918
2.53956
1.54287
1.2548
2.00033
1.59141
2.08601
2.76564
2.42996
2.52939
1.27944
4.16197
2.31005
1.4877
0.36033
3.16433
2.26184
3.77941
2.06378
1.56761
3.64311
3.35272
1.53954
2.61041
1.49163
3.21062
1.89718
2.04709
2.44839
1.97974
2.22557
1.72624
2.03617
3.31086
4.82012
4.53493
4.2606
2.80954
1.44842
2.60693
2.48813
3.49542
0.876965
1.49353
3.51459
2.62815
2.31602
2.71196
3.05152
1.88014
1.83234
2.96221
1.19153
3.70287
2.08538
3.60143
2.05224
3.2839
1.77037
2.16846
3.3052
2.51459
2.84177
3.38841
1.40404
2.50544
1.31286
0.924597
1.24188
2.80114
0.674444
2.96405
1.69387
3.79811
3.02325
2.50082
4.60183
2.60301
2.42646
2.47657
1.84918
3.2703
2.83938
2.8601
1.93568
2.6921
3.4245
1.10419
2.06329
2.5311
1.63526
2.98154
3.63527
2.52302
2.32353
1.30545
1.22858
1.19973
2.4268
1.23134
3.79354
3.48618
0.179706
0.317867
0.871279
3.82003
3.83494
1.55063
3.2382
3.21876
1.27241
2.43354
3.92255
2.01025
1.30068
3.2011
1.98191
3.38292
0.70553
0.553316
0.927795
0.705216
2.36052
2.45662
0.45922
1.93453
1.51525
3.95988
2.3019
1.87969
1.67994
3.65247
2.6539
4.40231
3.97693
0.770324
1.81772
2.14237
3.7572
2.49308
2.19021
0.418986
2.50092
2.4271
5.05234
2.45629
3.01149
3.43626
2.16662
1.40808
2.66952
0.932848
1.06195
0.294949
2.16189
4.15179
1.73585
1.38172
1.69757
0.529126
2.20313
1.6366
2.009
3.88501
2.81484
1.52429
3.44734
1.16948
2.21788
2.50323
1.73818
3.81313
3.81592
1.43566
1.00595
1.52517
3.36989
3.64425
1.89568
3.17385
1.41679
3.50427
1.01608
2.12437
3.8276
2.77902
1.88901
2.98128
1.05563
3.07411
3.01531
2.28496
2.2872
4.06773
2.31375
2.80221
1.81068
1.83638
0.776363
3.36226
0.797288
3.90437
3.05042
4.05841
2.34653
1.0525
2.59798
2.23014
2.26511
1.8928
1.39076
2.25853
3.53983
2.1838
0.788142
2.34127
2.08421
2.61063
2.34814
1.9147
1.66835
2.08942
2.23905
1.75029
1.99697
2.24233
3.30088
3.25094
3.25866
3.15694
1.75571
2.67153
3.47486
2.14769
3.27296
1.65604
2.53117
3.04188
3.54061
2.7082
1.22215
3.33615
2.42588
1.24363
3.00045
3.20177
3.96703
1.91269
3.94855
2.81222
2.81512
4.83328
3.64981
3.27979
1.13673
2.08777
2.45259
2.77432
1.42415
1.37138
2.65047
3.51892
2.15976
1.44737
1.31012
2.79723
1.24584
3.40778
2.13748
2.13879
1.37527
2.44412
2.63172
1.70806
3.62608
2.43306
2.39418
1.6382
3.54758
2.23748
1.92038
3.69855
4.19826
1.87186
2.12323
2.03325
3.75119
1.75638
2.01651
2.53578
2.51368
2.1664
2.67965
2.31759
1.30298
2.12911
1.09827
2.47469
1.27842
3.05469
3.8039
1.98852
3.52732
1.9706
1.22364
1.06854
2.57663
2.07658
1.99645
2.63985
3.74841
2.56641
3.24867
3.50388
1.74978
1.5411
1.25716
1.82919
0.117498
2.73096
2.47923
1.59558
2.0984
5.09359
3.98468
1.26455
2.7016
3.88886
3.34944
1.24336
0.980773
2.24032
0.870617
2.07367
0.860273
2.50099
0.706997
4.33958
2.37978
2.94599
2.24032
3.26532
2.02732
2.36376
3.55305
3.32378
1.45917
2.1417
2.3931
3.16078
2.04733
3.32067
1.24302
1.1765
2.3798
1.2142
3.60985
3.244
2.80911
2.01794
2.43552
2.01938
2.21126
2.68137
3.13336
0.960045
4.24222
2.29921
1.86686
4.26021
1.65735
1.12244
2.65519
1.02514
2.0386
1.37441
2.20378
3.35461
3.23378
2.09913
3.25555
3.50918
2.72666
1.95962
2.73952
2.22151
3.08778
2.33265
2.20271
3.83737
2.25999
2.98957
3.02536
1.8827
3.85683
3.73891
3.5893
2.58974
1.88306
3.38932
2.37984
2.43636
1.21863
3.36139
4.07409
4.11087
4.13948
2.28585
1.39292
1.36562
2.09191
3.08868
2.54819
1.85753
1.67879
3.96598
2.37923
1.18522
2.39702
2.69806
1.39842
2.73026
3.27616
1.33161
1.38966
2.09156
2.80371
3.26595
1.99942
1.15736
4.28579
1.78541
2.4234
1.00439
3.14998
2.30646
0.957325
3.14497
1.75527
1.8434
1.51605
1.64452
2.6523
3.77114
3.23676
2.65213
2.77458
1.76994
2.88342
1.42404
1.98216
1.81624
2.77863
2.9687
3.31909
1.8878
1.14496
1.6147
3.29144
2.81501
1.74724
2.4904
2.49042
1.89626
1.81443
3.5177
0.276062
2.85628
2.84233
2.41994
3.3517
2.29458
1.09968
2.82204
2.84275
1.71658
3.13501
2.66646
3.73608
3.13726
3.00425
2.57948
3.65148
3.01118
3.56048
1.48986
2.27251
3.19279
1.74281
2.68193
3.07627
3.02035
3.92762
1.74646
3.5438
2.72586
1.86959
1.24271
3.52841
1.1212
2.99525
1.66723
2.93558
1.82011
1.58163
1.98827
2.52963
2.74967
2.9245
2.97888
2.02551
0.162861
3.14422
2.56505
2.32897
2.41182
3.62457
3.01789
2.36695
2.61166
2.12726
2.22502
2.68368
2.39546
2.31385
1.8589
3.35908
1.3625
2.08458
1.6393
3.1264
3.95
1.697
0.774615
1.22659
2.99488
2.7566
3.02911
2.89919
1.60188
1.67984
3.75903
2.57642
1.08614
2.84204
2.31243
0.734833
3.12536
1.65901
3.68791
1.08133
-0.0404691
2.89884
2.40808
1.43837
0.156697
1.03996
2.49216
2.85645
3.10493
1.94797
2.89369
2.83629
1.84006
1.9233
0.667724
1.05418
3.2141
2.45647
1.12432
2.19098
3.13612
1.19802
3.20762
2.15208
2.90057
2.3787
2.87139
2.32843
2.82668
2.28296
1.615
3.13147
1.93334
3.04048
3.94404
1.00521
1.94298
2.21509
3.17188
1.94397
2.09123
1.50906
0.0466838
2.32573
2.22096
0.948554
2.31348
0.662546
2.25594
1.74822
1.37913
3.06181
3.26625
1.93134
1.61424
1.40298
1.99631
0.678503
0.769242
3.47251
0.821571
2.47737
2.09696
1.96841
3.35308
3.5696
1.57193
1.98029
2.87625
1.27973
2.02738
2.31351
2.07261
1.32908
3.85272
1.91811
0.362478
1.97798
2.80708
3.12564
1.67119
2.89426
2.57661
3.58036
1.4805
2.27456
0.241767
2.08797
2.23188
0.909154
3.79017
2.47684
3.09877
1.51648
2.15384
2.56925
2.85497
1.80224
2.51975
3.19359
2.31849
3.67266
1.80125
2.35412
3.52375
2.07872
3.10691
0.999636
2.64565
1.67643
0.530273
3.35399
3.05451
3.55474
2.01471
2.08945
2.01109
0.11787
2.03199
3.02532
2.4403
2.63489
2.86172
2.84165
1.63764
1.6726
1.39665
3.51636
3.18951
2.07567
3.11883
1.49816
1.62034
3.14653
1.83931
2.39527
0.70834
1.55708
2.91113
1.01024
2.43026
1.13753
2.83084
1.28578
2.15806
3.53405
2.74406
1.73236
3.40902
1.72587
1.98942
1.88471
2.62211
1.16198
2.4418
2.15113
1.25387
1.24152
2.19429
2.59026
2.48661
2.30779
2.56515
4.00102
2.24204
1.06839
2.46318
1.49564
2.74649
2.23756
2.08334
3.59305
1.80016
2.15847
1.62496
3.35111
2.74826
1.41561
1.47264
0.307326
1.29123
2.03003
1.67807
1.53033
3.83698
3.45469
3.00309
1.09622
2.7176
0.4402
2.56852
2.16758
1.88957
2.815
3.3023
1.0311
2.31357
3.15366
1.86652
3.14631
2.27032
3.58039
0.816505
2.33248
1.30671
2.3526
0.524401
2.5614
2.31739
1.58933
2.43058
3.00416
1.58549
2.76517
1.94926
2.06626
2.25941
2.46108
1.78424
0.573348
2.14764
2.78655
3.34986
3.28181
2.71822
4.19961
1.72435
3.47515
3.23816
1.84513
2.56666
1.50646
3.33522
3.09726
2.31252
1.9169
1.85043
2.3437
2.56881
3.31583
3.53446
2.94675
2.23452
1.13799
3.68518
1.6613
2.52444
4.5414
1.98619
1.65031
2.97228
2.83893
2.56234
2.04399
3.27544
2.89489
-0.596321
2.57098
3.12242
2.41787
2.55572
3.54603
3.18337
1.05174
1.43469
2.39032
1.75043
1.72612
1.62598
1.71623
2.30483
2.90169
1.72161
2.35173
2.38449
1.85507
2.31331
0.073105
1.7941
0.13112
4.38388
2.6061
2.30382
4.22378
2.49297
2.17809
0.571655
1.45502
2.98432
2.36229
3.03458
1.41183
2.81037
1.7398
3.43834
2.0769
1.87091
2.46707
3.15448
1.45298
1.72762
3.95915
3.89496
4.18367
2.20896
2.24388
2.81989
2.98269
2.9673
2.14607
2.7617
1.99971
3.0327
1.7715
2.54669
2.67978
2.20131
2.99888
2.71661
4.13018
2.09429
3.62354
1.69023
1.92103
3.34364
1.8134
0.347018
2.24157
1.67659
3.09217
3.35776
1.65978
0.96966
2.43087
3.29764
3.66125
3.12304
3.63481
2.96827
2.47974
0.806524
0.583285
1.47722
1.69828
3.19612
2.10919
2.61661
2.16194
1.58086
2.17311
3.24267
2.2187
2.62459
3.43274
3.9065
1.85494
1.78577
0.873865
2.47488
2.34698
2.36865
1.52571
0.720108
1.64075
4.23319
1.80197
3.67847
2.7228
1.74986
3.21297
2.46578
2.47502
1.41146
2.98589
4.44401
3.1645
2.01659
2.18273
3.58807
2.04289
2.02173
2.40604
2.59906
2.40906
3.01964
1.57726
2.31534
2.18086
2.0223
1.71009
2.39075
1.97334
4.65351
2.82285
1.58306
1.86875
1.95869
3.42674
2.02813
2.04793
2.33257
3.04091
2.82114
0.82256
3.61136
3.34735
2.46008
1.20478
1.68333
3.48376
1.75343
2.94047
1.22304
2.02776
3.62578
1.93375
3.47476
3.01278
3.28149
3.47904
1.04879
2.70894
2.20505
2.03135
2.14628
2.19442
2.58509
2.1431
1.43142
1.2268
1.53117
0.461232
2.82855
2.55934
2.00484
4.14197
2.34408
0.910532
2.97201
3.14209
2.52716
3.83816
1.91835
0.792294
2.59469
1.66116
2.78971
1.89141
1.973
2.39183
3.16391
2.63651
4.5169
2.99209
2.93479
2.72644
0.875963
2.92155
1.34953
1.99623
3.84117
3.79628
3.09423
3.66396
2.15031
2.23069
2.85209
2.73942
2.54365
1.45825
1.86634
1.38875
1.18598
2.52709
0.942832
3.69932
2.32347
3.43562
2.25183
3.03051
1.97172
1.48965
3.43613
2.48764
2.42549
2.9082
0.792372
1.33274
2.45076
3.29122
2.80782
1.51172
1.64111
2.5647
1.62433
3.17059
3.5318
1.61432
1.436
2.75944
3.25896
2.75067
2.43987
1.88863
0.53976
4.09553
1.65341
1.9729
2.1649
2.43212
3.79698
2.08971
1.5954
0.500901
0.650611
2.66923
1.71082
0.889019
1.6914
1.55882
3.12766
2.76165
4.426
1.79635
3.10819
2.71963
0.431296
1.85672
3.4724
3.34302
3.41769
1.77101
4.47602
2.17373
1.45574
1.59734
3.44476
2.20331
2.11267
2.18551
2.05566
2.83539
4.39215
2.70474
4.30342
2.81612
1.13065
3.41216
3.26317
2.3798
3.21531
1.08152
3.24285
3.13232
1.97832
0.951735
3.05128
2.68769
4.15318
2.05923
2.93934
3.08329
1.9612
1.45894
2.13651
1.63627
1.87718
2.60573
3.72566
1.59334
2.20739
1.82547
2.77114
1.31754
0.517292
2.41668
3.53662
2.34186
2.2899
2.3661
2.96191
2.93801
1.85404
1.71392
3.17602
1.69841
2.90395
4.44328
3.37747
2.78624
3.26212
2.08385
1.28234
3.3776
2.38655
2.49139
1.68677
3.23036
3.6439
2.4813
1.6401
2.55083
3.39879
3.86793
3.23619
3.0487
4.38787
2.71091
2.10205
2.71826
1.05482
0.977895
3.34241
1.68525
3.18415
2.72774
1.89356
2.07903
3.10576
0.83553
1.53867
2.75346
2.75269
2.08228
2.79838
3.43856
2.03605
2.46548
4.0087
3.10142
0.643756
4.20979
3.54276
4.44256
3.38684
2.83427
3.2386
2.64227
1.37042
1.51869
3.6147
2.09964
2.95874
1.80356
0.951394
1.99474
2.20485
3.6606
2.97478
2.29779
2.69141
2.71668
3.80776
3.34345
2.19771
1.72071
2.12085
1.49298
0.699087
2.91808
0.882767
2.60427
2.94435
1.02912
0.672803
2.31347
2.52426
1.88782
2.71704
2.08067
0.882233
2.09982
3.45565
3.57949
3.06025
3.96614
1.70547
2.835
3.74803
2.15745
1.27273
3.2214
4.35735
3.49408
3.71945
2.3017
1.83952
3.31814
4.28822
1.88715
2.82214
2.19238
-0.772941
1.70579
2.46499
2.44632
2.51219
2.66359
2.18245
3.526
1.86656
2.12146
1.83151
2.84468
3.38564
4.19906
2.34056
4.30702
1.15448
1.74766
3.46946
2.36573
3.60135
2.77567
1.57672
2.34037
1.82904
0.377923
2.74053
2.33658
1.65028
1.30243
1.67528
1.45396
0.928477
3.29381
1.85883
3.95398
4.11486
3.61356
2.30429
3.67531
1.21774
2.3627
3.2023
0.722272
1.48586
2.84913
3.52875
3.48982
3.5662
-0.135046
2.46134
3.49314
3.21286
3.41057
2.82489
2.12761
2.1028
1.98898
2.16891
2.34983
1.01322
1.42944
1.73061
1.64522
1.51938
2.37833
1.0748
3.65769
0.858277
3.35835
1.76372
4.23001
3.75568
2.31981
1.7681
0.793183
2.91137
3.17394
1.87214
2.36413
0.810288
2.4854
1.25502
2.47007
2.24171
3.10268
3.79614
1.97704
1.03888
2.25739
2.79484
2.36384
3.3182
3.40432
1.12875
1.2018
1.04993
4.18109
2.82738
1.19578
0.936752
1.98756
3.81186
4.67218
3.39289
1.33502
1.66201
1.33924
3.26617
2.95015
1.19745
2.39929
2.54063
1.67709
2.75228
1.63807
2.06379
2.23274
0.210672
1.32878
2.97058
1.21802
2.44801
3.30728
2.65872
1.54892
3.10319
1.43145
2.0534
0.55719
2.46018
2.42043
3.00222
1.99935
2.40538
2.12192
3.0358
0.361996
0.301007
1.21621
1.63032
1.79797
3.67435
1.82866
1.87278
3.06494
2.93489
3.29482
3.2015
3.31765
3.23738
2.32651
1.9851
3.80815
3.46329
1.63692
1.36299
1.06419
3.28592
1.55597
2.34469
1.5873
2.5569
2.89604
4.033
3.17916
1.09876
3.39645
1.61978
1.37228
1.41175
2.18308
2.31985
3.22009
1.26376
1.00674
2.14622
3.16447
4.07198
3.81985
1.76417
1.61082
1.74957
3.14545
2.09632
0.988702
1.89708
2.04555
2.89403
2.51358
2.70855
2.34247
1.39339
2.00484
1.71027
2.26484
2.06073
1.7913
3.46777
2.38655
2.78659
1.89179
2.58285
3.35994
1.78368
3.20508
2.15547
2.89839
3.67119
3.16085
2.35544
1.28763
1.50333
2.64114
2.54947
2.648
4.00806
2.52492
1.75477
0.113192
2.63739
2.78091
2.64444
1.45563
3.18667
2.26462
2.48832
2.97861
3.13954
1.56898
2.82482
1.43987
2.47317
1.46408
2.26373
2.94802
1.72771
3.75987
2.16013
3.30527
2.45698
1.98542
1.99314
2.29329
1.88331
0.994803
2.68181
4.01639
3.45747
-0.672192
0.637033
1.56646
3.55652
3.3267
1.98599
1.4529
3.56728
3.00818
2.92963
2.72685
3.13642
1.56448
2.9078
2.31846
1.53456
2.12593
4.2328
2.16643
3.41323
1.76586
3.04559
3.34499
3.77468
4.01663
3.8992
3.08853
1.6598
4.18849
3.1278
2.68384
3.0619
3.04347
2.53837
1.32167
2.56919
2.54493
2.03542
0.408605
1.44257
1.40459
2.29311
2.36695
2.28581
1.89138
2.85905
0.321511
2.4787
1.55766
1.93622
2.22015
1.88167
3.03042
2.2294
2.73312
2.28085
0.0101347
1.85266
2.74241
3.40924
2.19442
2.18774
2.42654
2.37193
2.39419
4.28389
2.86331
2.43901
2.32796
2.08454
1.52012
2.64202
4.38536
0.64914
1.41972
2.26528
3.03706
2.06051
2.40922
1.55407
1.56297
1.26894
1.78009
4.08534
1.80227
1.05819
1.53024
0.728276
3.05471
1.315
2.20403
2.37785
3.38804
1.3059
1.20838
1.8989
3.75284
1.85169
3.04068
1.95828
2.13882
1.97802
0.711173
1.20068
1.92821
2.45833
1.92714
3.94654
3.17098
1.38522
0.00789962
2.78
3.34749
1.2531
3.22499
3.23902
0.891868
2.49875
0.898589
2.06598
3.22039
2.18621
1.83163
1.42141
2.40314
2.70248
1.38503
2.25625
1.74011
0.770943
3.92983
1.37918
2.43918
2.51724
1.96174
2.67179
2.23833
2.06757
2.37739
1.51179
3.02695
3.37914
2.35656
1.52925
2.76657
3.04109
2.86607
1.76845
1.77379
1.88894
1.2291
4.16307
2.43669
2.49775
2.28365
2.92475
3.4095
5.01471
3.55306
1.44607
2.77812
2.57321
2.73038
3.11514
2.98635
2.7909
2.81578
2.14602
1.55894
2.53492
3.10121
2.19374
2.60855
1.25493
0.52284
1.44344
1.76286
1.7939
3.33844
2.47712
3.43927
3.3468
1.83047
2.713
2.27993
2.38551
2.31328
2.37643
3.30831
1.78029
3.92531
2.9389
2.12281
2.29838
3.1616
2.82735
1.31181
3.22576
1.50957
1.28881
1.46903
1.67443
0.97113
2.61038
1.93525
2.10078
3.29622
3.15002
3.07009
2.68795
3.96244
3.45665
3.33035
3.45882
0.361758
1.07328
2.59552
1.55616
3.23707
1.28237
1.51113
1.82064
0.6946
1.49267
2.77304
3.18216
3.1632
2.71536
0.898546
1.69807
1.09471
0.807145
2.17024
1.17007
1.68769
3.01874
3.45459
2.56257
2.08747
3.17631
3.90343
2.18573
2.06582
3.78073
2.39618
0.811407
3.84352
1.67272
3.29187
4.51478
3.45368
1.9239
2.94122
2.60128
4.34442
3.34774
1.80765
2.31698
3.76134
2.79092
1.0495
1.82884
2.59153
1.24963
2.41373
3.64647
3.73093
2.75137
4.23933
1.80007
2.1504
1.32549
1.70637
3.5748
3.40454
3.63569
1.92935
1.13661
3.26321
2.6296
3.18961
3.21191
1.27254
2.49416
2.46424
3.5696
2.33568
2.93951
1.76641
3.40175
2.81922
1.629
0.511902
0.604729
2.5783
2.65407
3.32328
2.94028
1.62865
0.786769
1.8926
1.5293
2.68261
3.17389
1.50091
1.21679
2.24065
1.8515
3.31304
2.60508
1.47178
2.1118
3.49804
2.01263
1.81606
1.86183
3.35131
3.79557
3.22989
2.8957
3.01499
2.98551
4.43269
1.6545
2.86163
0.0421771
1.62796
3.38766
1.98917
1.63973
0.116078
2.44143
2.10929
3.34045
2.41796
1.96069
0.171391
3.85952
1.29064
2.75514
2.09579
2.48918
1.34042
3.35996
1.69187
1.96029
0.886254
1.70102
2.17841
2.14376
2.77567
2.35785
1.83523
1.98702
0.946564
3.31461
2.00145
1.81145
2.58553
1.55724
2.40877
2.63759
2.45479
1.13127
3.12179
2.67049
3.84103
2.9408
1.47724
1.21568
1.82506
2.78133
2.89542
2.66649
1.97767
3.24216
2.9759
3.12419
3.16835
3.90258
2.2196
3.15618
2.20442
2.68476
2.55828
2.7143
3.61006
1.66506
2.46709
0.321322
3.51113
1.80295
1.97677
2.62009
2.76418
2.194
3.42536
4.47397
2.16519
4.12592
2.97286
2.77472
1.60768
4.85837
1.77686
2.06429
2.43717
2.0726
3.15216
3.11579
0.750942
1.66355
2.24774
2.4848
1.58414
0.406462
2.07237
1.88833
2.05975
2.68414
2.90132
1.55286
4.32702
1.63197
2.27399
1.46069
1.42763
2.99018
3.24653
2.22843
2.17642
1.23991
2.82325
0.939953
1.61979
4.1034
2.97828
2.46547
1.7459
3.67864
3.2632
3.5097
3.09434
3.23053
4.06633
3.49566
2.56341
3.50162
3.88236
0.615021
2.28206
3.82876
1.96846
3.29002
0.813121
1.34479
0.360261
1.24821
2.55553
4.63725
2.5688
3.42984
3.21228
2.01644
2.84336
2.15686
3.91077
2.86623
2.78352
3.52651
3.65766
3.28908
2.50747
3.9516
1.70916
2.1321
3.33182
2.60299
1.97686
2.2503
0.736155
2.49646
3.40692
2.79924
2.05896
3.41674
2.3825
3.6142
0.887303
1.77599
1.98788
1.59084
2.61671
1.75102
2.53705
2.63956
2.53707
3.27759
1.48728
2.16354
2.4706
1.34631
1.67371
2.43597
4.09331
2.5596
1.7141
1.8631
3.99271
1.50764
2.89424
2.75961
3.34426
3.22565
2.2666
0.993426
3.33486
2.51386
1.30169
4.33957
2.82683
5.5178
0.652114
1.3355
3.67336
1.99634
3.64048
3.00602
4.74538
2.78934
3.10691
3.99777
1.10427
0.762843
1.71583
3.37305
0.958646
1.62512
2.91448
2.57177
2.46773
3.07293
1.57898
3.13232
1.95328
2.83569
2.13794
3.68772
2.5569
2.84321
1.62414
0.779436
2.33112
3.09077
2.90684
2.57545
2.88148
3.10206
2.86828
2.45066
2.28704
3.02124
2.46142
3.05365
1.60961
2.03089
1.37336
2.02875
3.44421
3.75477
3.24504
2.2324
0.506335
2.19117
1.42779
2.97328
3.65747
2.15848
3.57738
2.52582
2.72837
4.04177
3.4161
1.57072
1.34427
2.29979
2.989
1.6271
3.69939
2.66533
1.93286
2.94294
3.37322
0.616754
1.55407
0.717695
4.15801
3.86253
1.61109
2.09801
0.88424
3.45965
2.1514
3.78259
0.77733
3.39282
2.80038
3.1619
2.90325
3.12553
2.12304
2.4316
2.19526
1.69732
2.15128
1.70114
1.9578
1.54525
2.00294
0.761408
2.1114
3.2227
2.96536
2.45337
3.67055
2.36282
3.21584
1.87736
1.98965
1.5937
1.526
4.13647
3.66593
1.62988
3.18707
2.29799
2.64739
2.54908
2.88964
3.6722
1.35666
1.96343
2.79803
1.77543
1.23324
2.79406
4.29084
2.13944
1.63819
2.24444
3.30043
2.71439
1.98379
1.63262
1.36144
1.43979
1.9068
2.48494
3.20207
0.922977
2.31699
2.34123
1.10894
2.54977
1.88496
3.15765
3.25315
0.735569
3.46707
2.55381
1.7877
3.04902
2.61196
2.73677
3.15557
1.64426
2.11776
3.01389
1.4064
0.898207
1.65237
2.00201
3.18085
3.2074
2.65679
3.31016
2.39631
3.5921
4.24164
3.06916
2.5972
2.80871
3.74251
3.69656
1.25375
1.27059
1.92582
1.80302
3.43318
2.39248
2.21023
3.4703
0.571788
3.06388
1.51884
2.75991
4.3616
2.59666
2.25397
1.40343
2.44956
2.10349
2.35335
1.26975
3.62404
3.5877
1.80642
1.94046
2.06292
1.19424
1.72762
3.40444
2.09935
1.43297
2.32224
1.59382
3.33497
1.31938
2.26402
2.3923
2.98751
3.4935
3.11302
2.38935
3.00982
3.40124
3.39774
2.39559
3.11503
2.16332
2.28377
1.87386
1.58319
1.97852
2.12295
3.62377
3.14928
3.42631
2.97583
2.80265
2.61116
1.03905
4.04519
2.52883
1.63201
2.75719
2.65304
3.15854
4.32825
4.37396
4.32609
2.98838
1.99135
1.69576
2.50657
2.31326
2.65565
2.81248
3.67399
3.93788
2.98369
2.50126
2.94531
3.0973
0.570281
1.46999
0.173516
2.80863
2.44401
1.92488
2.89941
2.15246
1.47045
2.63617
0.482914
3.35809
1.19134
2.53795
2.70244
0.802662
0.820941
2.33448
3.53758
2.67898
2.56905
2.6162
3.59414
5.64241
3.57952
1.06416
3.83236
1.97685
2.48115
1.53043
1.66335
3.62059
2.53353
3.11237
3.32598
2.14008
3.03501
2.51422
3.14581
2.89977
0.894602
2.18925
2.62092
2.81457
3.56821
2.59334
2.73993
2.43256
1.38674
1.98923
1.71254
4.04271
2.32887
2.76745
0.855397
1.5477
2.2724
2.94652
2.87698
3.22238
0.847824
2.36214
1.70822
2.21838
2.20198
2.42329
2.95242
2.78008
2.11613
1.97312
2.50007
2.16438
3.94715
2.46342
2.22463
3.02255
3.49067
2.72909
1.19543
3.27947
3.02964
3.49206
3.07462
3.7807
4.42012
0.623972
2.25198
3.21465
3.2321
2.61271
2.48877
3.81566
1.16924
1.59643
2.33911
2.29376
4.0079
3.32211
2.13292
1.18999
2.94644
2.70146
1.49378
1.51432
2.62673
1.79534
2.13368
2.1141
1.39154
4.20087
1.32031
1.65815
1.22519
3.0442
1.81511
2.69312
3.7958
3.05545
2.69379
2.52077
2.62372
3.89817
1.2999
1.08088
3.26482
1.57451
1.26867
1.60357
0.797167
0.469736
3.15061
2.58023
1.86211
2.85305
1.8022
1.6307
2.65114
3.6397
3.05757
3.3344
3.31967
0.275437
1.5084
3.97679
2.21056
2.98763
0.398087
1.58751
1.43392
1.63661
1.65066
2.11501
2.25801
0.810854
2.81704
1.01727
3.8291
1.94503
1.56848
2.10363
2.78785
1.25642
0.836505
1.9308
2.52766
2.41533
1.58709
2.73639
1.74192
0.463872
1.90013
2.64693
2.87836
2.96841
2.71947
1.19576
3.5068
2.20483
1.62649
1.64591
1.61102
3.01258
2.23059
2.54769
1.41076
3.4091
2.77145
2.62921
0.3349
1.60639
3.95707
3.55482
0.770796
3.29078
2.53239
1.337
2.38052
3.11097
2.79438
1.85811
2.87041
2.58268
2.58983
2.71949
1.61797
2.02234
1.9581
2.44493
0.438456
2.62622
2.24855
1.50905
1.72441
3.76856
4.14473
3.70648
2.7284
0.887063
4.28874
1.11243
1.17118
2.46186
1.41179
3.35258
2.51246
3.27097
1.7147
2.04169
2.71008
2.61502
4.07587
2.35315
2.21486
1.02173
2.7815
5.01796
3.52319
1.17517
4.60774
2.44727
2.36916
1.54595
2.13098
1.95225
2.48667
0.236718
1.94293
2.07662
3.93413
1.57014
2.65418
2.40105
2.28983
3.50465
1.2933
2.20975
2.18345
2.10085
2.75014
2.76523
1.30713
2.19485
0.209829
1.40236
2.42548
1.86654
0.221627
3.26435
1.66359
3.94748
2.64143
0.412229
2.40614
2.29675
1.49119
1.60298
1.95055
1.69215
2.39428
2.13395
1.47857
2.67614
3.84158
1.02727
2.67135
1.08935
2.39598
1.78579
2.29544
1.63052
2.43972
2.22066
0.310434
1.93473
2.28428
2.79532
3.49475
2.35147
4.15511
3.94317
2.26104
2.91808
2.99535
2.59186
3.95749
2.99628
1.73233
1.35346
2.5024
2.78385
2.1256
2.60422
2.19305
2.5273
3.9559
2.22345
2.41346
2.25882
2.10817
0.818758
0.8751
0.848719
2.92289
2.75621
0.911635
1.5911
2.2006
2.57126
0.501101
2.05591
2.36865
1.56188
1.19165
1.39271
0.51124
1.94621
1.55268
2.64931
2.64054
3.52184
1.65335
2.18581
2.15048
2.8042
3.03563
2.1982
2.7331
2.7438
2.67744
3.11513
2.28271
2.28581
2.49106
2.16051
2.72096
3.94602
1.2594
1.65522
2.83978
2.67345
3.23528
1.4379
2.32721
3.44156
2.00722
1.72543
3.24256
4.09307
1.68123
1.45335
4.13494
2.33487
3.78086
1.42058
1.61091
2.83914
2.07988
3.79105
2.69619
3.29735
3.32266
1.61191
2.24841
3.15744
1.23377
3.05118
2.27058
4.0373
1.43553
2.27232
2.6666
0.8417
2.8615
2.0841
1.88874
1.28349
3.06111
3.18846
1.03618
1.8544
2.30853
2.64114
1.43566
1.10988
3.44686
1.8297
1.20279
1.86608
0.929641
1.6846
2.56213
3.44887
2.33256
2.04777
2.5252
2.52499
2.19739
2.59806
1.19805
1.79862
2.41744
3.96247
2.76389
2.46713
2.13161
2.29
3.61563
0.0155688
2.5764
2.6997
1.80474
2.56809
3.12622
2.45923
2.87128
2.02964
1.85321
3.41413
1.31852
2.67528
2.35794
1.90755
1.46676
2.25193
3.51575
2.18345
1.03813
2.13219
4.42063
1.48254
2.85884
2.83676
1.40708
2.20919
2.39642
1.1525
0.745009
3.05773
0.754229
0.415587
0.0231862
2.22454
3.50626
1.99918
1.8544
2.63466
2.74385
2.73615
2.6734
3.3616
2.84487
1.80919
1.27379
2.72141
1.52887
2.89948
2.67448
3.12218
2.12942
3.10017
2.30567
3.48512
2.34491
1.86216
1.17665
2.71172
2.13488
2.729
2.20958
1.16837
0.375066
3.58291
3.68433
4.15698
1.25038
2.56718
2.0877
1.32854
2.13817
-0.370958
3.14838
2.94107
1.17796
3.5064
3.03708
2.91789
2.16382
2.46452
2.77999
3.21131
2.2751
2.0729
3.25334
2.3311
2.68841
1.71536
2.60114
4.21539
1.15111
3.80005
3.4906
2.13984
2.36033
1.96398
1.54442
2.15085
3.28649
3.46221
2.24602
2.4854
3.4929
2.645
1.15052
3.47952
2.71319
2.70423
2.77219
1.48131
1.58558
1.92831
3.07465
4.197
2.78077
2.86528
0.857877
2.07849
1.85891
3.25708
1.28288
2.66665
2.80144
1.38654
4.23335
1.05154
1.76342
3.41915
1.72553
1.24028
2.05076
2.75463
2.03467
2.53611
4.0666
3.14385
2.40345
1.30623
1.16108
0.29239
3.79114
2.88643
2.55057
2.77949
0.510307
1.95709
3.20065
1.2165
2.3961
2.39959
2.58763
1.93859
2.67462
3.94931
4.77875
2.10352
1.84566
1.81694
1.26849
2.49761
1.98806
1.37871
2.21482
3.15932
1.99598
3.85762
1.30036
3.09211
1.40924
1.27751
2.00424
2.10741
3.69112
1.31952
3.78984
1.85518
1.24155
1.79744
2.34001
2.62895
1.46943
3.39786
4.28514
2.38962
3.17453
1.65838
2.63825
2.10454
2.15023
2.30904
3.02055
3.57461
3.85322
2.61847
3.38267
3.36065
2.38052
2.35581
3.2306
1.49685
3.9344
1.59451
2.36029
1.618
2.93418
3.58717
0.648337
1.27694
2.77784
3.32429
0.955745
2.92047
3.18621
2.17772
2.3872
0.492502
2.50748
2.42911
2.21417
3.44678
3.83457
1.36081
4.38578
2.79329
1.5346
1.73493
2.12982
2.60826
3.33533
3.79248
2.90126
2.89861
2.07479
3.80699
1.62427
1.58157
2.05556
2.16835
2.08331
3.17215
2.17991
1.71745
2.22003
2.51939
1.97812
2.75256
1.49906
3.12707
3.82715
2.84001
2.05073
2.17675
1.3702
2.20807
2.34807
0.896989
0.859462
1.58169
2.50068
1.69807
1.68143
1.84546
3.71489
1.7722
2.21262
2.47657
2.52285
1.85066
2.20124
2.01499
2.08108
1.71749
1.90414
3.2674
1.983
2.56325
0.604289
2.37226
2.74018
1.20292
3.3288
2.48587
2.33226
2.81972
1.35356
0.815725
3.50087
1.76228
2.2357
1.90923
1.9662
2.32479
3.52181
3.71456
2.63736
3.01156
2.72605
2.37732
2.0797
0.634017
2.97416
2.61473
2.5952
2.48087
2.8591
2.15371
3.95251
2.72249
1.80609
3.46016
2.80795
2.20116
2.9538
3.85752
5.06332
2.40106
0.767251
1.85325
2.11111
4.43219
3.45113
3.48212
3.76818
3.98623
4.15386
2.55269
2.28653
2.0341
1.5085
3.23158
1.65274
2.90043
2.28182
2.02492
4.38954
1.44126
2.8861
2.63783
2.68416
3.69648
2.65873
3.20472
3.724
2.27814
3.29749
3.07003
1.78709
0.178355
1.30953
3.84612
1.2056
4.20433
2.74998
3.30052
2.12658
4.10103
2.87015
3.20646
3.97598
3.37214
4.20823
4.51815
3.59394
1.67549
2.05807
2.57896
1.06047
2.13459
2.66478
0.805516
2.42289
1.5418
2.9524
3.71597
1.97459
2.91295
3.08201
1.46248
3.75447
2.15275
2.55153
2.74883
2.9529
2.9175
2.70567
2.70907
3.5205
2.26785
2.78519
4.13939
1.28114
2.89213
2.49333
2.19889
4.32684
1.48236
2.51342
2.51851
1.75991
2.48582
2.26204
2.54034
4.9291
2.77222
2.28147
2.47084
0.570143
1.21038
2.72014
3.85072
2.74485
2.16494
1.86028
3.03026
4.26032
1.80641
3.28196
2.23487
2.26161
2.51602
2.25161
3.27403
2.30272
1.49693
2.37162
1.27335
2.41822
4.40109
4.56318
3.34419
2.14588
2.40607
3.22118
1.57599
2.28112
1.99248
1.48359
4.02843
2.10509
3.12604
3.20481
2.21136
2.7166
3.55784
3.77081
1.74281
2.76772
1.64604
1.68931
0.222725
0.561969
4.59628
1.38699
1.52418
1.75298
2.82474
3.71061
3.37425
2.13667
2.3109
1.82371
0.590613
1.89965
0.346404
2.26744
2.74304
3.1971
2.204
3.17574
3.57395
3.32581
2.63697
3.33463
2.56094
2.09794
2.8342
3.43511
1.95826
2.64556
3.41954
2.07777
3.67613
2.20001
1.39626
3.46415
0.749074
2.64397
2.56171
2.00893
2.55206
2.50605
2.56059
3.05081
1.85114
3.10988
2.69178
1.57467
0.849239
2.3193
1.36635
3.07848
2.17393
2.11641
2.65217
2.5571
3.43823
2.88476
1.82689
1.48115
1.93346
3.04852
2.47033
4.05629
2.38188
2.15151
2.6606
4.7609
1.71295
1.53089
1.59168
2.0605
1.92137
2.352
3.37386
0.902541
2.69854
3.33497
1.21669
3.80583
1.99216
3.9064
2.97691
2.94283
2.72394
2.32315
3.94749
0.696129
1.98118
0.27244
3.40205
3.84724
3.3001
1.92069
2.01826
1.88256
1.45607
2.55198
2.81645
1.96146
0.984794
2.31369
1.34096
2.97388
1.41823
3.3181
3.13775
1.64401
2.27526
0.188596
1.82477
3.97433
3.04651
1.96513
1.30702
2.57934
2.69972
2.91892
1.81829
2.25652
1.59764
0.995295
1.57559
0.946985
0.146015
2.51432
1.68932
3.45436
2.68519
0.287193
2.79175
3.49569
3.41917
1.23716
2.39384
1.78537
3.14483
2.67574
2.4365
2.73615
1.30538
3.07492
2.15307
3.00764
2.59566
2.36096
2.79017
4.24415
1.75292
1.6512
3.34974
2.8188
1.81541
3.40422
2.94402
2.58365
3.15477
2.88024
4.05
2.82732
2.99662
2.33345
2.68261
2.25666
4.04457
0.545735
2.2695
3.93713
3.12454
2.4922
4.79594
3.54541
2.57342
0.308804
3.33349
2.70092
2.86163
1.35498
1.7717
2.60893
1.34797
1.97256
3.25431
3.19626
1.59534
2.89929
3.41846
3.11612
2.74343
3.02953
1.66344
3.36203
1.22962
3.20799
1.59319
2.07125
2.35741
2.71869
2.26038
2.41164
1.57063
2.61658
3.95912
3.43767
2.81298
1.1924
2.16091
2.79368
2.75656
2.24719
2.85427
2.54366
2.9006
2.81983
3.96226
2.43696
2.42558
1.60119
2.71403
3.74467
3.64921
1.89714
2.44228
3.15351
2.46597
2.60203
2.03785
3.08337
1.7873
3.44162
-0.0417138
2.97832
3.55964
1.2675
2.65208
0.637978
2.19851
0.973372
2.87582
3.41368
2.28472
1.5779
2.05907
1.58649
1.37
1.87011
3.39188
4.498
2.59264
3.22506
2.4166
1.03316
1.50748
0.809275
2.40423
2.97819
2.91008
1.23271
3.67822
2.0556
2.74183
0.74558
1.5898
2.92189
2.57093
2.6466
1.06607
0.959754
1.91594
3.00923
0.752326
2.09892
1.60512
2.24497
1.28975
4.3692
2.22432
2.77495
2.06386
2.17074
0.815115
1.71081
2.42361
1.9183
1.54156
1.87674
2.15677
2.09452
2.93583
3.24635
1.95258
3.80156
2.81591
1.81858
5.07443
2.30745
1.99909
1.04068
2.44804
2.19416
-0.584524
2.68647
2.51429
1.721
1.78995
3.85235
1.56614
3.08359
0.997736
2.26156
1.90713
1.66564
2.3725
1.99791
2.59921
1.9608
2.52091
1.38164
2.2564
3.76391
3.78143
1.40999
1.02769
1.17849
2.95256
2.02063
2.26281
2.45748
2.62385
3.36282
2.36171
2.03063
0.540805
1.8086
3.41366
2.6111
2.79194
3.21241
2.54536
2.6098
1.27328
2.78324
1.47149
2.38263
1.59595
1.96544
3.38473
1.86614
2.87662
2.86274
1.79186
2.6796
1.05996
1.21755
3.11874
2.78554
2.86375
2.43261
1.00664
2.80679
4.15147
1.67436
2.87147
2.51496
3.23629
3.63955
4.09637
1.44609
1.77753
3.00003
2.97429
3.81364
2.72336
3.45471
3.05491
1.91976
1.59549
3.4713
3.54334
3.10988
1.93609
0.47813
2.73405
1.00282
1.97919
2.42254
0.804633
2.63177
2.32043
2.8145
2.09516
4.94375
3.67588
3.05898
3.97252
2.41108
2.33215
-0.0523895
2.6214
3.09599
4.07693
2.61283
2.51785
2.36917
2.33587
2.73669
1.48766
3.34055
1.78164
2.16019
0.00274137
1.40638
2.89655
1.96728
2.69917
1.78078
1.87705
3.12282
3.33526
2.03324
3.10041
2.02659
1.75853
1.94667
2.67775
0.336395
2.84816
1.67911
2.31442
1.97839
2.14093
4.17833
1.2863
2.38518
1.82361
2.40243
2.44911
3.79182
1.48402
3.90904
3.43189
2.18971
2.5375
2.7572
2.47714
0.297613
3.12403
2.27342
1.55682
1.04502
1.84486
2.35869
3.79335
2.48297
2.54701
2.15081
2.46518
2.74136
1.6591
2.99477
4.6096
0.399975
0.45877
1.24816
3.256
2.92225
2.65997
1.80951
3.47258
2.35182
1.85176
0.123531
2.23349
2.36335
4.44536
2.44418
2.05283
1.09475
2.12066
3.13061
2.58944
1.94324
3.25768
1.98715
1.68926
3.10286
3.42261
2.70173
2.95787
2.89446
1.59029
1.48592
2.50591
2.6394
1.6824
1.82787
2.85047
2.87576
2.09653
1.34669
2.35799
1.91773
3.47764
2.84269
1.78997
1.68652
1.85555
3.79807
4.92842
3.79287
2.37477
1.86008
1.99854
2.43981
1.71891
3.87072
1.50587
2.29589
2.66555
1.91353
2.03155
1.75509
3.86594
3.33609
2.56918
1.5862
1.70813
3.21017
2.61025
0.746735
1.83286
2.62054
3.27159
0.276853
3.74825
1.3467
1.45999
1.9611
2.01352
1.43022
2.47175
2.26163
1.44227
3.6551
2.9031
3.15577
1.56583
2.18651
0.698901
2.43166
1.15584
1.91405
1.10758
1.47986
4.14399
2.54454
0.875566
0.725224
2.31364
2.85596
2.87104
2.2556
2.62808
2.49249
2.86723
2.97708
3.6813
2.27085
2.47078
3.0957
0.791169
2.16267
1.68309
2.3525
2.02898
3.92847
0.510201
2.10191
3.92445
3.17972
2.14619
2.78048
3.87539
2.90551
3.36706
0.747903
2.31213
2.12258
1.96107
2.68206
2.57762
3.00504
2.42529
4.50901
1.96678
3.89288
1.33808
2.1553
3.63388
1.97728
3.22396
3.98855
3.06154
2.19295
3.58418
3.6069
2.86088
3.00542
3.94808
3.18566
1.65542
4.19066
2.87716
1.2864
2.06164
1.09522
1.12546
0.825019
2.15328
2.68739
0.809936
2.77888
2.97041
2.4728
2.61577
2.33306
3.73909
1.8685
0.680767
2.34701
3.43427
2.77912
2.30839
1.74751
3.1166
2.32036
2.24575
2.55609
1.27022
2.44847
2.79167
3.01167
0.827287
1.39877
2.06642
1.27675
3.79443
2.34892
2.11626
1.6294
2.29573
3.2783
3.52418
3.15295
2.35081
2.80212
3.13924
2.35513
3.6802
3.29433
2.94347
1.5317
2.84617
1.97824
2.83863
3.48965
3.14225
3.62111
1.75316
2.65554
1.31115
3.35867
3.95496
2.35625
2.19139
0.482609
2.87976
3.44782
1.89039
2.25712
2.53429
0.932507
2.55568
2.50849
2.48361
1.96161
3.4841
1.22869
1.39968
1.97204
1.08439
2.29502
0.913608
2.39281
2.14294
1.49124
2.02133
3.42639
0.756694
1.52823
1.85509
1.87424
2.61236
2.40695
2.34049
2.09832
1.41298
2.3238
1.01254
0.944646
3.28358
1.31699
0.177959
1.84709
2.12714
2.3044
2.90111
2.82025
3.29332
3.03957
2.35041
3.06392
4.4477
2.69354
2.91534
4.34881
3.46289
2.76089
3.13359
2.81112
0.61687
1.28229
2.10061
2.11932
3.97198
3.6531
4.20455
2.71837
1.06045
2.434
1.19014
3.60382
0.490008
2.18426
4.09369
2.33607
1.87793
1.89724
2.43799
2.56134
3.59271
2.73699
3.83146
2.82007
2.61833
2.28146
1.546
2.60018
1.53493
1.28632
1.84101
2.27616
1.50212
0.682098
1.89197
2.18908
3.27397
3.56374
3.12861
2.7092
2.3892
2.71579
2.20899
1.44693
2.80579
4.94459
2.10273
2.36748
1.88597
2.79479
2.19201
1.08533
3.13241
1.828
3.96376
1.12054
2.61441
0.886955
3.04554
3.60241
2.23101
2.98927
0.851473
1.57424
2.06111
3.2842
3.16901
2.2965
1.76162
0.924938
1.80018
2.55057
1.55022
2.28825
3.61485
3.21145
3.32348
4.44612
3.33447
4.62623
2.78053
3.69748
0.876488
2.08594
1.55711
0.840802
1.66823
3.0429
2.77743
1.03824
4.27996
0.758918
1.77281
1.32226
2.88735
2.7411
3.71479
3.36475
2.62853
1.11001
1.60537
-0.465133
2.3466
1.74761
1.47489
2.6141
0.364617
1.97138
2.25885
3.13084
2.70807
3.60738
1.7825
1.45109
1.7873
1.3958
1.38757
0.920417
1.78363
3.57609
2.41312
2.28507
2.19131
3.0406
2.9531
1.71303
3.45789
0.218987
1.74905
2.8477
1.75032
3.92989
3.4049
2.08792
2.86714
1.4905
2.43902
1.77651
0.56085
1.75904
3.5444
1.82403
1.6555
3.95246
4.13028
2.71974
2.3254
2.45784
3.4357
2.03583
2.88818
2.81445
2.9374
1.81653
1.61148
3.17376
1.93064
1.05869
2.70336
2.39884
3.01207
2.23689
2.90864
1.10579
1.06162
4.14364
3.45599
3.5171
2.10557
2.15698
2.12966
0.113091
1.656
-0.434889
2.36782
2.25443
0.61264
2.71686
3.99882
1.87877
2.26404
3.46538
2.37285
2.85521
0.902109
3.30129
3.4429
3.47451
1.30179
1.97393
3.61954
1.97444
2.4553
2.16634
2.25415
1.68789
-0.218776
1.41104
1.58614
1.47587
0.680642
2.02127
1.55763
0.932444
1.27395
2.00108
2.93945
3.03201
2.48918
1.83672
2.39551
2.72244
2.27797
2.07169
3.68393
1.89321
3.41651
2.81305
1.97154
3.58082
3.56482
2.6522
2.71215
3.9468
2.17295
2.60049
2.44791
1.28432
0.231147
1.21254
1.95227
2.48599
2.1753
2.05423
1.88788
0.0589533
3.58976
2.06754
2.35621
2.81727
0.257123
0.976357
3.03714
1.76364
2.94316
3.05928
3.77444
1.85969
1.53613
1.01949
2.80419
1.59253
1.28544
1.92263
1.33098
2.66497
0.960869
2.76718
1.29825
1.06835
1.64166
2.72231
2.90221
1.3213
2.86495
2.56369
2.29374
1.16821
1.82921
1.86443
2.56882
2.77166
2.44557
1.88906
2.07314
4.44668
2.59968
3.09098
1.6398
3.79665
1.46971
1.74318
2.52904
2.78448
0.974393
4.38364
3.05673
3.59319
2.31543
1.91103
2.93286
2.15182
4.2061
2.65714
1.48649
2.36277
3.57883
3.18533
2.15046
2.22492
4.04536
2.9204
2.11522
1.58114
1.48614
2.79168
2.96177
0.579451
1.58574
2.80844
1.76163
1.85139
2.69995
1.09221
2.36442
1.0392
2.24995
1.96979
2.92309
2.01562
2.91534
0.867139
1.4787
1.37183
2.07114
2.5651
2.94158
1.51586
1.81854
2.63577
2.26119
2.51962
1.36642
2.35697
3.17816
3.6408
3.03215
1.78672
1.94709
1.74312
2.70207
2.69846
2.60961
3.0687
2.62239
3.7009
0.77215
2.19934
1.33215
1.81085
2.57705
1.12393
3.41441
1.2984
2.04918
3.10788
1.35869
1.04805
4.0709
3.80075
1.55173
2.38304
1.36139
2.93136
1.94783
2.10533
1.42305
2.39862
2.35623
0.855041
3.45756
1.1801
3.82172
1.75937
3.01458
1.60083
3.27445
4.52065
1.15611
2.20324
4.14461
2.3281
0.915053
1.56191
2.53462
3.33585
2.66312
2.1691
2.70071
2.69911
2.76242
1.83182
1.7689
4.59457
3.66596
2.22605
2.26364
3.50434
1.50093
3.12135
1.39273
3.02588
3.19333
3.3077
3.33496
3.27348
3.06334
4.11905
1.10391
1.49865
0.726806
1.9258
3.0542
2.13845
2.47787
2.45572
3.42658
2.54576
2.99004
1.97955
4.64113
1.58099
2.10323
2.32226
3.08826
2.96386
3.24585
2.30286
0.998049
3.13685
3.20129
2.06407
3.09493
2.38004
0.98215
2.64644
0.899329
0.213015
3.34356
2.33624
0.360993
2.41484
2.42999
2.3281
2.4817
2.24278
2.19129
3.00514
3.1089
1.03265
1.65836
1.91979
2.47357
2.02683
3.06557
3.06444
2.85707
1.95325
3.4092
2.76194
2.35072
2.26531
1.21758
2.162
0.792507
2.88155
1.69746
3.415
3.23293
2.31834
3.08413
1.84014
1.79755
3.00167
3.27125
3.94374
4.31949
3.46852
1.28867
2.84933
3.99385
2.43106
1.96807
2.49429
2.34714
2.49509
3.21084
2.82072
2.2895
3.48679
2.06396
1.85104
1.31489
1.92285
2.45131
3.27576
2.87044
1.21236
2.15848
3.08222
0.890013
1.51033
1.49824
3.64801
2.0392
1.19246
2.57954
1.84976
1.21231
3.10226
1.73283
4.83154
3.24606
2.94469
2.23964
0.619603
2.30522
1.62766
1.4082
1.87661
2.69354
2.86195
1.59904
1.76439
2.5975
3.06657
2.96929
2.81737
2.69008
4.01415
2.16374
2.45142
2.92676
4.06
2.52741
3.58988
1.63438
0.679385
1.71618
1.63474
1.5708
3.61485
1.31358
1.07291
2.16784
0.87924
2.44238
3.61513
2.90601
2.36124
1.98322
3.54102
2.6791
2.4556
0.985838
2.80133
2.05456
3.41247
3.00913
2.70616
1.84775
3.18017
4.2746
3.68406
2.34362
4.05042
3.28198
1.89629
2.45627
1.32898
3.44497
3.14598
3.39217
1.86047
2.44927
2.94598
2.34887
1.06825
3.29818
2.55358
2.54771
2.73008
2.09176
0.610873
2.25802
1.31294
4.09282
1.74132
1.75124
2.51448
0.829814
2.75295
3.21749
2.17359
2.11052
2.19515
2.75658
3.13112
2.58831
1.22244
2.24757
2.55191
2.14145
0.189351
0.338647
3.52236
1.93943
4.02691
2.30864
3.02315
2.78922
1.6243
2.0873
3.1269
2.62792
0.77664
1.64081
1.83774
2.79726
2.96087
2.2672
4.63971
2.04154
1.40717
2.31254
2.6204
3.12484
1.4305
2.46409
4.07814
2.35691
2.44914
2.43329
3.00849
2.96174
2.4985
1.4361
3.04414
2.67215
2.14367
1.53663
0.799801
1.72531
2.35965
4.2889
3.03496
2.74032
2.55663
3.32675
1.43413
1.08065
0.755027
0.946411
3.83603
1.66078
1.40438
1.14076
2.77702
2.24671
3.40862
1.7032
0.606427
1.23244
1.16928
1.67488
2.78509
0.626341
3.71021
1.77806
3.2356
2.52245
1.79677
2.05819
5.10502
2.29318
1.93272
1.40202
-0.0351664
2.78583
0.840417
2.18311
1.13723
3.55689
2.39232
1.29949
1.05379
2.61392
1.39053
3.02655
4.62648
1.76653
0.711525
2.77066
1.38544
3.57227
1.70018
3.44223
2.63726
3.6619
1.36072
0.759461
2.06892
2.65047
2.76138
3.11749
3.59121
4.15928
2.7793
1.99127
2.79117
3.6748
3.14152
2.34833
3.62477
1.77164
2.55449
1.39913
3.10154
3.49167
3.99832
2.17557
2.153
2.40052
2.30876
1.42192
3.33918
4.61005
3.15929
3.13031
2.12047
2.48301
2.25317
2.16551
1.28033
2.95907
2.75274
2.89992
-0.451263
0.956403
3.32975
3.81977
2.62864
2.03283
3.30104
0.191681
1.61947
2.3803
3.83671
2.15328
4.99715
3.24608
3.01847
2.57975
2.47656
3.28357
2.30584
2.28014
1.71191
2.80438
4.20562
2.18113
3.07591
4.76167
1.63721
1.90186
3.12708
2.06803
2.7563
3.93347
4.45938
3.0413
1.98992
3.22654
1.81973
1.29963
1.87336
3.61477
1.64786
2.84303
2.84128
2.07125
2.44038
2.04339
2.48013
2.56294
1.89546
1.58828
0.957607
2.3352
2.13105
2.93756
1.6185
1.42896
2.06043
3.73753
2.17386
3.0554
2.40515
2.1303
2.59074
2.19495
1.82995
3.26413
0.750779
2.44653
2.30829
0.772469
2.58426
0.882965
1.8781
1.97859
3.9205
3.5594
3.00927
1.17698
0.881372
2.44206
2.12544
3.11898
3.15613
2.63336
3.09858
4.45442
2.80101
2.80518
3.2121
2.92361
4.30215
3.64214
3.0898
1.67683
1.73681
2.28488
2.57373
2.35603
2.22727
2.98182
2.22566
3.26616
2.19152
3.46911
2.12188
2.23791
2.42646
3.0854
3.58655
1.68825
4.43845
1.986
2.04048
1.85482
2.62411
3.75301
1.85747
1.87856
2.80681
1.32417
2.0083
2.05314
3.19817
3.71291
2.71732
1.78693
2.89442
1.68297
2.22978
1.46837
2.24539
4.04401
1.83696
2.23491
2.38296
2.72265
3.63637
1.77639
2.33708
3.63219
3.91718
1.82162
1.97972
1.73362
2.17407
2.45379
4.58403
4.72067
4.25905
2.93634
1.08197
2.39034
0.651744
2.11351
1.90458
1.43991
2.60059
2.67498
2.36237
3.38674
4.00989
2.70697
3.2845
2.1376
1.61761
0.143562
2.38235
3.17911
2.87953
1.83403
1.15099
0.371853
2.46201
3.09816
1.81632
2.67578
2.38599
2.05942
1.88201
0.30985
1.00067
1.86452
2.17417
3.62605
2.84978
1.49206
3.0518
2.16051
1.52639
1.17735
1.20567
3.22076
1.67064
0.257937
1.96211
2.68837
2.76106
1.64338
0.656788
1.09615
3.75419
1.30776
1.97057
2.01815
2.71229
1.58419
2.50261
2.13975
4.24843
1.79291
2.37505
2.7532
2.65045
1.32134
2.00179
0.910143
1.57324
0.3221
1.84324
0.505501
3.2141
1.95955
2.04295
1.88809
2.98858
2.37189
2.02151
3.08635
2.35117
2.33023
2.04385
1.94036
0.582
3.28016
2.39518
1.84653
3.58738
3.22083
1.35282
2.16748
3.12061
2.06317
2.52521
2.04148
1.26122
3.07363
3.09388
2.88236
1.99983
2.93595
1.05505
1.10115
1.85987
2.23526
3.30853
1.21872
3.7664
4.4039
2.08071
2.0599
2.55832
1.69363
2.63104
2.35943
2.1123
3.33355
2.09626
2.37255
2.52822
2.20704
2.8379
3.16704
4.07355
1.93006
2.19991
1.93764
1.98726
2.36849
1.28123
4.1913
1.70834
0.933344
2.91761
1.57509
2.56394
2.76608
2.17862
1.3968
1.43096
1.50649
2.07533
3.16986
2.31081
1.7419
2.30594
2.39271
3.08614
0.629776
0.666029
1.59963
3.51329
3.10593
0.817855
2.18124
4.41882
2.98463
2.98243
2.88701
3.05394
2.89421
3.13116
1.8842
1.07429
2.07844
3.14414
1.60021
1.34558
1.89196
1.35268
1.65717
2.14678
3.88208
1.04677
2.414
1.95927
2.91219
1.59529
2.31832
2.91422
2.88673
3.19796
4.04688
1.1131
2.82856
2.17047
2.53938
2.83574
2.20455
3.94629
1.57339
1.18724
2.07796
2.02442
2.9636
1.08353
1.6037
0.944101
2.64991
2.22234
2.73121
2.48813
2.7895
1.6784
1.57916
3.60947
1.68314
2.72713
3.20808
3.46618
3.48336
0.279315
2.56841
2.20718
2.36082
1.37202
3.92521
2.31242
1.12367
1.3842
2.03156
1.47869
1.76324
1.59584
3.28667
2.13005
1.06065
2.12368
2.89921
1.46451
2.09635
4.15402
2.85163
3.08033
2.37196
2.75846
0.862083
2.31917
2.26792
3.48278
0.753715
2.42481
2.79442
3.37124
2.40668
2.13548
2.74698
1.37733
2.52281
2.42372
3.06316
3.15909
2.21642
0.619894
2.41198
1.4027
2.62315
1.61889
1.61028
1.57588
0.498411
0.619393
1.15435
0.802966
2.3208
2.02649
2.5355
0.745134
1.98695
1.83841
1.65732
3.51414
1.98221
2.5568
0.339577
2.06107
1.84492
1.56513
2.60484
3.37081
2.29576
2.27311
0.996532
1.74883
3.04475
2.84791
2.75925
2.65351
3.0812
1.04677
1.59198
1.57759
2.68997
2.58814
2.44845
1.09592
1.6273
2.36781
1.77311
1.26537
2.18864
2.53447
1.57635
3.02689
2.17878
1.34146
3.03635
2.54131
2.30219
2.262
2.42162
2.27973
1.1949
3.33143
1.93352
3.71108
4.07031
2.47756
0.699457
0.887064
1.79478
1.18819
2.75685
3.31338
1.45473
3.19324
3.81894
0.403113
2.05968
5.1671
2.02936
2.0285
3.09685
2.92372
3.12697
2.36126
2.42058
1.5236
3.00803
2.90147
2.79421
0.688462
2.28659
2.33107
1.03578
2.24542
2.34179
1.17844
1.61735
2.39018
1.12916
0.960683
1.50412
0.661147
2.89654
1.10574
2.36941
0.564783
1.85618
3.33731
2.31482
0.227885
1.82562
1.71662
2.12134
3.22243
4.31011
3.64645
3.50041
1.7522
1.64771
2.25587
2.36649
1.44706
2.32751
4.48508
3.71438
2.54854
3.42264
2.95544
1.43988
0.83749
2.2734
2.01022
2.18383
1.545
2.42779
3.51621
1.44516
1.08428
2.02847
1.68803
2.87478
2.17087
0.978828
2.05207
3.28541
1.58255
3.04908
2.61583
1.61033
2.72248
2.70098
2.27808
1.8463
2.83512
2.92481
2.88864
2.51401
3.20482
2.24207
3.84773
1.63139
2.39359
1.33022
2.58493
3.80139
2.47053
2.69864
1.00711
2.84758
2.52249
3.15562
2.48681
0.803603
3.01661
2.59161
3.71742
1.59643
3.4675
2.06738
1.82844
1.78375
1.98884
2.63407
2.63811
2.75046
2.43274
1.33454
1.19384
0.934901
-0.217909
2.29218
0.171292
1.44371
2.57587
3.34077
2.327
1.64373
3.62005
2.55771
2.83031
1.76799
1.14172
1.2368
1.66429
2.0158
3.08435
3.60678
3.15512
2.91195
2.0425
1.9425
2.37747
1.88872
1.13212
1.65114
1.44802
2.23236
1.3426
2.36993
4.06144
3.72284
1.96362
1.8952
2.48349
2.66103
3.94375
1.10747
2.29151
3.20721
3.11151
2.98016
1.79111
2.63617
1.97067
2.80741
2.9279
3.24239
0.180151
2.33931
0.857189
1.17699
3.31471
2.25792
1.30677
2.21182
3.77072
3.15563
1.52657
0.85261
3.29783
2.86666
2.56403
3.15433
2.77119
4.23892
3.02056
5.03434
3.01584
2.56356
2.29502
1.69859
1.74783
3.36228
2.05665
1.34265
2.60381
1.87316
1.98231
1.74625
2.09473
2.72649
2.17123
2.73962
1.20474
1.84773
0.93807
3.25292
2.40409
3.62363
2.35266
3.37902
2.70311
0.895491
1.76306
0.448912
1.0544
2.27102
2.72046
1.87017
2.89012
2.8144
2.55772
3.47149
2.80952
0.598218
3.83885
2.14475
1.84908
1.80138
2.26114
2.87445
2.69833
2.89653
3.22465
2.17358
3.28128
1.00527
3.31884
0.844509
1.74828
2.42469
1.75397
1.84871
2.89175
2.0747
2.33876
2.16849
2.50549
2.53894
1.18195
1.83576
2.81256
3.43006
2.86013
2.86437
4.11458
1.60183
2
2.93007
3.19656
3.36948
3.14052
0.0514374
3.12342
1.11995
1.4021
2.54451
1.16298
0.846324
1.57411
3.23486
1.73567
2.33762
2.29345
2.41297
1.4545
2.98247
1.64911
1.7909
2.20637
1.0198
2.5344
2.21198
3.65006
1.58655
2.53235
0.954033
1.72799
2.25432
1.40689
1.93304
2.20429
2.49332
0.899557
1.70835
1.33949
2.08499
2.44516
4.16022
3.54234
3.23814
3.03424
4.57971
3.61172
2.38839
1.24141
2.51843
1.6952
2.88422
2.52909
1.81122
2.67687
2.96586
3.24951
2.1626
2.34899
2.46222
1.91525
1.92716
1.754
0.411031
2.734
2.18068
3.54015
1.97998
2.74333
1.41142
1.94783
2.69738
0.650626
1.6319
1.79304
1.47275
3.91867
2.36325
3.23709
3.42833
1.25742
1.6896
2.73614
2.56662
2.84386
0.504887
2.14357
2.95535
1.78137
3.14059
2.69267
2.83978
0.67856
0.748751
2.28264
3.09184
2.30282
1.61045
0.944978
2.99032
2.12071
1.90746
1.08083
2.19605
1.34148
4.66916
2.48301
2.76888
1.3841
3.68322
1.18771
1.72499
3.42333
1.68939
3.37507
1.83547
2.98407
3.16494
0.577563
2.66074
1.62091
2.24164
1.64099
1.23908
3.68791
1.39257
3.52576
2.02207
2.16224
1.40188
1.04276
2.76149
1.00589
2.1245
1.61395
0.996144
2.22953
2.51837
2.23839
2.71413
2.42896
1.30156
1.64252
1.06646
1.01318
2.03059
2.3492
2.30476
3.16707
3.0919
2.14936
1.84335
3.53868
3.77895
2.42311
2.60926
2.37688
2.06392
3.03537
2.5455
2.0726
3.09518
1.97771
1.9831
3.77541
1.64909
2.94447
1.09224
2.97509
3.21336
2.54346
3.44583
3.2338
1.9624
2.15311
2.02602
2.05829
1.82697
1.71652
3.71843
2.5664
1.77011
1.13453
2.92498
3.16456
3.47836
2.47862
4.82671
3.75845
2.35828
2.56471
3.56031
0.336622
2.55572
2.01111
2.08971
0.683924
1.37624
1.66663
3.42418
1.29858
2.81043
1.97467
0.947413
3.15236
2.11826
1.59722
2.71885
3.90173
3.79703
2.77717
0.838372
3.30527
1.43425
2.21633
0.729752
0.784616
2.86441
2.78094
1.86055
3.77573
2.38947
1.98684
1.6936
0.698486
0.581539
3.46696
3.08284
2.95613
1.09329
1.00973
0.97862
3.05936
3.3013
2.1712
1.38481
3.19186
0.473447
3.38605
3.82775
3.8592
3.24101
2.10673
2.28526
3.02877
3.53191
1.45159
2.79629
2.21536
4.03212
3.17198
3.60263
2.18503
2.00705
2.1726
3.57349
2.56297
1.24258
3.04812
2.89406
1.60015
4.20298
2.52022
2.20272
2.74717
0.402976
3.0962
0.470996
2.49154
3.40823
1.91697
2.06677
1.76536
2.66479
1.84115
1.22125
1.55211
2.41554
2.83349
3.16078
3.11025
2.25331
1.18531
3.75701
1.2152
1.2357
2.22133
3.30902
2.87891
2.3976
1.49842
3.17481
2.96448
1.40973
3.07675
1.65467
2.93628
3.14762
2.45878
2.92424
1.69932
2.99169
2.76217
4.37033
3.71403
1.31814
2.14162
2.84675
2.03928
1.06803
2.47078
0.974611
1.66665
2.33189
3.37048
3.33698
1.41959
2.59393
3.94017
1.89954
2.13132
1.60318
1.56801
3.15419
3.37429
2.22935
2.1022
3.05701
2.70051
3.01013
1.89011
2.09625
2.18205
1.59843
0.92834
1.94016
3.16123
-0.276661
1.88212
2.69104
3.62786
3.30559
3.45731
2.75236
3.24512
1.56344
1.89827
2.66142
2.7433
2.33842
2.84449
3.89858
2.95287
2.9166
1.89481
2.64912
3.99759
3.95443
0.762973
1.16569
1.08414
2.11647
2.64874
4.15602
3.61849
2.50195
2.04199
2.02279
1.83574
4.01149
1.90292
1.83582
3.29014
2.36732
2.33359
3.48766
1.97781
2.75114
2.46515
3.30129
2.39143
2.68746
2.94655
1.63634
2.03916
2.2665
2.45715
1.73604
1.79117
3.23523
1.47019
0.883953
1.74356
1.6846
1.27153
2.11648
2.86148
3.28687
2.97062
2.26064
1.64306
2.4192
0.667216
2.11298
2.43422
2.31698
2.33074
2.3305
2.70538
2.36915
2.14611
2.25067
3.31101
2.52851
3.60334
2.41691
-0.019704
2.49246
2.58586
2.40272
4.00186
1.51387
1.91278
1.72715
1.77865
1.65024
2.34391
1.08695
1.91998
3.12039
2.07964
3.22673
2.20098
3.40312
1.95997
3.70723
2.67769
2.42016
2.78845
3.39532
2.27062
3.45481
2.74067
2.60486
3.72923
2.62742
3.42409
2.42739
2.09049
1.79499
1.72449
4.03904
3.70479
3.28739
0.193364
1.37215
3.81357
3.8508
3.81345
4.04953
3.73733
3.3324
1.86693
3.02474
4.80836
1.4987
1.89902
2.4481
2.21086
0.898076
1.86607
3.39052
1.82076
1.76611
1.28922
2.06837
1.91349
1.91011
2.62924
2.85178
3.29752
1.58039
1.3596
3.24529
2.81157
2.58699
2.70823
2.51569
2.61994
1.50758
1.0561
1.42725
2.26297
2.96428
1.27174
1.73686
2.95333
1.44744
2.23473
3.84729
1.38087
1.61202
2.06316
2.83014
4.07317
3.19775
1.8021
1.14201
1.44754
3.29068
4.08669
2.29551
3.40038
1.87214
0.400554
2.67241
1.22507
2.70283
2.79298
2.90171
2.11907
1.74446
4.25506
0.858241
1.64731
0.640419
1.39901
1.78279
1.98535
2.3963
3.64245
2.43043
4.05834
2.33986
1.96997
0.284627
2.12245
1.26318
0.0173435
2.3952
1.9746
1.37482
3.16117
4.10971
1.27556
3.15963
2.24127
4.01827
2.87294
2.81363
2.81724
3.12848
2.09317
2.89307
3.32593
3.87965
3.09938
1.24542
0.841188
0.310341
1.28031
2.70817
2.12045
1.48769
2.95392
2.85332
2.47801
2.72735
2.5365
2.48526
2.66176
0.748332
1.38086
5.80028
3.14554
2.31406
1.71013
3.49288
2.43194
4.60277
1.89083
2.05386
1.27244
2.45972
2.24231
2.22181
2.50706
1.52169
2.59042
1.84565
2.35933
2.65634
2.26616
0.992018
1.33254
1.22115
3.33632
2.53376
0.987512
2.96747
3.01151
2.71565
2.091
3.54012
3.69177
2.11837
2.29026
1.42675
2.83178
1.80189
2.76642
2.48691
2.68534
1.46661
2.98025
3.95655
0.662374
2.4705
2.0756
3.71011
3.98367
2.28972
3.40094
3.44199
3.31827
3.26844
0.798332
1.11823
2.13699
3.61068
2.34787
1.03314
3.52763
1.35868
1.68999
2.31692
3.38909
1.4616
2.13826
1.4741
2.06812
1.43552
0.497608
1.80097
2.70849
0.348216
3.35407
2.42827
1.18561
2.83575
3.52235
3.31845
1.91937
3.07619
3.03231
3.34125
3.05067
2.57921
1.26959
2.3453
2.4762
2.03149
2.0525
1.44774
3.40787
2.64038
2.01632
0.833578
1.888
3.30064
2.96134
3.01146
3.16027
3.97735
4.13265
1.83166
2.21011
2.71853
2.46205
1.36431
3.00701
3.87518
3.87412
4.55056
2.16338
3.09841
2.22312
3.05074
2.62811
1.5963
3.6173
3.13378
3.91757
0.688307
2.34179
3.17319
3.32187
2.53998
2.04389
3.33808
3.98098
2.56923
2.74342
2.36563
1.8591
3.64345
2.31747
0.981589
2.09822
1.60988
0.851323
1.37194
1.90595
2.20064
2.38171
3.00956
2.51833
2.63635
3.98715
2.64558
2.68842
2.62881
2.68857
1.80761
1.68765
1.90564
3.43288
3.6551
2.3532
1.43987
1.62867
3.28387
1.34163
2.22975
2.42525
2.93489
2.83127
2.90296
4.02136
1.28743
3.25407
2.68312
3.15128
3.31329
1.6272
2.03169
2.23183
2.9208
3.23059
2.51576
1.89401
3.22027
2.29521
2.07213
1.28274
1.81964
2.18429
1.68311
3.04729
0.706494
2.58346
1.15109
2.49234
3.22653
3.13441
3.02663
1.03144
2.69005
2.59282
2.31179
1.00351
3.101
2.31403
1.72895
2.65715
3.96833
3.50991
2.22927
2.67475
1.47769
1.30027
1.18258
1.85082
1.79496
2.2804
1.6748
3.6061
3.91872
2.43779
2.97113
2.73193
1.60558
3.37955
2.73091
1.66707
0.162707
3.06481
1.82782
0.847119
1.346
1.70802
2.66286
2.3316
2.94847
2.64444
2.25393
1.66499
2.5287
2.08342
2.32273
1.83994
2.32122
2.46685
3.48583
3.15801
2.49941
1.77723
2.53152
1.73297
1.63811
1.07231
0.956168
1.27611
0.574922
1.8232
4.06635
2.70789
1.93608
2.43751
2.39852
0.398517
1.89202
1.72518
3.42152
2.98453
1.96269
1.22486
1.68291
2.4103
3.03241
3.56805
3.54591
3.56478
2.44856
3.24735
2.33225
3.63447
3.53205
3.13933
1.47438
1.46444
3.99961
4.01335
3.1305
1.53026
3.67054
2.47987
2.38372
2.894
3.01354
1.5112
2.43231
1.10151
1.6304
2.36821
2.64282
3.63728
2.25987
1.04023
2.21658
2.6518
1.5322
1.94867
3.64388
2.85695
1.79565
1.00647
2.69177
2.43299
1.10295
3.22963
3.3033
3.846
1.88541
2.16024
1.65968
4.31764
3.25306
1.97588
3.17471
3.14361
2.2601
3.21925
3.88119
4.19511
2.00274
2.06438
2.73501
1.38992
1.90221
0.559588
1.90369
2.97139
3.13057
2.66546
2.23016
3.33032
1.91805
2.91141
2.77638
2.50594
1.86252
1.27996
3.98286
3.80336
2.36054
1.62216
2.03128
1.20496
0.730178
1.5784
2.15035
2.73039
3.21759
1.99269
2.89925
2.81321
2.59297
0.591248
2.30153
2.41714
4.0023
2.66747
1.71457
2.09821
1.54569
3.03802
1.18388
1.77583
2.56429
2.03771
2.28361
3.15144
2.84312
2.28905
3.13804
2.41833
1.66514
3.58945
1.36346
4.49005
2.86028
2.54956
2.74332
3.53
2.0036
1.8441
1.61991
2.23227
2.73805
2.37732
2.05666
1.55989
3.60886
2.23633
1.46013
1.84695
2.48401
3.79556
1.79046
3.86627
3.21046
0.863178
1.57464
3.28715
2.74331
1.05138
1.6697
1.59207
1.83838
1.05567
1.50154
0.770119
2.90104
3.3497
3.98692
1.4172
2.22656
2.80745
3.44739
2.55481
3.18774
2.40664
1.42496
2.27744
2.36656
1.34545
2.29581
3.42799
1.63632
1.77397
1.93872
1.89736
1.66139
2.19632
3.71093
2.77798
2.41708
2.78594
2.33348
3.32697
2.61441
2.74765
1.61942
1.06103
2.16925
2.89934
0.690123
1.18424
2.68543
2.52454
3.10437
1.72119
1.90536
2.94387
1.61285
2.9078
2.97948
2.31142
2.08412
1.86338
3.74015
3.76194
2.18213
3.2944
1.45461
2.77648
1.96621
0.781093
2.69102
1.83338
2.83095
1.18385
1.37281
1.49941
3.88072
3.14992
2.32465
2.111
2.62059
3.36307
2.93472
2.04174
1.50901
3.72896
1.76962
3.41787
3.3334
3.12806
2.98049
2.01684
3.15946
1.0936
3.28695
1.95673
3.60526
1.76294
3.22694
1.12874
1.50717
2.69031
2.67319
2.16571
0.226268
2.14094
2.26377
2.28972
2.62592
2.52606
2.11049
2.43582
2.26826
3.20344
1.47349
-0.670319
3.48776
3.36241
4.11243
2.03304
1.91179
3.48705
3.87372
2.02614
3.19899
2.69541
2.17371
3.12995
2.7395
4.5284
1.75735
0.829819
4.10569
1.78473
2.51622
3.12294
1.26153
3.94103
2.31215
-0.201985
3.56353
3.98487
0.392286
1.77091
4.01032
3.43574
2.72639
0.784892
2.32036
2.2618
3.73801
3.5223
2.51357
3.95259
3.97907
2.67108
1.65288
2.94137
3.2731
3.1432
4.32107
2.4159
3.12798
1.67425
2.9032
2.38218
3.23544
1.64024
2.77456
1.97764
2.75276
2.65962
2.34036
1.24703
2.86428
1.63111
2.54815
2.44115
2.05107
3.62945
0.416879
1.28916
1.8135
3.28553
2.2862
2.36674
2.83882
2.68346
2.66083
2.72976
1.05672
3.04217
2.23084
3.3952
1.81906
2.04972
1.76027
2.58894
1.449
4.81902
2.95748
3.40063
2.84067
3.45444
3.19071
3.08767
1.4063
1.0834
1.52366
1.96333
1.99293
3.12146
2.55469
2.78161
2.24676
1.01712
0.59034
1.38245
2.8694
0.450969
3.07685
2.91497
2.74588
4.4322
1.5964
1.92742
3.63046
0.977127
1.62684
2.16745
0.416005
0.64864
2.22045
0.903994
0.932155
2.54356
3.62271
4.25953
2.65354
3.21179
1.5125
2.93315
1.7208
1.791
1.25996
0.756504
1.36968
2.07316
3.46286
3.09821
1.71447
2.24123
2.27232
1.29605
2.56077
2.09435
3.37528
2.71469
2.06004
2.47604
3.0806
1.78371
2.38301
2.31612
3.42074
2.6846
0.840311
3.19847
3.93565
3.038
0.810741
2.87008
3.14895
3.24099
3.20348
3.29948
2.01963
1.15701
2.32846
3.4445
2.15914
3.21674
3.52527
3.60679
2.86055
1.49005
5.31466
1.43866
3.43163
1.9835
1.60735
4.37151
2.75768
1.64048
2.11246
2.24113
2.84786
2.05208
2.16215
2.18314
2.06071
1.33784
3.77889
2.73348
2.27649
0.42728
2.64879
1.94622
2.38426
1.88248
2.65834
2.02783
2.02936
0.789997
2.74033
2.13587
3.59466
1.59514
2.7537
0.145205
1.86982
3.84883
2.71937
0.722704
4.16123
2.10861
3.24817
1.28067
3.47176
3.54176
1.45311
3.62956
4.0169
4.36691
2.41835
4.35249
2.63583
2.50618
1.05602
2.27357
1.84308
2.4038
2.41446
1.71397
3.49977
2.34854
2.20327
1.53129
1.66097
1.35023
4.00472
2.51675
1.63965
1.64095
2.87001
2.11628
2.05845
2.82624
1.99308
0.871771
2.20204
2.80802
1.07237
2.05397
1.56622
1.46585
2.32409
1.72229
2.70616
1.56572
3.12644
0.80582
2.40279
1.73921
1.90255
1.70015
2.59819
1.62295
3.0138
3.46624
-0.129958
2.70549
2.8986
0.803675
1.01651
2.41371
1.61432
1.96873
0.524098
1.96461
1.20362
1.86274
3.33766
2.76275
2.70724
3.55774
3.80144
3.6114
2.74863
2.48249
3.73396
3.38335
2.28917
4.05758
2.29382
2.77368
2.32148
2.79589
1.12433
2.35309
3.17822
2.98818
3.33557
2.13534
2.31311
1.61806
3.42582
2.89031
2.39485
2.02149
3.09
2.03433
4.061
1.69184
1.0042
2.59411
1.5587
1.97425
2.19551
1.52022
2.47755
2.71787
3.28393
3.02012
2.33074
0.875239
2.89577
2.08702
1.39076
-0.181925
2.71484
3.1045
4.79823
2.90322
4.77117
2.91291
4.21574
2.84745
4.10168
1.95268
2.19644
0.716596
1.42123
3.25311
2.30602
3.32096
2.53043
0.775252
2.40454
2.28271
2.08484
2.52713
1.42036
0.757696
1.72132
3.20735
2.11502
1.21705
2.00777
1.20032
3.0213
1.61704
0.857347
1.74412
2.09451
1.86847
3.71439
1.94982
2.17271
0.609681
1.19832
1.54857
3.74971
2.69038
2.37227
2.04786
2.08443
3.40174
1.99983
1.38604
2.44375
2.2479
3.17793
2.6016
2.96652
2.29853
2.34876
2.74909
2.15464
2.49279
3.65287
3.3488
1.79264
3.73049
2.64363
2.59472
1.07507
0.684998
2.43554
2.29297
1.87494
3.39484
2.05371
1.32375
3.72186
3.9923
1.94489
2.96145
2.49308
2.6322
2.02188
1.70866
1.7898
2.32892
1.65745
1.08941
2.3961
3.32394
2.23779
2.6918
3.86949
3.81024
2.54286
1.03813
2.76185
0.487511
1.58697
2.65525
3.42032
3.32077
2.81359
3.5962
1.6677
3.62931
2.33385
1.9183
3.03287
1.35586
1.92097
1.74838
0.809566
3.29915
2.91812
1.17283
0.712431
2.78658
3.23851
3.49326
4.11781
3.75942
2.91423
2.83652
2.11691
2.41186
2.53373
3.4034
2.8231
1.86873
3.51798
2.01559
2.70295
3.01058
2.70363
2.15885
1.49653
2.34783
2.0575
2.35883
1.62079
1.85773
0.292404
2.31396
2.49366
3.42154
3.01059
0.873174
2.05286
3.8033
0.209521
2.65413
2.2329
2.98993
2.3941
2.99897
3.3637
1.59496
3.03844
2.22696
3.97884
2.06453
2.70967
1.94809
0.982519
2.37014
2.55016
3.26945
0.571056
2.07184
0.141912
2.16459
3.93198
1.92388
0.914425
0.536765
2.81694
3.02085
2.11894
3.29037
3.62119
-0.161285
0.445399
3.91652
2.54244
0.748386
3.25764
1.79277
1.99064
3.37264
3.80314
3.76172
2.83661
3.11009
2.06204
2.14916
2.80915
0.568531
1.88866
2.41837
1.00887
0.992911
1.98824
2.93757
2.18705
1.30985
2.69229
1.21876
3.09484
1.04801
3.09672
2.56123
2.65547
1.22155
2.50898
1.92825
3.21385
3.28616
1.68478
1.35866
3.46135
2.30914
1.83371
2.41796
3.99108
3.09042
2.15761
2.72458
3.53731
3.58215
2.3189
2.47244
2.13917
1.56997
3.43189
2.84189
2.15313
1.66061
1.96959
1.85199
1.35509
3.13194
1.53578
1.48749
3.61798
3.11407
2.16447
3.5384
2.22478
0.612897
2.32935
5.09706
1.72845
1.8024
0.730465
4.03023
2.86871
2.85459
3.3284
3.84403
3.72433
2.62085
1.92905
2.45297
2.38873
1.56776
2.63985
2.56925
3.47716
3.90433
2.20308
1.81972
2.32651
3.2264
1.82681
2.2631
2.75616
1.28189
2.74802
1.99704
1.32306
2.92343
2.59478
2.90803
1.90879
2.92532
2.04108
3.90335
0.449456
2.60265
2.54396
3.21462
0.120153
1.6475
1.67144
2.88909
4.47481
1.55437
2.35951
2.19043
2.71105
1.59206
3.28059
1.34784
1.90581
2.43999
2.20426
3.07844
4.58868
2.55668
1.67782
1.09553
1.39808
1.71709
2.24631
3.69639
3.43008
2.69319
1.25677
2.29902
1.43464
1.86685
2.50557
2.19452
1.95791
1.42715
2.67553
2.05131
1.62613
1.21844
2.71542
2.90987
2.62387
1.29024
3.33539
2.99632
2.33369
2.48895
2.31295
1.38676
3.16573
2.19959
1.48802
2.83053
4.05649
1.61654
2.40774
1.52904
1.29043
0.829444
1.07806
1.20119
3.21569
4.63881
1.82756
1.48152
1.56671
3.03122
1.63029
1.43118
3.98148
1.5537
1.74135
3.83998
2.75185
2.36092
2.50204
3.36
2.79001
0.867206
0.727312
4.38952
2.89033
3.32734
3.14605
2.15166
1.4563
3.17496
1.70049
2.29439
2.71557
2.23277
4.05646
2.53859
2.7445
3.18784
3.26219
1.86363
1.82951
1.27444
3.83657
1.40776
0.87467
2.30744
2.82021
2.24879
2.15819
3.60909
3.33276
2.03566
2.05928
4.38322
2.64233
5.2663
2.35273
2.07718
3.06657
1.55189
1.47248
1.33431
2.00326
1.95978
2.28844
2.94139
1.83486
3.07458
1.4593
2.59647
1.87525
3.03371
2.15873
3.84525
1.61877
1.92965
4.06954
2.72207
2.94739
1.99249
2.58279
3.04919
2.29528
2.12718
1.35267
2.98045
0.739581
1.81806
2.61972
3.39424
2.67704
2.57764
2.00728
1.65798
1.84823
3.2392
1.92938
2.78714
3.69371
2.49559
2.98453
2.36978
2.02317
2.98571
3.31697
3.11435
3.02084
3.36472
2.75986
3.53719
2.9563
2.32254
2.75487
1.31619
2.38793
0.541231
2.17709
3.29271
2.02351
2.37802
1.14742
0.864905
3.84871
2.16857
2.80276
1.95779
2.57827
2.02808
-0.0117613
1.86883
2.31686
0.429304
0.926872
1.61511
1.67885
1.18887
2.30574
3.81942
3.59623
2.19951
2.7372
2.20473
2.49698
1.8807
3.31597
2.55915
1.85322
2.75104
2.50029
2.84504
3.02215
1.79345
2.01812
3.59408
3.22247
2.54917
2.79482
1.9972
3.01767
2.28993
1.60694
2.26703
3.22811
3.00006
2.66159
3.37891
2.92342
4.23919
4.22707
3.089
1.52572
1.15845
0.904533
2.97197
1.79971
3.3399
3.02137
1.87641
2.24428
2.66226
3.04209
2.63834
2.3971
1.94433
2.66883
2.89594
1.50686
1.0092
2.19171
2.58294
2.49391
2.70526
3.71888
3.89298
3.82783
1.88103
3.03564
2.396
2.63328
2.97263
2.89454
3.08264
3.65711
2.46351
1.39136
3.81746
2.59964
3.94993
1.29405
1.66869
2.29571
3.12588
2.00175
2.47072
3.01893
2.96803
3.36251
1.9992
1.72974
2.24089
2.051
0.949886
1.90284
2.98938
3.04001
2.33027
1.70055
1.43774
1.83252
2.45385
0.450514
3.44295
2.77884
-0.131778
2.80031
2.10062
1.22244
3.19633
2.92719
1.76386
2.58887
3.89887
2.18843
0.249508
3.85123
1.34227
2.59001
2.86754
2.60355
2.84142
4.22099
2.98794
1.21647
4.45161
3.40535
1.46434
1.93043
2.18059
4.24448
2.08999
2.71725
1.77176
3.85245
1.47845
0.361928
2.28337
3.21932
1.68445
0.432758
3.24888
1.71174
2.08161
3.47254
4.18711
1.7137
1.06078
1.96733
3.08989
2.54968
2.08542
3.70978
3.19264
1.45825
1.3567
-0.0296344
2.47798
1.2679
0.796072
0.912302
3.93654
3.13084
3.15791
2.26481
2.5589
2.23351
2.06965
1.00632
2.76378
1.60817
1.99788
2.01309
3.71835
3.29981
1.82421
2.67284
2.28337
3.13501
2.14817
2.57705
1.92383
3.25398
2.9501
3.58564
1.2256
1.62872
2.0978
2.88998
2.52235
2.67269
2.09887
2.6934
2.75669
1.25959
2.59325
1.29458
3.63497
1.83794
1.74598
2.4253
3.91513
1.07693
1.67814
1.01741
0.966459
1.66803
1.75393
2.31501
1.25571
2.06991
2.86991
1.96963
3.53552
2.05554
1.94879
2.74923
2.96244
2.01081
2.26118
2.7132
2.69929
3.53254
3.27194
2.8541
2.32669
1.9449
3.3345
2.70941
3.34444
3.23411
2.22809
1.20796
2.03097
1.24909
2.44237
3.57054
2.85441
3.17242
1.87911
3.97299
0.483919
2.4914
2.79988
2.93362
2.2566
1.03821
2.26835
2.59788
2.87881
1.77773
2.7729
2.06667
3.10802
2.10091
1.88332
2.37827
1.72452
1.95744
0.919114
2.56123
1.08877
3.59939
3.23956
3.11304
3.01682
3.28204
2.08984
2.21797
3.23322
3.54686
1.57656
2.68749
1.98743
2.18201
1.65931
0.231689
1.7703
1.76099
3.97362
3.21664
2.58346
2.58505
3.17419
2.14147
4.30294
3.04372
2.34342
1.87002
2.06046
1.92311
2.78489
1.46776
1.27734
1.86168
1.37674
2.62615
2.01616
3.17417
3.63692
1.32583
1.80373
2.78816
2.57124
1.34991
