2.71767
2.64814
2.2547
2.31338
3.09378
2.28506
2.64204
1.36081
1.55296
1.28132
3.06286
2.83362
3.57228
2.89223
0.492544
2.2138
3.20474
2.93832
2.81214
2.76705
1.58935
1.95038
2.79541
2.63166
2.27437
3.62212
2.21209
3.91193
1.71069
2.95318
1.94912
1.48464
3.53375
1.5331
2.95537
2.26774
2.56131
2.38078
2.09883
2.96534
1.94269
2.8235
2.30089
1.90084
2.28449
3.21386
2.66751
3.49478
2.65666
3.09256
1.97093
3.4114
3.17147
2.038
1.64612
2.41896
2.36322
2.93197
0.404818
2.40111
3.70932
2.69797
2.40212
1.81548
2.57801
2.20109
2.50928
2.53263
2.11564
1.57104
2.32738
2.32398
1.77086
2.44617
3.7585
3.23449
2.40139
2.24241
1.37969
3.58497
1.40772
2.67838
3.28575
3.88528
3.21168
3.97407
3.79439
3.24237
4.0481
3.66619
1.80985
2.95377
3.49822
3.47531
2.1589
2.89496
3.14302
1.75258
2.79411
3.63098
2.84578
1.98563
3.5023
2.08734
2.31838
2.62407
1.57043
2.85968
1.57816
3.40231
2.3377
3.08581
1.89703
3.76396
2.69579
3.00604
2.64818
2.56053
2.42264
3.56145
2.52126
3.60756
1.51807
2.59927
2.46651
2.31044
2.69213
2.51305
2.43702
3.6494
3.13548
3.76442
2.34294
0.937411
2.90067
1.61702
2.49255
1.9224
3.42442
2.68028
2.52367
2.23666
4.34027
2.48585
2.92541
3.57433
3.00553
1.71786
2.93835
2.00306
1.48487
1.18516
3.21286
4.00571
2.44693
2.46225
2.12681
1.76762
2.96788
2.88279
2.3708
3.14209
3.1254
1.65762
0.922648
2.57439
2.55798
2.17562
2.58344
2.56584
3.12585
4.21112
0.893055
2.85062
2.34131
1.09485
1.53892
3.41875
1.44738
2.24071
1.60521
3.34209
2.02274
2.57563
1.35989
1.97547
2.12912
2.6549
2.52457
3.32586
3.57136
2.48101
2.29117
2.8918
2.13887
1.94761
3.90832
1.47611
1.3032
2.47214
2.34013
2.32494
1.81507
2.4396
3.28047
2.97311
3.21361
4.16174
3.2162
1.44505
2.7512
2.12366
1.78685
2.13542
2.11541
2.06168
3.13151
4.10634
3.8501
1.96
2.17961
3.94766
3.12146
2.38121
1.82822
3.41331
1.87462
2.56418
1.05103
2.41532
2.65803
2.60751
2.2005
3.04089
2.39279
2.76653
1.47021
2.54373
2.11693
2.47063
2.46334
2.10166
2.18393
3.20557
1.77751
1.83577
2.86919
1.80157
2.49744
3.22565
1.95046
3.01401
4.42548
2.25627
2.41114
2.73058
2.71091
1.18893
2.66074
2.11937
3.0159
2.13907
2.08754
3.1643
1.26631
1.08381
2.73721
1.61825
1.03011
2.05409
1.63049
2.74636
2.61645
2.4285
3.30825
3.62828
2.72948
0.344444
3.20652
2.77473
2.21898
1.54267
2.00568
2.21245
2.49404
2.43335
2.91666
2.40545
1.49041
1.4935
3.31279
0.597612
2.52277
3.95779
1.69972
2.66296
2.21698
3.26779
3.05142
2.0389
2.59879
3.19444
2.30867
1.9405
2.84799
2.96071
3.0614
4.08136
2.95478
3.75784
2.42591
2.75924
1.693
2.98797
1.9278
1.75895
2.76765
2.90366
3.43767
2.93399
1.8453
2.13289
1.45557
3.13644
2.91572
1.86233
1.30324
1.81028
3.95028
2.02091
1.86457
0.6812
1.34928
1.55945
1.97247
1.60077
3.57931
3.84459
1.86568
3.18918
1.65357
3.92082
1.08142
2.96533
2.17747
3.76059
3.19171
1.12995
2.96316
2.04205
2.41262
3.08293
2.19811
2.04861
3.06248
2.50214
2.06244
1.99508
3.48538
0.736386
1.87686
2.06015
2.84814
2.01024
2.10835
1.74008
2.71552
1.81959
3.60797
1.41941
2.98167
3.88617
5.09121
1.4109
2.80944
2.48884
2.66777
2.12243
3.54006
2.51098
2.54545
2.4621
1.66077
2.03643
3.36301
2.64873
2.7049
2.4015
1.85923
1.49398
2.64623
1.7745
2.97441
3.07792
2.72865
2.71235
1.50523
1.40295
1.03743
3.11691
2.77614
3.04118
2.09612
1.31811
2.79997
1.38505
1.88838
3.46932
3.24306
3.40992
0.905419
2.30907
2.84928
1.77225
3.97146
2.88602
2.17769
2.02321
2.14846
3.11298
2.67746
2.53068
2.64331
4.14277
1.78601
1.63731
1.95445
3.31943
2.79241
3.15118
3.11604
1.81548
2.98985
1.23705
2.28782
3.09296
1.2182
1.08166
2.60171
1.65859
2.49188
2.0505
3.13074
2.03614
1.76842
2.53408
1.55885
2.38933
2.74529
3.37953
1.86175
1.80986
2.01933
2.48813
3.69324
1.64886
2.18582
3.12278
2.35277
3.20222
3.53338
1.64526
2.71895
4.11908
3.62372
1.74367
2.87421
3.17538
1.97539
2.29914
3.9552
3.38018
1.56483
1.48919
3.57284
3.62559
3.21728
3.74138
2.0745
2.07607
3.41962
2.19845
1.75904
0.645765
1.52404
2.02159
3.85323
2.90809
1.99214
2.37958
2.01095
3.64543
3.14052
2.39986
2.73654
1.13817
3.88296
2.9875
2.97358
3.53338
1.30427
2.16243
2.88298
3.51972
2.41338
2.96826
3.05283
1.47649
2.49848
4.15012
4.02741
2.39506
2.10525
1.04242
2.4336
1.35471
2.05595
2.79891
2.85123
3.23927
3.1589
2.89735
1.76389
1.46285
1.77998
2.92574
2.89677
2.14241
0.621453
2.44332
3.62016
3.10938
2.82611
3.29728
2.64114
2.77377
1.56608
2.62422
3.05105
2.91234
1.94159
3.51673
1.83088
2.20746
3.50133
1.66763
1.98528
1.5133
2.88344
3.04537
2.81843
2.31709
2.15896
0.934735
2.67699
1.67238
4.21089
3.37637
1.70422
2.95648
2.83195
0.727157
3.50084
1.34511
3.88432
3.17333
2.87248
2.36439
2.62498
3.44357
3.69519
2.16649
2.30314
2.44685
3.08532
3.96741
1.50268
3.11129
1.67682
2.98245
1.54346
1.97327
2.66556
2.8639
3.52049
2.38369
2.02765
1.24714
3.0346
3.72915
2.6277
2.23085
3.65626
3.39153
1.62462
2.17127
3.00401
2.01456
2.41141
3.69996
1.98137
3.47791
2.63539
2.86135
3.17312
1.22804
3.09241
2.22754
1.69149
3.08672
2.66653
0.660971
1.69749
3.01679
3.20358
1.60318
3.29754
3.51054
3.20939
1.41868
2.32219
1.945
3.18481
2.38025
2.05133
1.92353
1.93676
1.1565
2.57034
2.1946
2.5254
2.74766
4.34159
2.06199
1.34437
2.21854
2.2604
1.62291
2.74825
2.94866
1.15059
1.69984
3.11781
1.10549
2.59351
3.13402
2.96825
2.74705
2.85455
3.28933
1.9664
2.16902
2.87231
2.53904
3.70055
2.49965
3.48921
2.75088
2.0525
2.08096
2.70511
2.04257
1.42663
1.43659
3.45262
2.25656
3.21547
3.55237
1.7712
2.6868
1.75239
3.2589
3.18373
3.08106
1.66188
3.05427
2.15268
3.29811
2.70661
1.47989
2.10576
2.21484
2.74441
2.95608
2.48636
2.13064
2.77517
4.40057
4.56353
2.33859
2.40667
2.33557
2.89519
3.4568
2.57025
3.4825
1.85605
1.25186
3.44539
3.75901
2.98846
2.8893
3.28273
2.55687
0.316013
2.86452
2.01362
2.59655
3.05833
2.20475
2.39439
2.87171
2.71028
1.96563
2.27351
2.61423
1.34734
2.9246
0.698992
3.4054
0.887992
2.17888
3.24231
2.14631
1.85619
3.29812
2.77199
1.23764
1.83741
0.953596
2.16345
1.95969
2.13077
2.41417
2.63652
2.33655
1.35768
1.43699
3.66509
2.20671
1.77979
2.51665
2.06497
3.51571
2.96832
3.31909
2.96357
2.69344
1.71971
2.86301
3.10829
3.46775
1.94243
2.49834
2.59419
2.62342
2.91325
2.90405
2.67232
2.25325
1.91395
2.38699
2.10283
1.73325
1.01581
2.60958
1.71673
2.31897
4.48185
2.60038
3.32003
1.90812
2.28647
2.66221
2.82233
2.70585
3.59419
2.31297
2.45529
3.54544
1.51942
1.10005
1.19126
2.46855
2.02757
2.78622
2.8095
3.37859
0.951258
2.39978
1.58419
1.61948
3.32344
2.83792
1.85168
2.55039
1.40549
1.67056
2.56386
2.9339
3.36387
2.23931
3.68178
2.34197
3.31965
3.20983
3.55202
2.9892
2.70511
3.20255
3.89657
1.93002
1.72318
1.97347
3.24293
1.65169
2.50152
3.33034
3.26569
1.98882
3.75778
2.1723
2.45732
1.96282
3.85266
0.766228
2.10158
2.50373
2.29632
2.34036
3.41172
2.95488
2.04419
2.49425
2.66727
3.29264
1.57935
3.54044
1.83967
1.69249
2.20748
2.71628
3.44297
1.80516
2.13548
2.25329
2.53162
3.3586
1.43498
1.30212
1.59507
3.29567
1.80306
2.15746
3.79692
2.20085
2.05207
2.02664
2.27969
1.68584
3.85573
3.40095
3.20728
1.7731
2.52013
1.38273
1.43278
2.67237
2.47996
3.19485
1.8641
3.77474
0.826051
3.5659
1.1834
2.22993
2.89299
3.2991
3.03525
2.76265
2.32813
2.83945
2.71026
3.30925
1.12694
2.15885
2.69497
0.226397
2.65366
3.48982
1.9113
3.66756
2.1054
3.08338
1.90319
1.97876
3.00038
1.53055
2.87988
3.26707
2.20116
3.68024
3.04105
1.76516
2.5548
2.5331
3.29669
3.08761
2.43216
2.58989
3.67566
1.89549
1.27457
3.57366
2.60014
2.16144
1.75662
1.39726
3.19165
2.81412
1.78738
1.72816
1.87363
1.95196
3.5645
1.21375
2.16327
2.40444
2.48984
3.73994
2.27258
1.91381
3.29985
3.97422
1.78537
2.51595
2.26614
2.51035
1.14978
1.40459
2.4226
2.38057
1.31842
1.38986
2.1964
2.12439
1.56516
1.97913
2.72821
1.00539
3.06374
3.05279
2.0462
2.56569
2.30115
1.16966
1.57666
3.8274
1.36405
2.33081
1.84629
2.53402
1.94905
3.24442
3.24978
2.21966
3.11777
2.73951
2.32707
2.42114
2.71634
3.18597
1.68652
2.01241
1.86154
2.81934
0.700687
2.29113
2.26477
3.62288
2.07228
2.17963
3.536
0.37925
2.17814
2.62308
1.94707
1.45599
2.41518
3.68276
2.2306
2.32586
3.0109
1.44634
3.56475
2.02177
2.41734
2.52591
2.48518
2.8933
1.66396
2.37058
2.45018
1.63329
1.41447
1.80503
1.53516
3.35574
1.38821
3.62764
2.42751
2.35664
2.47889
3.81262
2.68078
2.38621
2.50434
2.66169
2.34906
2.49753
0.259667
3.51011
1.61368
1.94588
3.26348
3.02931
2.52443
1.56897
3.38504
3.02242
2.61105
3.26924
2.92275
3.85657
3.30014
3.10697
2.17134
1.39266
1.77273
3.99996
2.43011
3.0792
2.83855
1.9116
1.724
1.8061
2.15043
3.63224
2.2646
3.6403
2.33776
1.30552
2.59167
1.07502
2.70941
2.68673
2.1759
2.4336
2.82891
2.39472
2.08989
3.49872
2.92976
1.9916
1.89605
2.88326
1.53277
3.36657
2.14856
1.22102
2.12212
2.7995
3.73038
3.30049
3.14659
2.54877
2.07809
2.12191
2.81104
3.15264
1.80724
2.43481
2.6002
1.97365
2.86358
1.56728
1.53557
2.32674
1.89677
0.713013
1.84458
2.02468
2.54691
1.00711
3.80441
3.39661
1.5562
4.87121
3.85117
1.49664
1.98691
1.75072
2.54959
3.37312
2.80304
2.60028
2.10065
2.96597
1.8565
2.21174
2.21833
3.07158
3.67413
3.79783
2.67835
2.49094
3.40058
1.8101
2.43182
1.16337
3.37803
2.00792
3.71077
2.79804
2.64191
2.84437
3.00084
3.32658
2.69316
0.837171
2.82181
1.792
2.94938
3.32066
1.70538
3.01266
2.50938
3.44156
1.55908
3.01583
2.61841
3.05377
1.60492
2.79468
2.65025
2.44413
1.10045
1.92694
2.56493
3.68237
1.70334
2.35392
2.86944
2.19271
1.91974
3.8677
3.49364
1.60219
2.97933
2.52961
2.26329
2.14111
2.51767
2.58054
1.87114
1.99603
2.00832
2.15334
1.75224
2.94227
1.41623
3.18737
3.91115
1.50638
1.91683
3.1164
1.95046
1.58917
2.55411
2.07969
2.21582
2.64285
2.57602
3.13052
2.23784
1.95096
2.80498
2.02406
3.46445
1.83336
1.29886
3.51331
1.80124
0.896383
0.603318
2.26499
2.99733
1.79952
2.64699
2.8859
1.30754
3.33249
0.909915
3.13963
2.2887
3.58951
2.27062
2.21717
3.6913
1.56022
2.14125
2.70901
1.97158
3.02648
2.69266
2.15416
3.06767
3.37334
3.23658
2.92721
1.14602
1.01533
2.95465
1.84425
2.27533
2.82133
3.23237
1.82049
3.36624
1.93005
3.77136
3.3646
2.68394
2.81245
2.00861
1.82292
2.13593
1.56446
2.97147
3.1964
3.63203
2.58891
2.61479
2.67923
3.73448
1.29433
2.68029
1.74372
1.29256
2.99003
3.1253
3.14547
2.01501
1.70231
2.31784
2.67864
1.79823
3.38328
2.57518
2.72877
2.70605
1.11748
2.80014
2.22514
3.20655
2.27584
1.77898
2.97679
1.83614
1.98789
2.84392
3.27558
3.20855
2.32271
2.9952
3.24743
2.50217
2.12195
2.19066
1.4922
3.55241
1.4695
2.9186
1.06321
3.14055
2.93973
1.58109
2.32865
2.37362
2.68837
2.6236
2.50481
2.53565
1.43049
2.17034
2.61916
3.96633
2.045
1.67518
3.06957
3.32713
2.40925
0.503226
2.03663
2.34261
1.67442
3.20191
1.85359
2.09529
1.84786
3.26163
2.95113
2.80127
3.12439
3.08996
1.82421
2.09995
3.77248
2.70471
2.83538
3.64453
2.19087
3.31706
3.74556
2.63083
3.64813
4.15208
2.98738
2.70573
2.43907
2.22247
2.01075
2.76911
2.82176
2.562
2.36923
2.52274
3.83238
2.15906
2.46796
2.55396
2.28223
3.32794
0.821701
3.54354
1.30885
3.66248
2.25782
2.75512
1.1161
3.37774
2.02466
2.28771
3.09153
3.23611
3.30349
2.13693
1.3704
2.8533
2.63637
3.2278
2.01904
3.83801
3.7317
2.41736
0.627513
2.27732
1.12079
2.63784
2.05701
2.62255
2.1805
2.95585
1.21608
1.60505
3.29948
2.18366
4.24473
2.24729
2.64615
2.06271
1.5906
3.99975
2.61972
1.73882
2.09757
3.39438
2.80806
2.05337
2.43931
2.32867
2.02954
3.24537
2.68442
2.01991
2.81735
3.50065
2.60771
2.52378
2.58579
0.522881
1.98777
2.23221
1.80511
2.80864
2.84432
2.48358
2.46179
2.60596
1.39254
1.56487
1.7233
2.09475
3.36125
2.02989
2.49388
2.38716
3.00398
3.03953
2.78869
1.42535
1.80624
2.20761
2.32756
3.22874
1.42439
2.82185
2.30946
1.51099
2.94745
2.49262
0.910759
2.57438
2.51996
3.4337
1.45494
2.53831
1.6935
3.48353
2.82441
2.12426
2.95918
4.06105
3.21205
2.67445
2.9876
2.3854
1.70484
2.65723
1.98741
2.08804
2.59045
2.75039
1.87621
1.69411
4.44208
2.65807
2.39074
2.31408
3.04075
2.97342
2.88544
1.79578
1.34511
2.12974
3.07313
2.43353
1.57831
2.41134
2.95124
3.75422
1.59155
1.75183
1.79499
2.32055
1.66958
2.23677
1.97292
1.75571
2.95239
1.49629
2.63674
2.23605
4.55052
1.64678
2.30836
2.33646
1.65678
1.90734
1.83964
2.7301
3.47652
1.81249
1.57632
2.26301
2.71596
2.55656
2.76726
4.11061
2.73873
1.65
1.65168
1.75841
2.78333
2.90144
3.09896
1.4743
3.47924
1.61426
2.49029
1.82304
2.07768
3.11395
3.29529
2.36246
3.64274
3.71606
2.71656
3.24214
2.2055
2.07668
3.50824
2.72993
1.84929
3.70498
2.83809
3.08216
1.71539
3.0218
1.3124
2.30935
3.56164
1.16034
3.13419
2.06145
2.88199
2.67715
1.72354
3.12789
2.35601
2.65237
1.22272
2.84429
2.98662
3.46118
2.21998
3.42715
1.82371
2.47339
1.72454
2.6744
3.59482
3.06433
2.97655
2.46505
1.5278
3.91591
2.23663
2.69814
2.77662
2.63096
1.34942
3.25458
3.52073
3.66615
3.2423
2.83101
3.18571
3.04558
1.58076
2.81738
2.57938
2.02952
2.34043
2.23488
1.09925
2.20236
1.82184
1.86798
1.37911
1.99736
1.40991
0.879585
2.69699
1.99812
1.73023
2.39602
4.6701
2.98128
2.94554
2.93143
2.36772
4.06296
4.16218
1.74997
2.89073
3.06912
2.40716
2.68093
2.10736
2.14637
1.88753
2.44627
1.83288
3.61902
3.05852
3.18721
3.39178
2.07627
2.13086
3.93064
2.24112
2.20347
1.45389
3.44378
2.8289
2.60379
3.19587
1.74993
2.14874
4.60954
2.58399
2.20202
2.5264
4.27186
3.7471
2.85154
2.0488
2.42097
3.08055
2.12316
2.59031
2.82659
2.82943
2.50029
1.78905
1.70558
2.54641
2.24221
1.54985
0.643389
1.38589
2.07252
2.50606
1.91579
1.62038
1.46695
3.14396
2.66067
2.09491
2.67507
2.4787
3.99966
2.34293
2.42568
2.72731
2.69776
2.08186
2.97611
1.94115
2.43458
3.62631
0.846322
3.63793
2.87101
1.38732
1.51942
1.90412
3.07549
1.76006
2.03037
1.88915
1.8042
2.64152
3.01399
2.34926
3.37887
1.8895
3.08396
2.21135
1.94345
2.9433
3.07168
2.74006
2.67527
1.31025
1.73262
2.4608
2.37986
2.30024
2.6455
2.67285
1.25934
0.747198
1.75916
-0.513
3.15012
0.849143
1.7632
0.816696
3.02373
2.02761
2.82087
2.41183
4.38063
1.70618
3.17513
3.34144
1.29983
2.64202
4.33701
1.33123
1.81362
1.08366
2.18825
2.92121
2.70779
1.9854
2.30753
2.69949
2.20615
1.73786
2.91667
1.87863
2.34961
3.39281
3.53888
2.39501
3.73031
2.56852
2.90248
4.13211
2.04401
2.76182
2.50846
2.43618
2.58275
3.29739
1.1868
3.17929
1.02486
2.84254
3.72957
3.2599
1.98963
2.68396
1.06029
2.62206
1.46073
1.99493
2.80337
2.8785
1.67074
1.83276
2.70224
1.44553
2.08312
0.724543
2.47827
1.99006
2.76658
2.09377
2.31903
1.74732
2.18006
2.5975
3.53662
1.59887
2.22903
2.01532
3.58064
2.11085
3.13746
2.08262
2.10738
4.33399
3.35801
2.9008
2.03102
2.57027
3.19242
1.8706
2.11641
2.34363
1.66091
1.21446
1.5104
1.78309
3.14672
2.59972
1.75894
2.40391
2.24162
3.22452
2.65345
3.35782
3.43964
2.38264
2.67711
3.3624
2.78557
4.78902
2.69591
2.27368
3.69285
3.67118
2.23877
2.5135
2.4914
3.02231
2.15698
1.03138
1.43753
3.27396
1.71963
2.9436
4.11206
1.93034
3.46164
1.76457
2.4129
2.86547
1.80509
2.50635
1.63829
1.32858
2.90548
2.21076
3.16181
1.90981
2.23513
1.83442
3.69789
2.04937
1.92687
2.45189
1.69662
2.47273
2.53846
2.2721
2.68124
1.93609
3.61434
2.01192
1.89097
3.17087
3.35117
3.40869
3.04024
1.29999
2.64619
2.1081
1.63029
2.69217
2.78304
2.60817
1.85675
2.86417
3.09028
3.24856
3.07238
2.48631
2.49921
3.34355
2.21683
2.30062
2.06236
2.12064
3.07777
1.50602
2.52099
2.80106
3.05145
3.431
2.46015
3.81807
2.56661
4.57144
3.57352
1.64918
1.71198
2.79728
3.46073
2.1996
2.24418
3.08829
2.24885
1.96715
2.30827
2.77104
1.67589
1.93011
2.88858
1.29819
2.15469
2.72369
3.30503
4.2699
1.91743
2.45386
3.18854
2.98126
2.29571
2.01832
2.88034
2.51839
2.20695
2.34934
2.49476
1.82025
2.24076
3.04817
2.11931
1.91626
1.20265
3.09491
1.85758
1.14625
2.58981
1.65168
2.1437
2.57576
4.54549
1.70309
2.89483
2.25693
1.83197
2.4417
3.54295
3.6642
3.03466
2.33929
2.17785
2.90219
2.94332
3.53101
2.18673
2.62302
2.94682
3.51406
3.61306
1.51823
2.52461
2.24363
2.63309
2.99017
1.9649
3.21159
2.0674
1.18957
2.37086
1.34989
2.05311
3.62523
2.49342
1.08009
3.39702
3.79115
0.906922
1.5722
2.17749
2.30744
1.42414
2.13248
1.64511
1.23259
3.38087
0.795997
1.95817
1.80402
1.4905
3.01764
1.18947
2.10978
2.95645
1.45569
3.28402
3.81052
2.42686
3.46334
1.84788
2.3193
1.86786
3.06549
2.60047
3.54813
2.91075
1.50442
3.34675
2.83026
1.83896
3.34409
2.42426
0.602392
1.73235
1.38292
3.69201
0.939702
1.93536
2.36824
2.56816
2.85071
1.55468
2.54295
3.18917
2.40219
2.96149
2.35785
2.25418
2.28682
1.70212
2.71811
3.12775
2.72328
1.63645
3.60236
2.10417
2.65179
4.14179
1.85657
0.990625
1.34391
1.47681
2.54052
3.92165
3.2701
2.07915
1.46986
3.10602
3.05583
2.73031
1.61653
2.96661
2.21965
1.40663
2.47946
1.52718
2.72608
1.86144
2.99047
2.29153
2.02226
2.25456
1.23614
1.85919
2.6081
1.9414
2.91263
1.35845
3.86762
1.79686
3.43091
4.5087
3.15898
2.88025
1.07536
3.66592
2.65922
2.45225
3.13127
1.30032
3.35301
1.77606
2.90258
2.06276
2.34548
2.8286
1.86598
3.47964
1.93463
2.30288
3.93788
3.58635
1.83174
2.75208
2.53595
1.84369
2.76737
3.54928
2.38024
2.70968
3.79593
1.11843
2.64223
2.79798
2.82252
1.54969
3.05342
2.50628
0.856256
3.14051
2.0743
1.78613
2.15611
1.78264
3.09539
3.24598
2.49172
2.80147
1.83587
2.73894
0.979017
2.63418
1.41809
2.85996
2.28501
2.90854
2.8446
2.87492
2.76316
3.00478
1.66699
1.79074
3.30655
2.08822
3.30451
2.75636
3.13983
2.19303
2.2492
0.110356
1.75572
1.16987
2.64858
2.97086
2.41421
3.09739
1.4905
1.70091
2.8456
2.28255
2.05018
1.99944
1.34146
1.56566
2.51147
3.21968
3.46295
1.65121
2.33641
1.4984
2.86257
2.49699
2.16361
2.88943
4.00897
2.3417
2.91427
2.0351
2.73338
2.62319
2.39534
2.72682
1.9129
1.68834
2.01514
1.43742
2.05054
2.71061
2.12367
2.8874
2.48002
1.27706
1.9068
2.89442
2.86099
2.62628
2.8246
3.23782
3.18059
2.86719
3.16495
2.93849
1.07086
0.46314
2.56836
2.30332
2.24052
0.827604
3.14761
3.24221
-0.0415864
2.62801
2.56643
2.8741
3.05102
3.25692
4.41413
3.35964
1.38829
2.84372
2.53733
1.39483
0.186815
2.12134
2.85264
3.08808
2.87914
1.8991
1.6122
2.96978
2.32936
0.675304
3.00663
2.93878
1.78635
2.67866
3.2872
2.57904
2.02141
2.36896
2.82776
2.98038
2.72012
2.24005
3.7213
1.18205
2.54972
1.82457
3.57301
2.14073
4.15172
2.04116
2.96495
2.39502
2.55168
2.46464
2.79768
3.1009
3.09451
2.71755
3.30253
2.80045
3.02545
2.53537
0.830327
1.81938
2.35098
1.44071
4.0319
2.34249
1.35658
1.86268
3.47785
2.57644
2.73992
2.55065
1.31889
2.70806
2.6045
2.13995
2.51014
2.75837
1.46385
2.41221
2.96142
2.65199
3.58559
2.9734
3.05557
3.49075
2.15793
1.47847
1.69473
3.16533
4.10476
2.56383
2.06106
3.35096
1.78857
1.5797
3.15226
2.33347
3.51129
4.29478
2.09334
3.24312
3.17197
2.33302
3.166
0.740528
2.85095
1.84165
2.95951
2.82357
3.24851
0.856242
1.98482
2.88739
2.43079
2.81444
3.37532
2.46108
2.43
2.67408
3.96282
0.964252
2.67648
2.69628
2.16882
2.12146
1.32513
2.81252
2.74589
3.13615
1.60706
2.44731
2.06607
2.66045
4.15333
2.3441
2.89737
2.76036
1.80875
3.47435
1.93849
3.00155
1.83753
2.50384
1.9239
2.18928
2.35609
3.13933
2.93496
2.8696
2.22529
1.12242
0.982765
2.98784
3.34771
1.42663
2.98396
3.31286
2.59308
2.71807
3.04128
1.12178
2.21573
2.19167
1.8889
1.2877
1.84139
2.45802
2.38584
1.7644
1.0342
1.98271
2.61163
1.99531
2.59272
2.94209
3.00187
2.2101
4.21588
2.45332
2.43231
1.46632
2.49974
2.05311
1.48223
1.90936
2.59772
3.46278
3.57679
3.23598
1.81006
2.39055
2.22721
2.25711
3.03856
2.85492
2.21428
2.98285
3.4229
4.04912
3.10998
2.30541
2.27941
2.2544
2.75075
1.68494
3.02004
2.08174
2.34904
1.70909
1.68879
2.12878
1.79927
1.93302
2.99103
2.09943
3.89376
2.55003
1.74903
2.59674
3.69914
1.73789
1.98965
2.68237
1.34283
3.32986
3.06604
0.717454
2.40624
2.57617
3.47626
2.88199
3.33492
1.94544
3.1957
2.6489
2.0897
2.4025
1.82889
3.02875
3.69293
2.70148
3.75265
4.07771
2.4454
3.52804
2.50901
2.57896
1.35025
2.46456
1.10629
1.83449
2.65917
2.82736
2.14174
0.185925
3.13652
1.25407
2.64114
3.74896
1.44519
3.21915
3.64939
1.59121
2.04516
2.10893
3.75662
2.65633
2.43036
2.8356
2.41455
0.862656
1.11739
2.4005
1.22123
2.19696
3.27618
3.26335
3.62537
1.79618
2.59423
2.23374
2.52318
2.6073
3.16398
0.564833
3.3696
3.17762
2.61915
2.45782
1.33996
2.51774
1.96669
2.43392
2.4435
2.85964
2.08558
2.79153
2.3493
2.55658
1.83241
0.493434
3.51323
3.13319
2.29294
4.15953
2.08553
2.86523
2.25485
2.36738
2.93779
1.75987
2.04274
3.63093
2.48218
3.17125
2.21929
2.2945
2.23185
3.06612
2.91926
1.44976
2.49146
2.59228
2.01765
2.27947
2.65479
1.34635
3.05027
1.9292
2.27098
3.55158
2.26593
2.21584
3.24472
2.69847
1.41491
2.23504
2.09813
2.00435
1.51078
2.98562
1.87955
2.04901
0.921354
2.11966
2.86846
1.64637
2.57096
1.89118
1.934
3.61933
3.44744
1.46081
2.30395
2.24388
2.13528
3.50183
2.78973
3.06733
2.62645
2.94804
1.75514
2.84886
3.92831
2.86713
4.04966
3.32679
2.64623
2.7276
2.67735
3.31743
2.79711
1.47401
3.28677
3.64183
2.82873
3.18167
2.40276
2.2866
2.70547
2.39748
3.17239
1.29047
3.67298
2.05517
2.29813
1.52584
2.97868
1.68373
2.80905
1.27712
3.43237
3.41507
3.57746
1.73962
2.09571
1.90123
2.18665
2.47925
1.4246
3.61285
3.63556
2.64925
2.68506
1.10153
2.47103
3.27989
3.16992
1.72964
2.56949
2.48599
3.16879
2.71405
1.27841
1.5663
3.25621
1.00104
2.19118
1.99699
2.14334
1.85162
1.78728
2.40195
1.60423
2.61368
2.38332
1.54447
1.51994
2.14465
2.14837
1.9196
3.08182
2.75226
2.6582
2.54439
2.17799
2.75363
2.19754
2.31919
2.73666
2.58316
2.71288
3.45537
3.73366
2.74234
2.13854
3.77099
2.06702
3.30727
2.37429
2.68639
1.79148
3.91376
2.33571
2.98917
2.4204
2.9275
2.07064
1.10396
2.22557
3.2634
1.67081
3.67967
3.40872
2.81752
2.66057
2.68257
2.23995
2.07848
1.83489
2.24594
3.56845
2.25936
2.01052
3.98117
1.41904
2.96743
2.04398
2.29759
3.30177
2.9793
2.8617
3.50907
2.89387
3.28347
1.95889
1.53494
3.56547
1.66696
2.46732
2.38928
2.06444
0.631572
2.70658
2.22755
2.51358
1.70907
3.49766
2.89863
3.3773
3.52808
3.33291
2.39551
1.07914
2.99634
2.5218
3.39638
1.10051
1.9137
2.46271
2.63601
3.5009
2.27135
2.6053
2.53817
2.18833
1.2898
3.046
3.43278
1.81086
3.04874
1.31453
1.83703
2.19204
0.27192
2.5904
2.22149
2.61948
1.19581
3.78519
2.70847
1.19356
3.44722
1.87059
2.14915
3.72227
0.93817
2.3197
1.78594
1.84284
1.89991
1.52161
1.87764
2.5006
0.962916
2.34523
3.55525
2.84754
2.01859
5.34046
2.36364
1.76069
1.59798
1.49336
1.86667
3.48472
2.57749
1.40733
0.464766
2.30116
2.18213
3.03141
3.68929
1.96784
2.97516
2.29763
0.568645
1.6832
4.05592
2.43311
0.977324
2.84401
2.50501
2.69586
1.95526
1.4705
2.28277
1.3004
2.13711
3.10013
1.62305
3.43622
2.26701
2.43152
1.9059
2.76337
4.04049
1.33282
3.53651
1.93646
1.91794
2.86026
3.06834
1.62897
3.2722
2.03704
3.31333
3.83279
2.51584
1.55115
2.44396
2.63722
2.72466
1.84187
2.41824
3.25395
0.858255
3.58666
1.75661
1.96279
2.22291
2.00431
0.896301
2.87228
2.0784
0.854317
2.7137
1.72837
3.96568
1.90136
3.20105
3.49444
2.85947
1.65495
2.5702
1.68182
3.27261
2.69128
2.30908
3.79934
2.66088
2.00052
3.38224
2.11891
1.96654
2.39839
1.76906
2.94296
2.6552
2.35136
2.73173
1.51388
2.17856
1.99545
2.38638
3.168
2.56593
3.17591
0.777186
2.86996
2.02876
0.370534
3.21329
3.74449
2.67699
2.92777
1.36239
3.71096
1.3079
1.86192
3.12587
3.54277
2.27205
1.99323
2.32408
2.47232
2.2591
2.93214
2.53194
1.83868
2.41695
3.05753
2.64636
2.28697
3.22892
3.53887
1.56576
3.02093
1.76971
3.10895
3.01023
2.10265
1.06137
2.20885
2.19338
2.04196
3.44451
2.74701
2.51881
1.69478
3.18295
2.75873
2.91277
3.63915
3.63228
3.27337
4.09331
3.82754
4.98337
1.70066
2.36649
3.20569
2.6103
2.60173
1.55594
1.44939
2.60345
0.545766
2.48524
1.88991
2.61741
1.7453
2.33311
1.70888
2.76023
2.26692
1.2202
3.29316
3.67385
2.12786
4.13074
1.95979
2.00994
3.15836
3.11413
2.26879
2.00238
2.23049
3.60516
4.40057
1.90438
2.46525
2.42078
0.654236
0.717739
2.49828
3.10108
1.87278
2.73142
2.96425
2.34555
3.04266
1.9468
1.6415
2.58881
3.38856
2.17242
3.58242
2.46907
1.99175
2.79847
2.50607
1.7046
3.04606
2.4354
3.03129
2.53355
1.75006
2.26508
1.82882
3.52212
1.27487
3.53944
2.67166
1.44504
1.93135
2.71217
2.34257
1.99658
2.70206
2.95647
3.03788
2.40268
2.89605
2.71182
3.25595
3.13403
2.37698
3.17888
3.02297
3.27708
3.09658
3.53779
1.01477
2.63569
2.62553
2.71873
2.58247
4.23551
1.33901
2.39518
2.49361
2.98647
2.23762
2.22724
2.986
4.53844
2.47961
3.38207
3.12779
1.68621
1.24634
1.62651
2.23073
1.92009
2.85843
2.82268
2.33355
2.1648
1.48883
1.97213
3.38618
2.99994
2.86593
3.6405
2.69026
3.21799
1.89486
3.3385
3.15877
0.24118
3.54296
1.83505
3.57592
1.76526
3.49434
1.19781
2.3992
2.08568
2.35178
2.20478
3.96045
1.6346
3.28833
2.26921
2.44593
2.84854
2.28488
2.45257
2.28933
0.861635
3.54907
2.77449
2.30159
2.98384
3.81868
2.32233
2.54232
3.01151
2.29252
2.76961
2.14747
2.10642
1.48498
1.58472
1.74055
0.64919
3.40194
1.78604
2.57664
2.87422
2.80813
2.70094
2.55614
2.86405
2.04993
3.60593
3.09862
2.35136
1.97281
2.59683
2.30994
2.5462
3.56761
4.71168
3.42116
1.4385
2.08595
2.11501
3.47219
2.15917
1.66864
2.32842
1.49602
0.99338
2.15051
2.67409
2.77708
2.36539
2.4261
2.16547
2.21203
3.11441
2.16111
3.16565
2.8951
2.62598
2.2206
3.48283
3.18687
1.00567
2.58871
3.60973
3.22516
2.22917
3.05248
2.76701
3.5863
2.46513
3.17342
1.19652
2.20184
2.15591
2.00949
2.86161
2.67252
2.39559
3.5249
1.50969
2.21944
3.22927
2.70267
2.44867
2.71532
4.09505
2.788
1.91565
2.87778
2.42014
2.00898
3.94025
2.99051
1.49961
3.50459
3.77709
3.65375
1.97043
1.74014
1.13537
3.45004
2.92933
2.43539
1.97531
1.84944
2.03716
3.24272
1.60188
2.87556
1.14166
1.46762
1.85899
1.48898
2.2516
2.28117
1.99051
1.66515
2.47301
3.1909
1.49911
4.33231
3.15332
2.51232
1.93616
2.54811
2.90605
2.96768
2.10227
3.01431
2.10366
0.861033
2.35451
2.27105
2.80866
3.36626
2.41242
3.5369
2.82107
1.99846
3.14916
3.16877
3.42682
1.23313
2.33979
1.48187
2.4314
1.27499
1.26761
3.18639
3.1267
1.04383
2.74957
1.55609
2.80001
2.09595
3.32707
1.74518
3.347
2.08585
2.98391
2.44307
1.70841
1.78959
3.34203
2.10168
1.85582
1.18224
2.50441
2.31549
3.20144
2.65258
2.0282
1.94417
1.97403
2.82634
1.71329
1.64707
2.87238
2.18954
2.11686
1.61905
2.4757
2.04111
2.59976
0.921058
2.18543
2.2158
2.13427
1.64481
2.4271
2.51915
3.17406
3.01043
2.87321
4.04388
2.57217
1.73471
1.94803
2.65298
1.91576
2.62762
1.556
1.95493
2.31225
2.65575
2.04362
2.732
1.16538
1.71666
2.39417
1.57963
2.54742
1.56915
3.81616
2.5054
3.66731
2.28883
1.07222
1.46125
3.28404
2.35893
1.32797
2.8002
2.82818
1.51578
1.40622
1.71793
2.66234
2.53801
2.82177
1.72153
2.81371
3.52081
4.5645
3.21048
2.68849
0.695788
2.58039
1.81058
1.76671
1.16924
2.15078
2.09727
2.45656
3.11349
2.52752
4.34972
4.08124
2.64014
1.81301
2.92943
2.45307
3.2151
2.10784
2.69325
0.31005
3.55465
3.04666
2.63267
2.14292
1.44889
3.04292
3.60949
2.49069
2.66649
3.51651
2.11763
2.22163
3.15922
2.54721
2.01825
1.11185
3.27122
1.83354
1.83807
3.34227
1.91278
1.6928
3.52259
3.7233
2.82636
2.90673
3.2289
2.25837
3.36405
3.42669
3.12171
2.53365
2.45925
2.63519
1.87632
1.79362
1.40049
1.06269
2.81792
3.12488
2.02555
3.12697
2.58087
4.20941
1.91378
3.65687
2.38772
1.55581
3.75441
3.00404
1.06659
2.78875
3.91719
2.66041
2.64776
1.921
3.17696
2.34314
1.86084
2.61768
3.0655
2.06891
1.53638
2.54149
2.47394
3.1503
1.72297
1.73677
1.83348
2.19819
3.93035
2.39093
2.79333
2.51416
3.7731
2.53941
2.023
2.6105
2.87453
3.05869
1.80575
1.98521
2.06031
1.29132
3.15693
4.53305
1.78126
2.55091
2.6948
3.06668
1.77868
3.68098
4.75247
3.1606
3.53521
2.35699
2.43279
2.73169
2.23375
3.73482
1.43244
2.78074
2.31761
3.0463
2.12137
2.47165
2.94677
2.71394
3.68705
0.70474
2.46448
1.23432
3.58378
2.4556
1.88389
2.48426
2.5243
1.46933
3.12869
2.46509
0.79817
1.83964
2.53612
3.16644
3.13467
1.49175
2.47779
2.95208
1.89936
2.41816
1.20971
2.93908
2.53124
2.67534
1.6647
2.94569
2.01273
1.60875
1.56704
1.57275
3.36124
2.47463
3.14307
0.362097
2.4996
2.61754
2.00832
1.78357
2.52028
4.3576
3.03514
3.13191
1.28131
1.47591
1.09588
1.0064
2.51483
2.68073
2.64208
2.77201
1.45137
2.00348
2.85802
4.371
2.73474
2.87524
3.29351
2.86343
2.68927
3.21884
1.84967
3.17792
1.96361
2.98552
2.73736
2.69318
2.44345
2.93138
2.56146
2.83464
1.49131
2.84078
2.42409
1.18031
2.8983
2.07729
2.57977
2.25656
2.21066
2.13625
2.84806
2.03078
3.37484
1.66171
2.84987
2.99942
2.2156
0.675693
3.00212
1.28025
2.1623
1.50684
1.07844
2.54894
2.42949
2.01245
3.60958
1.57463
2.7264
2.35864
3.10152
4.14146
2.89354
1.80193
2.05304
1.49135
3.08213
1.88246
2.40829
2.22488
3.27462
3.56122
1.75613
3.11562
2.28716
2.26649
2.56703
1.58094
1.82299
2.41238
4.02772
2.74619
2.4329
3.14629
1.53697
2.12136
2.96596
1.84317
2.68115
2.87536
2.80071
3.87801
2.49287
2.30329
1.70361
2.00311
3.38078
1.90549
3.16816
2.06073
1.90269
2.64934
4.61653
1.91193
1.77781
1.82518
3.75214
2.09255
2.15951
3.20555
2.02145
3.35569
3.19198
1.87944
2.30145
1.97796
2.66222
2.89474
1.27477
2.19149
3.71075
2.29705
1.81612
3.21542
2.11332
4.3117
2.13264
2.46795
4.56486
1.46318
4.20626
4.38959
3.56116
1.86345
2.76842
2.72974
1.99395
1.60599
1.85663
2.70089
3.52214
2.23608
3.54432
1.28869
3.18596
1.79441
3.44114
2.21716
4.49005
0.846184
2.30578
3.22834
1.41604
2.70455
1.84501
4.19495
4.12012
2.1487
2.16904
2.22193
1.50093
2.81502
2.8029
2.03935
3.33156
3.67007
2.14497
2.58236
2.40318
1.42933
2.8192
3.05707
1.75345
2.66365
2.89925
2.26251
1.8633
3.01317
1.47187
0.924784
3.3255
2.36538
2.8856
2.42803
2.34399
1.92431
1.66447
3.03718
2.15507
1.84866
3.65435
1.96356
2.77042
2.19217
2.1597
3.77042
2.33016
2.18952
1.0659
1.50776
1.15141
2.32684
3.25177
3.4819
2.64271
2.24566
1.24278
2.4306
1.71908
2.90492
2.27122
3.43189
2.89318
1.21811
1.90064
2.63651
2.87693
2.68992
3.00929
2.1854
3.3384
2.59212
1.37233
2.6426
1.84917
1.99791
2.52099
1.33386
2.58281
2.18623
1.9327
2.90581
2.04297
0.840172
3.71691
1.80694
1.58889
2.18484
1.88949
0.63736
2.5985
2.42489
2.11905
2.18286
2.71558
2.37886
2.09339
3.96259
3.23711
2.52502
2.4639
2.3646
3.83081
2.97464
2.52871
1.17353
2.97118
1.47612
1.7623
2.46435
1.3813
2.2661
3.57691
2.82745
0.594982
2.24103
2.13824
2.29813
1.59907
2.52387
3.30381
2.43872
2.84254
2.15055
1.85177
3.14921
2.37149
1.89541
2.86131
0.896696
1.40176
1.97528
2.16974
3.12751
3.11479
1.89122
1.78114
3.8076
2.1322
1.98755
2.55196
0.953933
2.38244
2.60479
3.0403
0.60986
2.6203
2.01372
3.1229
3.48103
2.76796
1.24477
2.0422
3.43294
1.5093
0.247327
1.32852
3.56897
1.84759
0.990583
2.52601
2.06278
1.98904
3.30084
2.00613
1.40002
3.0218
2.93396
1.71575
1.93484
2.52637
3.08055
2.4691
2.50895
2.36828
0.373611
2.17373
2.93135
2.00683
3.64764
1.73588
2.83782
2.67618
2.19276
1.5004
2.33384
2.56443
2.68942
3.39067
3.84455
2.05188
0.809272
2.32564
2.74118
2.15778
3.55805
1.57411
1.58283
2.84253
2.72001
1.75574
3.19369
2.65992
2.21121
1.84615
3.03072
3.75714
4.04604
1.3551
2.94953
2.45357
1.03133
1.57032
2.47093
2.62036
1.96346
1.83894
1.47249
2.38187
2.4207
1.32634
3.57278
2.09192
2.43707
1.58298
2.56717
2.35363
1.55973
3.8152
2.12679
3.45882
2.35056
2.84036
0.826861
2.28126
2.28012
2.19735
2.36002
2.70206
2.306
2.03951
2.55164
4.24579
2.65683
1.25668
3.04645
3.90062
1.96226
2.07467
1.63819
3.18344
1.86531
4.24877
2.34311
2.66558
2.42698
3.45295
3.30743
2.84282
1.725
2.0265
1.88497
2.04625
2.37106
2.64573
3.22214
1.19828
1.84738
2.4368
2.5599
2.84788
3.16307
3.48074
3.59084
2.16515
2.7674
1.53836
1.1852
3.46536
3.46476
1.05167
1.81652
2.128
3.76563
1.95743
3.97923
3.18588
2.90606
3.15484
2.42367
2.35844
2.37149
0.677748
2.69084
2.83138
3.38485
1.83123
1.96656
1.2575
2.88876
2.16197
3.66024
2.94666
3.6919
2.85873
2.71927
3.40336
1.87608
1.94196
2.40989
2.25395
2.24048
1.30263
1.93181
2.70421
3.88046
2.94637
1.77247
2.37117
3.06908
3.0156
1.43236
2.2657
2.62156
1.42833
2.27794
3.2021
2.23484
3.30565
2.09229
2.48465
2.94249
3.3709
2.36455
3.59527
4.32503
1.70502
2.76986
4.49465
3.33962
2.16083
2.53009
2.72093
2.52958
3.21358
2.67192
2.51654
2.6518
2.60028
2.64735
1.71162
2.35007
3.05365
4.00083
2.82253
3.33452
1.61754
1.80814
2.24213
1.11683
2.37277
2.08677
2.16766
2.18804
2.15503
2.78459
1.71299
3.79087
3.25636
4.71642
2.64927
1.84163
3.25626
3.22096
3.49507
2.73887
1.76458
1.87208
2.98785
2.5293
2.47308
1.87506
3.28271
3.27406
2.43727
1.7631
2.0907
1.81435
3.57016
3.20046
2.94199
2.87845
1.35683
1.04004
2.73497
1.63724
3.31187
1.12513
2.04938
3.55332
2.49405
2.21595
1.94963
2.08754
2.40578
2.60209
1.69653
2.61449
2.42262
3.15566
3.99378
2.39404
3.78533
2.94422
1.77741
4.07879
2.79925
2.63936
3.32583
2.91816
4.53098
1.91912
3.06125
3.91495
3.70796
3.51274
3.49414
1.57704
2.30823
2.38399
3.19966
2.44098
2.42886
3.03894
2.87999
4.08451
2.38223
3.58122
2.09282
2.75335
3.35008
1.74543
2.90217
4.2528
1.99658
2.2131
2.87202
2.06706
2.56445
1.91741
2.17251
3.49955
2.30348
1.44946
3.46949
1.56736
2.90495
2.8152
1.37702
2.97694
1.43098
3.49
2.69012
3.1472
2.66564
2.0461
2.67275
3.01885
2.2488
2.71044
0.952081
2.82273
2.93998
2.07373
3.68786
3.25416
2.02483
3.40659
1.78561
3.89027
1.94173
1.1361
2.01021
2.65991
2.19286
2.85542
3.83372
4.03397
2.69716
2.39374
2.19887
2.44322
2.9956
2.36404
5.50179
2.97422
2.67592
3.64374
3.32469
3.53397
2.59435
1.88694
2.96433
3.00527
2.37362
1.19648
2.48913
2.1652
1.52388
2.19141
1.2149
2.89663
0.00735623
2.52646
1.51415
3.2765
3.07782
2.43086
2.77539
1.71078
3.39367
1.44973
2.60504
2.3792
1.98135
2.59493
0.774392
1.52159
2.77078
3.8099
1.85288
0.0249324
1.78925
2.18496
2.50923
2.58668
4.24592
2.9908
2.15553
3.20733
2.37233
3.64716
2.83279
0.854712
2.73383
3.57216
0.373349
2.7309
2.1701
1.94126
1.48947
2.27245
1.63767
3.19902
1.43273
1.01895
1.35672
3.48683
2.9495
3.06467
1.70043
2.95127
2.39648
1.86245
3.55414
1.63301
2.0019
2.32912
2.13003
2.37497
2.38723
2.13013
1.77941
2.26742
3.47517
2.11432
2.0762
2.8773
2.0568
4.7874
2.80161
1.38366
3.4076
1.92891
2.26757
4.57606
3.43446
2.49049
1.85489
3.21781
1.43558
2.71142
2.45694
2.25592
2.54111
2.40768
2.821
3.14106
3.52393
2.44105
2.59171
2.63261
1.73038
2.55648
1.99634
2.24619
2.78582
3.21994
2.29078
2.37245
2.7568
3.29446
2.96088
2.84901
3.66288
2.12593
1.98138
3.08139
2.11225
1.7231
3.37928
2.54544
2.57365
3.15557
0.799248
2.30965
2.20073
3.45206
2.65974
2.14047
1.40548
0.178905
3.15571
2.72068
2.59899
3.18877
1.64584
2.77258
2.15702
1.92941
2.20083
2.94724
2.11934
2.22003
0.994457
1.86814
2.2697
2.21064
1.05165
1.51334
3.46464
1.45344
2.36105
1.7602
1.68721
2.29483
3.06819
2.85406
2.7042
2.24807
2.04189
3.44323
2.01197
1.92528
2.39449
2.21741
2.10254
3.20206
3.56363
2.58574
1.72419
2.43204
2.46158
2.18547
2.73665
2.64444
2.17419
2.16671
3.14763
4.72344
2.6427
2.05147
3.3469
1.12831
2.57627
2.78908
2.1388
3.21495
1.33146
3.04846
2.49054
2.51172
2.43101
1.96847
3.74315
3.74201
2.28194
2.59589
2.39637
2.48149
1.12052
1.66292
1.41458
2.45928
3.15895
1.20412
4.19678
2.6507
2.97079
2.70623
2.02729
3.81757
2.52915
1.76531
2.27877
2.9354
3.14882
2.91065
2.05068
3.84885
2.89858
2.70284
1.49591
1.26714
1.98077
2.08405
1.8273
2.33594
2.56517
2.81191
1.71337
2.76944
4.31695
2.92812
1.93977
1.84663
3.029
2.38178
2.45035
3.38006
2.12737
1.50322
1.99518
1.69598
2.92441
3.80894
3.16386
2.05837
3.52525
3.40808
1.8508
2.20771
2.51047
3.11579
1.92789
2.74634
3.95686
2.49814
2.71428
1.94973
2.52942
2.0469
2.24872
3.81605
3.16075
2.48043
2.40788
2.1749
3.03824
2.38196
1.97467
3.04215
3.27552
2.39883
0.753975
2.28051
2.04874
2.51365
2.41901
2.17765
2.2293
2.43195
1.93617
2.32605
1.84627
1.70956
1.84125
2.63253
1.2936
2.6178
2.70871
2.46805
3.09846
3.27679
2.11754
2.96286
3.57051
2.19329
4.45338
0.713534
3.48437
2.84768
1.24995
3.3888
2.26322
1.69859
1.35393
1.51108
2.10186
2.85058
3.60636
3.35512
3.72713
3.51997
2.72291
3.16375
2.7406
1.42617
1.62151
1.69336
2.10588
2.43772
2.99913
3.09717
3.03931
2.32621
3.02121
3.0255
2.87314
1.71023
2.32967
2.74801
2.78757
2.6488
2.71756
1.58134
3.45402
1.82245
1.16887
1.98366
3.31107
2.26852
1.91935
2.4386
0.417627
1.65424
2.08308
3.60482
2.74554
3.59798
1.13786
1.89867
3.32409
2.76272
2.27254
2.50038
1.98755
1.63084
1.77727
1.99605
2.58961
2.99301
1.83169
1.8984
1.36104
1.07729
1.51694
2.46516
1.96274
1.89365
3.1973
2.98485
3.18976
2.75958
3.35778
1.84869
2.90076
2.20813
3.8674
2.67093
1.89352
2.65504
4.1103
3.95183
2.93404
3.02477
1.78344
4.17858
2.4568
1.61312
3.96652
3.13886
1.86942
0.600547
3.71728
0.902436
1.97644
0.419958
2.81889
2.74249
2.96976
2.68497
1.3695
1.75866
3.00134
2.30389
4.05344
2.69959
3.01425
2.9925
1.77231
2.79808
1.27317
2.28185
2.59346
2.54108
2.98435
2.72101
2.15598
1.86171
3.59311
2.06131
1.12861
3.38653
1.60368
2.99397
3.08796
3.10697
2.49868
2.31109
2.61732
2.05276
2.06753
2.73622
3.49421
2.51156
3.22111
3.36858
1.63771
3.19499
2.63305
3.17784
2.21565
2.27963
2.45572
1.56329
2.07438
0.917039
2.73241
1.70172
2.79827
0.278604
3.05929
2.01372
0.797197
3.16391
2.03435
1.97399
3.2262
2.68863
1.39419
0.821462
3.1081
3.36251
2.19107
2.34616
3.30234
2.82963
2.54846
0.69118
3.8435
2.73016
2.84379
3.19502
2.66471
1.73725
1.32647
0.93041
2.7827
2.50754
2.02093
1.99394
3.9457
2.672
3.16399
1.83373
2.90067
2.02916
2.55774
2.85162
1.15538
2.72185
0.452179
1.76027
2.59871
1.9558
2.19703
3.79983
2.17223
1.94029
2.75779
1.67785
1.78774
2.51033
1.27497
2.5409
1.75507
3.97135
2.51007
2.42097
1.83469
3.38428
2.06588
1.70397
1.97648
1.78271
2.70556
2.2225
2.41986
1.49311
1.69823
2.12664
2.33909
3.30322
1.82128
0.765036
2.63669
1.25775
3.11512
3.04397
2.69028
1.98316
1.99069
2.84187
3.12793
0.836618
3.16302
1.3782
3.47849
3.15045
3.42314
4.08235
3.39824
3.69658
1.68525
1.56888
4.00427
2.91099
2.65715
2.78892
3.4691
2.95197
2.6436
1.06576
1.86899
2.02934
3.24033
2.16744
1.94497
2.83671
1.70507
3.53673
3.06712
2.49706
1.4212
3.77111
1.63074
1.65428
1.81236
2.07492
1.33842
2.45493
2.0199
2.68404
2.67162
3.84042
1.93121
1.54928
2.50711
2.11454
2.96149
3.21969
2.97696
2.06054
2.05594
2.16786
2.05649
1.82111
3.54295
1.41246
2.57091
2.3551
2.70871
3.19039
1.67364
2.17431
1.9685
1.89963
2.99251
2.66642
3.24845
3.01841
0.776144
3.60477
2.81257
0.516422
4.54471
2.15709
2.97979
2.94872
2.66361
2.9831
2.9956
2.80754
1.90275
2.75206
2.83968
2.57278
0.550627
2.83437
2.64841
1.69706
2.17211
2.01851
1.4912
3.54923
3.05743
2.37938
3.63844
2.17617
2.07529
1.09403
1.78592
1.3417
3.22968
2.28384
1.9374
1.43032
1.1265
3.49677
1.3367
2.22359
3.04708
2.73706
2.76918
1.51834
1.26953
2.91094
1.3757
1.17659
2.98918
1.6995
1.19272
2.68142
1.31984
2.68924
2.81155
2.22325
3.2308
2.8904
3.85108
1.5974
2.12957
1.88257
1.79076
0.789573
2.03578
4.11133
2.38435
1.45964
2.60141
2.04576
1.56187
1.99398
3.14541
2.62706
2.57995
2.05672
2.13799
2.8642
2.33911
2.267
3.31614
3.73568
1.5605
2.12161
2.92669
3.63436
2.65808
2.66489
3.73203
0.769603
2.64201
2.06361
2.60163
2.38444
1.69403
3.36492
2.42318
2.52656
2.59403
1.93353
2.23236
2.86203
2.11705
2.63751
2.85953
2.75441
1.86946
4.13335
2.14657
2.55006
0.820898
3.17328
0.99187
2.48625
1.60721
3.43462
3.15118
2.35944
2.35757
0.330593
1.91267
2.84777
3.80856
3.21407
2.04458
1.70465
2.9301
3.13892
2.53752
2.99315
1.73409
1.15545
3.17699
3.29286
3.63492
2.25311
2.77952
2.67947
2.16728
2.40182
3.62711
2.46773
2.65499
3.96505
1.34507
2.34219
1.2924
3.43426
1.01011
2.21114
2.76638
3.29646
3.63723
1.66181
2.27296
2.08224
1.82888
2.01924
3.80256
2.20453
2.55615
2.25155
2.53199
2.26065
2.31652
2.31461
2.11547
2.83854
2.84966
2.70467
2.58344
4.49131
3.01578
2.57274
2.43508
3.43787
2.5842
2.12413
3.45727
2.22857
3.40667
0.796378
3.98171
2.21105
3.49867
2.66296
1.54118
2.53674
2.23229
1.87184
1.8206
2.93007
4.0075
1.66951
2.53733
2.07069
2.5537
2.97003
1.12676
1.90002
2.7475
3.10251
1.5469
1.82454
1.68019
3.4806
3.66316
2.53517
2.13652
3.58414
1.63375
3.25896
1.89508
2.57174
2.03246
3.30848
1.57408
1.98394
3.31873
1.31947
3.1374
2.34526
3.61779
3.03266
2.71388
3.55778
0.821741
0.212564
2.96547
1.44695
3.09406
2.55219
1.84388
2.58626
1.79731
1.38881
1.78553
2.62995
3.68001
2.63847
2.98911
2.48081
3.50476
1.37224
2.63774
3.04649
1.73873
2.66791
1.86348
2.37324
1.17137
2.19714
2.8642
3.32514
2.6551
1.93004
1.31525
1.93237
2.13157
2.79062
2.9807
0.999592
2.64946
2.25397
3.59341
2.48901
2.32376
2.71878
4.23652
2.33535
3.46703
2.17297
1.35938
2.5688
2.91634
1.36771
3.74189
1.74812
2.40373
2.69545
1.47897
1.88515
2.1102
1.95072
2.64162
2.96162
4.2513
3.1465
3.77259
2.36821
1.45278
2.39099
1.85599
2.03421
2.59831
2.43536
3.47197
2.58493
1.98685
3.4919
2.64012
2.52569
2.42445
2.48741
2.37346
1.71855
3.11416
2.89473
2.92058
2.02411
1.89641
3.58682
1.39298
2.52789
2.22193
1.57359
2.08567
2.72934
3.27068
2.89678
3.66018
3.39391
2.76832
3.06713
1.19996
2.57963
2.45338
4.05773
1.53043
1.45663
1.48018
2.78864
3.12613
2.57208
1.75915
2.16507
1.48976
1.87685
1.36419
1.36006
2.41763
2.82612
0.0530056
1.86659
2.518
3.51409
2.53646
1.8802
3.91582
2.00018
3.4811
3.03935
1.34281
2.11843
2.19197
3.16091
2.33491
2.16808
2.05598
1.6583
1.94124
3.09466
3.94128
1.56723
2.6437
1.0853
1.75522
3.45734
1.86731
1.63662
1.53911
4.32664
3.35852
1.73212
2.93322
1.91372
3.40586
2.49858
2.93165
2.3092
1.93322
3.14259
1.68866
2.0862
2.6796
3.4337
2.7818
2.16521
2.85459
2.69057
1.43419
3.14139
2.5617
1.74952
1.75007
1.34697
1.91342
3.74505
3.25791
3.17084
3.25266
3.9142
2.32889
1.77359
3.28001
2.27465
2.27604
2.87211
1.23749
2.07684
1.94198
2.6067
3.32667
2.51174
1.31288
2.20897
2.36813
2.92787
1.96051
2.13696
1.99317
3.21332
1.82092
3.12444
1.39764
2.35438
2.26485
1.68219
2.6818
2.72515
3.77736
0.567971
3.60844
3.24055
2.8129
1.75167
2.65813
3.29765
2.52772
2.86127
2.3417
2.29435
2.02226
3.17372
3.08591
2.45463
2.92092
1.79014
2.37613
2.45486
0.206569
3.34055
3.64172
2.57194
2.43989
1.38206
2.16752
2.32605
2.4931
2.29928
0.980949
3.25656
2.62794
3.54404
1.92068
4.59891
1.57234
3.25039
2.27056
3.23219
3.45713
1.37702
3.50553
1.17508
2.07923
3.34388
3.80581
3.46085
2.61341
1.7887
1.57448
1.43682
2.96772
2.57715
2.33879
2.8755
4.10234
3.25193
3.75768
3.70315
2.33161
3.65196
1.82962
2.14775
3.1829
1.87631
1.99511
1.44908
2.84322
2.47254
1.60992
3.95239
3.54485
2.5396
3.03579
2.36729
1.96173
3.14173
1.32066
2.39922
3.11319
2.42752
2.00119
2.32083
2.63104
2.65643
2.67051
2.32266
3.54154
2.21428
2.07397
2.1394
2.05027
1.86471
2.95399
2.79489
1.61098
2.41785
1.69039
2.34454
1.35356
1.55055
1.67662
2.27604
3.85079
3.10156
1.74102
2.41173
3.15542
2.87233
2.3921
2.33896
3.72424
3.40388
2.53602
2.30658
2.22035
2.88031
1.62861
2.01296
2.29466
4.10595
1.36832
2.71724
2.28973
4.86316
1.86235
1.56524
4.1557
2.70911
0.599051
1.07687
3.10286
3.33687
4.25548
2.61912
2.80201
2.53474
4.25858
2.30419
2.07138
1.83646
2.78698
3.21705
2.00651
2.43248
3.85969
3.34584
3.16421
2.66404
2.16595
3.00528
2.88636
2.02487
1.3017
2.28982
1.67982
2.25352
2.26867
1.84774
2.78988
2.38184
2.83928
2.06436
1.71769
3.22138
2.27231
1.65542
0.867795
1.22256
1.30875
2.84347
3.41603
3.39844
1.80771
2.30625
2.94965
2.64073
1.21201
1.25244
2.49519
0.946693
2.55965
3.12827
2.62861
2.18481
2.03815
1.78967
3.57746
1.43315
2.06986
3.15201
3.51669
1.1383
3.01907
2.0236
2.26659
3.4284
2.35221
2.75845
0.29069
3.32867
3.21837
2.12888
1.55587
2.66368
2.85419
1.71556
4.02692
1.31221
1.67723
2.58906
3.38828
2.89823
2.45211
2.87309
2.97432
1.26855
2.57991
0.835832
1.10134
2.51769
3.82559
2.48477
2.33684
2.11089
1.86911
2.54202
2.91139
1.66419
2.39738
3.47161
3.37578
3.43901
1.94849
2.22387
2.34429
2.92806
3.31703
3.87641
1.11168
2.69199
1.2006
2.05648
0.751069
2.07028
3.14069
2.28728
2.69092
1.18493
3.73727
2.4449
3.16877
0.371062
2.38472
1.21006
2.92339
2.77268
1.94479
2.21241
1.38151
1.69389
3.54756
3.04857
3.07843
1.63912
2.49267
3.01278
2.59098
3.08497
3.01627
2.27053
1.40665
3.36752
2.67859
3.13554
2.54525
2.57376
3.06291
0.500715
2.51681
2.41205
2.12002
1.85346
2.23449
1.84476
1.66136
3.46819
2.60076
2.15505
2.59306
2.88516
2.77662
2.43852
2.3037
2.26281
2.03707
3.27826
3.1191
3.99003
2.67777
3.41357
1.47563
2.97161
1.41659
2.80551
1.72186
2.99225
1.89486
1.92285
2.4579
2.05575
2.93784
2.85084
2.45589
2.06589
2.77052
2.27246
2.47155
3.47555
2.75035
2.34335
2.92507
2.68021
3.2922
0.848689
2.79191
2.05774
2.38029
0.985999
2.07276
2.8162
2.15615
2.17286
1.81909
3.33154
0.742774
2.29903
1.98765
2.28804
2.26676
2.4376
2.35144
2.47776
2.79004
0.614045
2.9974
2.14054
1.68867
3.14776
2.18605
3.44749
1.71726
2.20778
0.614588
1.22075
1.53436
1.27566
2.40853
2.23818
2.99838
2.41048
3.00676
2.60176
2.6327
3.57715
3.67036
1.41014
2.97517
1.41297
3.96957
2.69607
2.80704
2.39023
2.63118
2.21962
2.70251
4.05037
2.85712
1.2365
1.64402
1.82902
4.72259
2.56598
4.18274
2.01175
1.32936
3.45772
2.64612
2.73659
1.97222
1.82928
2.83619
2.025
1.68871
1.79523
0.583323
1.54262
3.39167
2.243
3.23114
2.34156
2.87107
2.05369
2.25441
2.40085
3.24701
1.59933
2.06085
2.06784
2.98832
2.05709
2.66598
2.57873
2.95325
3.42732
2.04593
1.25852
1.66818
2.21497
3.02921
1.90611
2.72012
2.2547
2.62882
2.65651
1.72237
3.95813
3.15101
4.05589
1.19184
2.23934
2.33543
3.03427
3.13037
1.78597
2.29816
2.8109
2.35803
2.28134
3.63391
2.68241
1.86667
2.56591
4.18542
2.56341
2.52035
1.85884
2.55757
2.62152
1.3663
3.27606
1.94239
2.80579
2.29053
4.5596
1.48428
1.20492
3.93905
2.05182
2.68495
4.3773
1.68539
2.72987
2.04327
1.14696
2.54522
2.88603
3.17489
2.7194
2.65554
2.06889
3.13409
1.32058
3.03019
2.08658
1.4592
1.36745
2.58154
3.11119
2.90509
3.22336
2.64718
2.82562
3.05528
0.266369
2.41905
3.0672
4.3667
3.61107
2.47897
3.56115
1.972
2.33094
3.28452
3.02336
2.49899
1.46177
1.8606
3.8405
1.91847
2.36781
2.82766
3.50422
2.66149
2.52732
2.287
2.14646
1.40634
2.49848
2.11902
2.1646
2.3843
2.55
2.647
3.44538
0.64344
1.53475
2.71098
1.95135
3.42458
3.03956
0.897381
2.70445
2.09304
1.42962
1.97035
2.59836
2.12421
2.44758
0.950389
3.26272
4.16045
3.73602
3.57462
2.42729
2.26473
3.15231
2.19343
3.75457
1.95784
2.03725
2.40499
3.60703
2.32844
-0.782424
2.78661
1.94646
2.02624
1.22417
1.71939
2.206
2.46779
2.25918
3.14097
2.45866
2.46315
2.41216
3.50595
2.99868
2.59304
2.78084
2.97523
2.46741
2.51552
2.51719
1.60223
2.10734
2.86529
2.23405
2.91819
3.12596
2.1231
2.42903
3.87271
2.96941
1.83262
3.21321
0.288324
2.73089
2.07173
2.11098
0.702216
1.32534
2.54053
2.17977
2.45632
1.98299
2.3695
1.9984
1.94835
2.82289
2.23023
3.4386
2.52503
2.64401
2.81682
3.2746
2.17089
3.08829
1.84897
1.97239
2.42036
2.88094
1.16541
2.92527
3.21414
2.97372
2.39214
3.12939
1.9348
1.3045
3.23316
2.73088
2.98275
1.3594
3.43854
1.54032
2.13263
3.9627
2.75265
2.37402
3.1023
1.75666
3.00672
2.27278
2.34592
3.92793
3.61525
2.26788
3.29688
1.79893
2.08531
3.16915
2.93718
3.3671
3.64405
2.32467
1.81802
2.57843
3.65583
2.25581
2.11124
3.13251
4.02174
1.03725
2.56669
3.07291
2.69093
3.25878
2.3747
0.849671
1.42024
3.41402
2.02004
1.80528
0.876976
2.72769
1.62809
2.89368
1.06824
2.64982
2.68507
1.9501
2.03536
3.47225
2.8992
2.63232
4.72194
3.16646
3.28102
3.62509
3.70643
0.949249
1.57755
2.11303
2.0889
3.24014
2.72283
2.20958
1.30811
2.89664
3.83943
2.30266
2.91846
1.5535
3.25989
3.68429
1.88486
2.32656
3.16799
0.683006
2.82346
2.05239
2.30526
2.20057
3.05954
2.55081
2.05583
4.04767
1.77756
3.21978
2.24036
0.706643
3.44298
1.35258
2.50008
2.455
2.78949
2.79072
3.68996
2.71813
1.55768
1.67624
2.88917
2.52417
2.64253
3.68015
2.66947
3.15721
2.23707
2.49504
1.72751
1.60849
3.15936
2.4676
3.43756
2.45379
1.78815
3.23136
2.73602
0.501091
1.81943
1.66238
1.95342
3.24288
2.94418
3.29441
2.10583
1.37942
3.55476
1.26442
2.49193
1.69858
2.43387
2.321
1.90923
2.60674
2.75276
3.07714
3.30037
3.99505
3.20763
2.41959
2.4095
1.67859
2.67875
2.27506
2.53458
2.73039
1.9021
2.21764
2.40445
1.28411
1.36127
2.58862
0.975583
2.36835
3.33067
2.86376
1.1566
2.51552
2.33516
2.51441
3.77546
2.13985
3.68239
3.36373
2.15817
1.88767
1.80411
2.89524
2.2014
1.82579
1.85613
3.8155
2.55185
2.25447
2.95763
2.14446
1.56191
2.96427
2.46464
1.48884
2.03615
2.17602
2.97687
2.43861
3.03226
2.06254
2.17399
3.10564
2.91119
2.57919
3.11708
2.76471
4.03097
3.96427
2.74337
2.74096
2.22271
2.44378
2.23057
2.13896
2.93006
1.97129
2.3466
2.37505
2.27669
2.94003
2.6533
3.11311
2.08097
3.36039
2.92827
2.15327
2.79663
3.7168
2.23839
4.77509
1.2369
2.09075
3.11511
2.25518
2.50139
2.37026
1.91558
2.54805
2.13692
3.64904
2.14511
1.81033
2.86275
3.40345
2.44071
2.58232
2.13961
2.79933
2.0585
1.8085
2.00725
2.50887
4.17693
1.77549
2.73989
1.88259
3.24165
1.90532
3.91528
3.13444
2.24104
2.56755
4.03361
3.34189
2.63974
1.99744
2.25815
2.51316
4.09682
3.18196
2.6503
2.14109
2.635
1.61858
2.8916
3.0651
3.07397
2.11613
2.65168
4.18559
3.23944
3.35324
3.42023
2.59995
2.96706
3.43511
1.86062
2.49918
2.07993
2.33335
2.78516
1.10957
1.47849
2.5747
2.23208
1.28331
1.66426
2.28855
1.3003
2.69708
3.52122
2.49978
1.85267
2.94312
2.56442
3.21032
2.30744
3.23747
3.28629
2.70034
3.04528
3.22463
1.1683
2.49721
3.98705
3.75414
4.21327
2.32441
1.98465
1.91185
2.63719
3.34444
1.35565
2.3055
2.85348
2.86089
3.3212
3.37423
1.29852
2.72847
2.66235
3.33602
2.41181
3.01385
2.656
2.69197
2.24285
3.66587
1.3242
2.05774
2.91274
1.83323
1.47057
2.6978
2.51465
3.25372
1.71347
2.37604
2.19317
2.51621
2.05751
2.78489
2.30111
2.52707
2.26123
2.14169
2.84487
3.09396
2.27364
3.52623
3.31924
1.20931
2.90869
3.679
2.39628
2.09306
3.79919
2.74007
2.5056
2.61582
1.77527
2.45264
2.80335
1.09178
1.9051
2.91092
2.60322
3.3738
2.83085
1.7457
2.64953
3.50286
3.97997
2.85422
3.2402
2.77105
3.07359
1.58727
2.56813
1.14043
2.25223
2.30366
0.912961
1.79495
2.90727
2.56679
2.72184
1.97104
2.19864
1.76465
3.33968
1.03465
1.86004
2.27174
2.99797
2.62109
1.40449
3.3546
2.43039
1.02358
2.96058
2.08685
2.35152
4.26015
2.33583
3.18777
-0.0140911
1.72242
1.35321
2.12669
4.28607
3.40118
1.85019
3.00774
2.34608
2.69766
1.35425
1.56033
3.00126
3.75922
2.40668
4.248
1.52765
2.50778
3.95662
2.06409
2.94605
3.55954
3.00801
2.80687
1.25382
2.87445
2.46008
2.68479
2.74337
2.05135
1.91269
2.84566
2.30758
1.06156
2.10087
2.185
0.92501
2.5424
2.82142
1.75821
1.50909
2.05386
2.77767
3.12953
2.99592
2.64935
3.33546
3.1636
2.5344
1.91585
2.38978
2.77997
2.95112
3.80833
3.07314
4.23265
2.0473
1.44368
2.53997
2.05436
0.284711
2.07786
2.20388
1.90652
1.65827
0.894436
2.62167
3.28569
1.92541
1.74024
2.43354
2.68175
1.04223
1.71754
2.2217
2.31477
2.71441
3.63064
2.25091
1.99955
1.55278
2.06534
-0.0071158
1.94916
3.38659
1.49653
3.05515
3.25505
3.73416
2.5592
3.17328
3.77787
1.75261
1.71562
3.80823
2.10309
2.38191
3.06837
3.57128
0.715072
2.88202
2.60836
4.53919
2.01585
2.51171
3.24657
1.9611
2.02014
2.53321
1.85197
1.80365
1.83877
2.89293
2.0201
3.351
2.23561
3.1545
3.51383
1.99877
2.13688
0.684267
2.11466
2.09719
2.78293
1.86639
1.22518
2.00972
2.51001
1.98521
2.54405
2.2102
2.94037
2.64954
1.8143
2.54765
2.7215
1.577
2.31847
2.81249
2.21769
3.1257
3.78117
1.62892
1.13566
1.97858
4.20256
2.42249
3.74103
2.78285
3.64604
0.561366
2.77289
2.39819
2.20743
1.42905
1.5212
2.55944
2.2793
2.10384
0.295503
2.71781
1.8883
2.57401
2.56745
2.8664
3.3901
3.24875
2.18984
1.20239
4.42662
1.78063
2.70485
2.89597
2.96687
2.00659
2.34503
3.3878
2.16799
0.769523
1.38039
2.39719
2.1923
2.93279
2.46368
1.44486
3.29089
2.40607
2.80671
1.61469
1.76154
2.11127
2.50909
3.2724
1.52485
2.50607
2.19541
1.9082
2.40253
2.61845
1.13583
3.62945
3.10547
1.81774
3.15543
2.21808
2.77862
2.57399
2.86442
3.01467
1.33724
2.9554
1.59417
2.74212
1.63959
2.42714
2.81217
2.54087
1.07006
2.62978
1.69823
2.83577
1.2482
3.01299
2.13937
2.86724
2.74708
2.55448
2.05197
3.551
2.99346
2.27729
2.29981
2.89051
2.55364
2.10158
2.07666
2.87852
2.63423
2.2107
2.36321
2.52175
0.529371
2.34871
2.98858
3.35964
2.05651
0.88188
1.00412
2.59979
2.72434
2.34026
2.30748
3.2096
2.78997
1.46964
3.42175
2.26851
2.67306
1.37834
1.94822
2.70909
2.24186
2.03093
3.00956
2.60714
1.9156
1.99609
2.6156
2.50242
0.858992
2.10598
3.56186
3.04588
1.19002
2.90009
3.31572
3.26326
1.40472
4.44672
2.01204
2.69243
1.783
2.13246
2.79278
2.35402
0.693298
2.60559
2.73023
2.52776
2.06918
2.22351
1.72455
1.6988
2.70018
2.76803
1.50852
2.86752
2.9766
2.05262
1.60813
1.92036
1.12099
1.79352
3.24259
2.98208
1.97236
1.68449
2.7475
3.40382
1.59695
2.38239
3.10773
3.12601
4.52126
2.22108
3.22083
2.02813
2.48038
0.450205
2.8366
1.74161
3.29917
1.27023
2.45222
2.40337
1.63989
3.27187
3.42596
3.51179
1.29447
2.70016
2.6286
1.13901
2.55292
0.669803
3.60171
2.96034
3.48394
2.03066
1.97145
2.03584
2.64902
1.39486
2.35658
4.28518
1.34068
2.18348
2.33531
2.39467
2.20656
2.57217
1.61233
2.98924
2.76451
3.66272
1.59889
1.64446
2.13158
3.18443
2.76476
1.15918
2.9922
2.58092
1.94455
1.36188
1.31245
1.46237
2.74583
2.63654
2.8019
2.38122
3.35658
1.03796
1.61477
2.53974
2.53903
2.69358
3.71601
2.46251
2.90588
1.82609
1.97852
1.80809
1.45426
2.8855
2.69047
2.53816
2.62063
2.86582
2.34353
2.98
4.1985
2.37005
1.59848
3.78426
2.11177
2.32804
3.05326
3.53214
2.37991
2.83666
2.85955
1.59906
3.24677
1.85698
1.79025
1.80549
2.38159
2.44994
3.02098
1.55056
3.42039
3.77741
2.70022
2.08759
2.99371
3.18342
-0.640627
2.92087
4.7917
1.95937
3.49546
2.39814
3.7235
1.90247
1.5718
0.86297
1.98929
3.00555
2.42907
2.5182
1.87853
1.60843
1.79917
2.24396
2.30942
3.74757
1.86151
1.88291
3.4008
2.56293
1.72592
2.9034
3.00298
2.83401
2.97693
1.27236
2.39164
2.68722
3.85323
1.81176
2.01381
1.35509
3.36041
2.28477
2.49252
3.29637
2.2566
1.34472
1.71362
2.93301
2.99702
2.83559
2.13338
1.53508
1.81665
3.10576
2.72046
2.09852
3.24404
1.75683
1.90572
2.49914
3.17067
2.85452
1.5646
1.99658
2.60121
1.19558
2.36829
2.72687
2.63377
1.95342
1.72224
1.7771
1.96711
1.46533
2.03688
4.32761
2.61483
3.09951
2.34783
1.98852
0.879725
2.26628
2.40466
2.9343
2.82303
2.8864
3.74801
2.50938
1.26706
3.95054
2.1508
2.5399
1.75197
1.91111
0.738847
2.317
2.87725
3.41232
1.96858
1.60954
2.26924
2.71227
3.13098
2.78372
2.3753
0.851966
1.84363
2.5212
2.28512
2.39963
2.17526
2.76537
2.9677
3.51931
3.49078
2.88934
1.60455
1.46925
1.7951
2.62424
2.57966
4.80672
2.40741
3.1537
4.61227
1.1585
1.38455
3.55449
1.65298
3.22781
1.93913
2.21739
2.73598
2.72627
1.7187
3.6462
2.38755
2.47322
2.78252
2.18398
2.1577
2.87579
0.133008
2.65018
2.04791
1.57327
3.56568
1.68154
2.10899
2.27784
3.94627
3.21872
1.69314
4.09304
3.05419
2.00316
2.50007
2.09337
3.71419
1.71146
3.29985
1.94391
2.82079
3.08467
1.20901
1.69874
3.23801
2.95197
3.4207
1.93185
2.97415
3.26052
2.81882
2.41696
2.20027
2.88411
3.06031
2.33527
2.80499
3.92997
1.34871
2.50599
3.44429
3.71433
1.97672
2.63766
1.31722
1.92748
2.96315
2.21163
3.45652
3.64506
2.95092
2.62021
2.86522
2.49163
2.08876
2.13827
1.85382
2.64854
3.75655
1.75023
1.87125
2.79414
2.11901
2.22084
1.54232
3.31148
1.57472
3.1837
1.78504
2.15941
3.02989
2.35316
3.17187
1.69403
2.65947
2.79884
2.22015
1.52628
2.2371
2.39132
2.49482
1.9942
2.37972
3.96042
2.62409
0.721785
1.75642
2.08771
1.72923
1.2826
4.21089
2.38219
2.13248
2.1596
3.50993
1.09293
1.92852
2.45008
3.79915
2.16459
2.55235
3.95464
2.60059
2.01801
2.06471
2.04562
1.85657
1.63467
2.56269
2.23028
2.05104
3.00916
4.07583
3.61599
3.45393
2.56555
2.82743
2.36312
2.72205
3.72415
3.26032
2.18882
4.12206
1.68724
1.72008
2.94176
1.68758
1.6988
3.08437
0.809664
2.41727
3.60427
0.620642
3.63672
2.85116
3.11268
2.48152
2.67732
1.29475
2.28655
2.23187
1.66244
1.82536
3.37522
2.99775
1.48229
2.22426
3.2578
1.86938
1.88119
1.55038
1.37543
0.831644
3.14619
1.7021
2.50474
3.74158
2.17434
1.0686
2.37059
2.81393
2.59722
2.03045
3.03523
2.91233
2.677
2.64996
2.17817
2.06067
2.41774
2.92044
2.29544
2.34177
1.46802
3.02167
1.78657
2.95586
3.5549
3.62845
2.53937
3.07713
3.05575
2.09545
1.60126
1.63225
3.86976
3.14056
2.23512
2.57917
2.57223
3.07701
3.11208
1.72904
3.51888
1.63825
2.27217
2.77683
1.74819
1.88903
3.23119
1.68835
4.19689
2.20527
2.746
2.56898
2.6196
1.75882
2.03047
2.92636
1.88516
3.22763
2.4523
1.67892
3.06208
2.74975
2.30764
3.12355
2.48328
2.36274
2.70227
2.56439
4.01932
2.55605
2.97162
1.90817
3.32925
2.72431
2.24943
2.36496
2.74237
3.08987
2.34455
2.31163
1.83361
2.8756
1.82309
2.05944
1.88512
2.2796
2.01376
3.38792
2.07589
2.10959
1.98486
2.77951
2.02503
2.57547
2.05455
1.29872
2.08084
2.55718
1.59786
2.14891
3.56872
2.63709
2.31202
2.22961
2.15966
2.77029
2.25662
1.43507
2.29271
3.95056
3.87177
2.7019
2.13368
1.308
1.92451
2.94014
2.47625
3.82265
2.27061
1.69909
2.22576
3.16084
3.05885
3.94372
2.94669
2.18508
2.13884
2.7228
2.77163
1.59895
1.80395
3.71744
3.02762
2.71559
0.926545
3.52381
2.95848
2.11775
2.62792
2.46415
3.74211
3.80675
1.42801
1.98477
1.86575
1.80646
2.17608
3.07631
3.52828
3.31598
2.72622
1.16515
2.83904
2.67762
1.74894
2.34566
2.61093
0.923372
4.49753
3.18128
2.40993
2.76707
1.51415
2.64858
2.30498
3.03725
2.76519
2.30351
2.75613
0.995169
3.75936
2.53229
3.67876
3.97817
1.51917
2.57866
1.99015
2.68854
1.16111
2.79614
2.02314
1.8945
2.14596
1.58151
1.52987
1.15322
2.40258
1.80651
1.64477
2.93763
1.49061
2.0926
3.02874
2.5527
1.62232
2.38958
2.61856
1.5429
3.01358
2.92636
1.41494
2.08849
2.49626
1.32013
3.80469
3.2442
2.60818
2.81738
2.12443
2.53146
4.67664
2.83676
2.7506
1.66977
3.1381
3.65321
1.91862
1.84049
2.30803
2.43574
2.53266
2.83173
3.9945
0.853924
1.41531
2.01072
2.76574
2.41038
3.07175
2.51937
3.87566
2.32674
2.83358
3.08163
2.29078
2.97205
1.72388
2.71521
0.949076
2.50864
2.11191
4.32623
1.72456
2.73681
2.70267
3.67746
1.44111
1.83868
1.421
3.44913
3.39686
2.36445
1.5964
2.45865
2.67096
3.44733
3.66345
2.65926
2.92231
2.69408
3.86434
1.50782
2.97221
2.17245
2.60417
4.80337
3.48178
0.752704
2.97184
2.60149
2.17107
0.820566
2.46246
3.83038
2.4659
4.16931
1.25884
1.96071
2.11458
1.77195
3.44283
2.53882
2.65924
2.53494
2.12628
3.18139
1.95953
2.56002
1.89113
1.91168
2.25501
1.97857
1.98659
2.37537
2.92821
2.99074
1.75588
3.56251
2.75484
2.77266
2.86955
2.94092
2.42336
1.66746
2.39649
1.37546
3.22781
1.88201
3.86522
1.4867
1.97098
1.81231
2.74614
1.38303
2.21918
3.25311
3.82558
2.44464
3.38267
2.19767
2.06084
1.4842
3.37548
0.898423
2.49359
2.25393
1.63784
1.82739
2.90979
2.73552
1.90717
1.08218
1.96319
2.52138
2.20661
2.98235
3.5419
4.08567
4.1382
3.76242
2.3065
3.02322
2.04295
2.28996
2.13197
0.521707
2.55815
3.38526
2.57986
3.33457
3.05526
3.1107
2.8004
0.853128
2.72118
1.45425
3.79014
1.09411
2.5454
2.32113
2.65859
3.01358
2.90012
3.22885
1.25004
4.07546
2.73558
2.40282
2.39119
1.45347
2.30977
3.24893
2.78287
4.1726
2.44487
2.74407
1.98391
1.89317
3.41486
2.25921
2.76992
0.928153
2.17356
2.45308
0.980371
2.71727
0.00780094
2.12428
2.8656
0.889566
3.6644
3.53941
0.681421
3.02768
1.88472
2.41601
2.50011
1.92371
1.97322
1.97078
1.98734
2.63042
2.89459
2.16076
2.62133
2.26198
2.9591
3.75501
2.15794
2.7865
2.39432
2.93506
2.57902
3.07836
2.97816
1.07592
1.67191
2.13831
1.967
1.64195
2.68144
2.01899
3.7227
2.67213
2.4881
1.92168
2.398
1.88387
2.85555
2.58621
1.71841
2.62067
3.3032
1.68458
1.6288
1.53601
3.27449
2.52142
1.31272
3.32842
2.12498
3.6419
3.09445
2.98852
2.07067
1.52277
1.61805
1.72683
2.17936
2.52038
2.24996
2.87751
2.21512
1.5629
1.65428
2.42705
1.82766
0.859619
4.54938
3.44497
2.38437
2.99917
3.7141
2.76729
3.69411
2.48938
1.20903
2.19598
1.9015
1.48867
3.14416
2.81542
2.22252
2.39762
1.06404
4.10706
1.34608
2.85116
2.28289
2.5657
2.80459
1.97913
3.34464
3.27173
2.67597
0.881434
2.84058
3.57991
2.70583
0.308117
2.49752
1.89473
3.45407
0.153052
2.20829
2.75891
3.89062
1.95993
2.37401
1.33931
2.39966
1.89779
2.6512
1.47942
4.38959
2.97204
2.36485
2.08865
2.37863
3.4285
1.87872
3.24574
1.06883
2.50307
1.19928
2.65527
1.74498
2.83501
3.16626
1.01626
0.961655
2.14997
3.03277
1.5688
2.29272
2.80625
2.5869
1.48557
1.93784
1.96308
3.5093
2.89753
2.13801
1.88527
2.7144
1.61173
2.14776
0.864443
2.92502
2.01326
2.19649
2.59052
1.4579
2.45515
3.00565
2.28198
2.55859
1.30356
3.00264
3.77026
3.58069
1.7324
0.987809
2.86595
1.95465
2.96605
3.44251
1.15017
3.42455
3.24642
3.72085
2.72772
2.33055
1.62677
3.09507
3.11352
2.36735
3.54846
2.64547
2.21923
1.77813
2.38022
2.44901
4.33516
2.30586
3.77781
2.93337
2.98775
3.02333
3.646
2.13993
1.67974
3.08809
1.5058
1.29676
3.46204
1.52468
1.96815
1.22895
3.94931
2.86886
2.3322
2.78328
2.82746
3.65109
4.36475
1.56718
2.84107
2.96381
2.40454
3.72453
2.19196
3.48236
2.84842
2.79923
2.16284
2.01256
4.50935
2.65227
1.96231
3.05766
3.16414
1.75884
1.29018
3.81162
2.10402
1.53106
2.57468
1.99094
2.04923
3.97536
3.84862
2.95611
1.40057
4.43832
3.01472
1.67617
2.42199
2.96159
2.19848
2.35345
2.00455
1.6649
3.55507
2.28537
1.90519
1.80579
2.99222
2.15263
1.90131
2.52488
2.37234
1.92301
1.46329
2.08597
2.63693
3.67393
0.912182
2.38097
2.32407
2.20029
2.29676
3.72874
2.93404
2.8535
1.27976
3.19481
1.97865
2.28558
2.22914
1.42628
3.13454
2.41805
1.41518
2.10466
2.43164
2.90083
2.80188
2.12969
3.46943
1.36287
1.80777
2.25643
3.53763
1.94807
2.87253
2.43622
4.19939
1.35183
1.99594
2.89536
1.87124
2.43836
1.6455
1.29219
2.14449
3.65357
2.97133
2.0004
1.63554
2.0123
2.28952
4.19504
3.8541
1.77974
2.00629
2.52504
2.57971
2.05139
2.38642
2.31374
2.22221
2.04762
3.13714
1.69934
2.61356
2.45716
2.43352
3.13692
2.63574
2.0615
2.83935
2.08671
3.68829
2.98854
0.0472008
1.97773
2.13024
1.66066
1.92321
2.67491
3.91607
2.34506
2.0855
0.974491
1.49346
1.24171
2.64489
2.96057
3.43719
2.80907
1.40823
3.71652
2.34202
1.70865
2.76829
1.96254
2.87949
2.31842
2.3239
3.28456
2.93376
2.57449
2.98219
2.07148
3.23799
4.98227
2.94362
2.99883
3.61069
3.8328
2.20021
1.93058
3.16821
2.63532
1.88478
0.659641
2.69438
1.59611
1.79694
0.644816
2.05719
3.28798
2.01295
4.67552
3.75479
2.54173
2.51933
1.77236
3.86862
2.1451
1.68185
2.29324
1.89553
1.18082
1.11627
2.19304
2.04283
2.31504
2.18714
3.6681
2.61079
1.81261
2.86315
2.3282
3.18005
2.98449
4.10161
2.85379
1.17269
1.75586
2.54958
3.70965
2.48722
1.24944
2.99084
1.96438
2.48527
2.77141
3.1374
2.19112
3.24526
4.14055
2.44638
2.42609
1.67249
0.845069
1.30995
2.90125
2.62112
2.0278
1.15037
2.74634
2.36227
2.60612
2.94987
2.24614
2.14639
2.27913
2.97089
2.14613
2.0806
3.13811
2.71307
2.51963
3.63124
1.71647
2.85706
3.92753
2.06488
3.12272
2.60735
2.2739
2.10143
3.00529
2.80834
2.42706
3.46469
1.58195
3.43688
2.20245
2.94412
1.74759
3.00097
1.73315
3.46202
1.19549
3.034
2.98096
2.7616
3.77883
3.55102
2.80564
1.28759
2.3056
2.58929
1.72657
1.85858
2.6697
1.18978
2.42027
1.67044
1.38325
2.53825
2.49885
4.00123
1.95513
2.02201
2.42477
3.92527
4.21673
1.50579
1.85729
2.13252
4.31163
4.5265
2.83364
1.85122
2.26238
1.97243
1.96076
2.74829
2.18623
2.50327
3.34257
3.01255
2.29396
2.31211
2.88728
1.59042
2.48506
1.12616
2.33385
1.89626
1.37724
1.82
2.532
3.64306
2.71341
4.15987
2.27983
2.08206
2.04115
3.64808
1.27509
3.89294
2.62255
2.53667
1.7632
2.23066
0.960189
2.65324
1.7927
2.68159
1.69694
3.68281
3.72559
2.38488
2.62944
2.14854
2.14559
0.662093
0.733189
2.0764
2.67331
1.90841
2.11397
2.44386
2.81173
2.65618
2.28541
3.48412
3.4998
2.93921
3.27056
3.36156
3.35604
1.63459
2.36132
2.99507
2.6243
3.64571
0.796008
2.02269
3.21875
1.44481
1.67237
2.95271
2.58223
1.79173
0.437473
4.09952
3.15079
1.7669
2.55986
3.64751
3.08508
2.0862
2.25824
3.81242
1.61272
3.02556
3.57543
1.49451
3.3244
1.8523
2.18703
2.25313
1.4255
1.23481
2.6162
3.05624
1.57331
2.74378
0.57256
2.36304
1.24818
1.8265
2.78357
1.83656
2.95175
3.11855
2.97159
2.75999
4.34198
1.20899
2.61827
1.08733
2.8973
1.81529
2.05494
1.96358
3.14381
2.88453
2.72768
2.06037
1.9087
2.03271
3.14217
3.16803
3.54017
0.933951
2.50101
1.8119
3.38908
1.44988
2.26209
2.21554
2.37401
3.94994
2.38121
2.45864
3.12335
2.04149
2.16662
1.00517
1.14212
1.80374
2.0964
2.20761
3.98218
1.93472
2.13882
2.52122
3.54907
2.2375
1.75233
3.03535
1.64204
2.0642
2.55316
2.12658
2.0586
1.76733
3.66721
2.154
2.01193
2.09596
2.82105
1.33359
1.92581
1.10355
3.34455
2.90418
3.30203
1.95308
2.2427
3.47124
1.36195
3.26931
1.93175
2.43243
1.58424
3.44927
2.39195
1.72402
3.01581
1.45597
2.24227
2.74267
2.84252
2.82525
3.91694
1.43971
1.76275
1.74735
1.96325
2.25218
2.03763
0.505742
2.96822
3.6698
2.38923
2.28338
2.88285
0.785575
1.63938
3.20731
2.35891
2.49167
2.19443
3.15366
2.74288
2.97033
3.18205
3.16884
1.84447
2.15407
2.01994
1.31356
3.44285
2.65915
1.93853
2.58867
3.21476
4.00294
3.18725
2.78265
2.4338
0.329471
2.22938
1.27139
1.5369
2.52668
3.53852
3.08062
1.90669
3.3543
2.89835
2.37381
2.05222
1.56404
2.82224
1.68468
1.71142
1.27459
3.52323
3.81357
2.15809
1.08995
1.27321
2.33859
2.85916
3.02207
3.66786
2.69975
1.69159
3.23495
3.30999
2.15121
1.72706
3.32768
1.75483
1.81623
2.96482
1.17943
2.79448
1.49269
2.32758
2.14091
2.57458
1.81195
2.71961
1.82657
3.31953
1.39868
4.43614
3.68472
2.22882
3.0033
2.29153
2.20411
3.26467
2.87385
0.999125
1.58488
2.07356
0.907275
1.34598
2.98316
2.21969
3.8442
0.696705
1.22958
2.37907
0.896197
2.93086
2.34073
1.37795
2.07081
1.77138
2.88058
2.72829
3.55529
1.52142
3.90192
1.05217
1.95168
2.54045
2.4887
2.31246
2.54853
3.1898
1.15729
4.00885
2.33451
3.14151
2.00536
1.19855
2.49571
2.79106
3.44934
1.28817
1.82755
1.96234
3.24958
1.36991
1.59197
2.51558
3.97633
3.08965
2.44902
2.3018
3.66616
2.57226
2.0464
1.59654
3.00934
0.667715
2.16078
1.86287
2.38522
2.24736
3.61881
1.95237
3.59038
2.14392
3.57486
2.1593
2.35273
3.09223
2.5332
3.67847
0.895354
3.65496
1.7448
3.25086
2.62764
1.78052
2.52434
2.05312
2.10614
2.28859
2.77967
2.40906
2.32289
1.42226
1.54418
3.78494
3.46355
2.93086
3.40659
1.88602
2.28884
0.873026
2.48398
2.57458
2.94635
1.22314
3.60718
2.30728
1.82215
2.68686
3.52397
2.68179
2.1484
1.22508
3.20563
3.22591
1.99872
2.86651
2.21773
2.64722
2.85919
2.41682
2.50474
1.6592
3.59187
3.84405
1.59948
2.81223
2.91499
2.64015
1.73695
2.73422
3.61618
2.43788
2.08404
2.24789
2.91387
1.26174
2.42644
1.81518
1.85517
2.39477
2.69434
2.25112
3.00333
2.8454
1.67229
2.71715
2.22285
2.98156
2.9943
0.799698
1.04872
2.44685
2.86133
1.77714
2.73313
2.15989
2.70136
2.6976
1.91169
3.03569
1.79698
2.22615
1.99113
3.82587
2.98037
2.63296
0.948358
2.79996
0.921948
3.92874
2.29255
1.26989
2.91956
2.27731
0.319559
2.71432
0.901759
1.60302
2.28927
2.45498
2.1767
1.74123
3.42347
2.81242
2.22439
3.27289
1.46108
3.00815
1.28056
1.0885
3.04565
3.73246
3.05572
2.38734
1.54592
3.30219
3.24427
3.62132
1.43247
2.9257
3.36937
2.2927
2.85854
1.0959
3.82509
1.9481
2.39865
3.6862
1.40416
2.20721
1.37755
0.557061
2.2618
2.37991
2.84961
2.96271
2.28411
2.24477
1.24768
2.13116
1.28162
2.55454
1.42868
2.15151
2.59122
2.71305
2.07522
3.41148
2.95656
1.83341
2.88383
2.31956
0.647095
2.30559
3.1893
2.79624
2.93632
1.94182
2.70798
1.49778
2.38291
2.09015
2.64721
2.89806
2.18052
1.06536
2.39376
2.66543
2.88933
2.83946
2.87143
3.13997
2.19572
2.15905
4.59377
1.73147
2.24935
2.68836
2.59034
3.25477
1.11094
1.48127
2.71028
2.89822
3.46244
3.46645
0.171191
2.70615
2.26988
2.45951
2.16802
1.80611
1.86109
1.17037
2.07394
3.23042
1.61321
3.30029
1.81589
2.41652
2.30892
1.73043
2.52303
3.47986
2.68647
2.69355
2.36099
1.29602
1.99615
2.56756
2.95547
2.0929
2.46258
1.1821
3.89567
1.811
1.93103
2.82226
1.5118
2.61411
1.80775
2.2396
2.56897
2.63733
2.11474
2.54048
2.56334
3.81885
3.21921
2.81636
1.92378
2.0406
1.80465
1.73564
2.19778
2.80631
3.49647
3.40785
2.05911
1.81189
3.22634
2.45095
2.22017
2.85674
3.23121
3.09905
2.67795
2.51326
2.69903
2.14599
0.835354
1.55228
2.5805
1.475
2.03254
3.32406
3.06542
1.77904
1.54563
2.8065
2.04619
3.43128
2.60466
3.18452
1.65796
2.15124
2.75262
1.33465
1.69206
2.15041
1.89256
2.98218
2.40472
1.43617
2.52724
1.30525
1.92533
1.33165
2.56122
3.24388
2.49433
2.82937
3.23028
3.9607
3.74383
1.83739
3.00277
1.75522
1.94649
2.76511
2.42712
2.4986
2.84528
3.24726
2.87034
2.34332
3.13757
2.14483
3.66736
1.84584
2.71187
2.31208
2.44385
1.35611
3.08438
2.58037
1.57936
2.34134
1.43632
2.68721
3.06743
2.454
2.69192
3.23805
3.02999
0.735022
3.1497
1.95719
2.52002
0.449482
1.81389
1.5003
2.56842
2.22789
1.69796
2.26788
1.90743
2.63078
2.47899
2.1325
2.18042
2.94461
2.9866
1.8422
2.54168
1.95575
3.02669
3.43916
3.55812
3.50748
2.39824
0.983125
2.72921
0.780736
4.27045
2.10335
2.1607
1.78245
2.28309
1.7402
3.34447
2.30716
2.12653
3.73591
2.94828
0.95436
3.20965
3.12523
2.89197
2.68569
2.50601
2.09808
4.04038
3.47556
2.81578
3.11105
2.21739
3.00857
0.757864
2.73461
2.53272
1.77954
1.88534
2.91908
2.20165
3.63142
2.2639
2.8785
2.52027
3.03501
2.42951
2.53134
3.41204
2.54792
3.39113
1.1453
2.30992
1.32628
2.99052
2.77319
2.22827
3.33877
3.14128
2.01132
2.7048
2.36111
2.70596
2.27272
2.39888
3.23424
3.03824
1.44583
2.73501
2.89678
3.02886
3.41734
2.70316
2.90237
1.86925
2.22297
3.59182
2.38054
3.57566
2.90297
2.71814
2.1999
1.95159
2.13098
2.18461
3.08387
1.83331
1.79215
1.95696
2.4416
3.10043
2.29516
2.35271
3.70669
3.0346
2.33496
3.83979
2.7565
3.55265
2.38405
2.98102
2.75365
3.02146
1.15727
2.99948
2.08293
2.98589
2.99676
2.63658
2.4707
3.72589
1.88319
1.68007
2.45447
2.41459
1.49098
2.32877
3.20309
2.57643
2.8575
2.48048
2.28508
2.96413
1.21336
2.44119
4.25601
2.67596
4.57188
1.33664
2.50754
3.05963
3.10266
2.82756
1.68158
3.34455
1.96044
3.24312
1.81365
2.14685
2.91731
2.88189
2.92068
2.75431
1.89914
1.83802
3.39589
3.13841
3.1389
1.42246
3.20625
2.35998
1.74661
3.48272
2.6301
3.27105
1.89434
2.74316
2.84621
2.57478
3.38392
2.3589
1.42432
1.71198
1.87739
1.54956
1.74071
2.06949
2.60276
2.37082
2.98388
1.86749
1.78888
3.40749
2.61918
1.91298
2.08741
2.80954
4.55809
3.84786
1.89167
2.65165
2.7761
1.9493
0.896754
3.06427
1.85314
2.75261
2.09707
3.39342
4.28752
3.61621
3.00881
2.17895
1.49888
3.87572
2.49775
1.80979
2.17067
1.77471
1.63011
1.31003
0.873414
3.10792
2.44458
2.79482
1.63226
3.25763
2.40632
3.97155
2.87766
2.13848
4.3578
1.42345
3.58142
1.56108
1.55444
3.0453
3.24685
2.94647
2.30002
2.30143
1.29716
2.66418
3.11547
2.1884
2.53157
2.28123
3.52794
2.35011
1.96237
2.47205
2.37328
2.24198
1.7476
2.63638
2.14137
1.56405
1.42811
2.26679
2.18921
2.13186
0.614566
1.93926
2.99654
2.56528
3.01188
2.77278
2.57323
1.81795
2.81877
2.88791
2.6605
1.99739
1.63697
2.62459
1.666
2.04568
2.98018
1.65929
1.35458
2.1505
2.83081
1.50659
2.57233
1.31897
2.60346
1.17803
2.85341
2.29983
2.03759
1.56308
2.84298
2.19901
3.11718
3.12256
2.93037
2.67588
1.02111
3.096
2.67828
2.41242
2.95989
1.156
2.39029
1.85367
0.984681
2.44511
2.12291
2.7486
2.77283
3.01316
2.38186
2.18593
2.15801
2.49121
2.99629
1.79405
2.29296
2.91881
2.38051
2.94147
1.96838
2.58678
1.4698
1.51544
1.56994
3.67267
3.12072
1.44116
2.02197
2.73343
2.90108
3.13434
2.07461
2.82888
2.20267
1.90247
2.29433
1.97472
3.64123
2.91446
3.62238
2.50498
2.00871
2.50961
2.15351
2.56483
1.71646
2.66499
1.82906
3.32326
2.52357
2.89493
3.39988
2.3224
2.03289
2.82289
2.39131
2.40996
1.86943
3.06254
2.31798
1.34447
1.73722
2.09819
2.66594
3.16509
2.88751
3.49916
3.10945
2.52871
1.75542
3.42877
2.05533
0.586521
2.29648
2.46238
4.2667
2.34449
2.95035
2.34275
2.30923
1.45508
2.65355
3.61376
2.43197
2.38964
2.19215
2.83022
1.82023
1.92701
3.16295
2.78155
2.10499
2.95328
2.84425
1.06682
3.0037
1.52164
1.8435
2.82877
1.30604
2.84041
2.27047
1.92786
2.2828
2.54641
1.93983
2.62433
2.80899
1.94227
1.6167
1.37251
2.51178
2.30211
2.86531
2.36422
3.44349
3.10457
2.87734
2.38429
2.01601
2.26595
1.85387
2.65192
1.27593
3.62771
2.09645
2.06265
3.38139
1.55854
2.93974
1.95275
2.70809
1.42253
3.2306
2.15046
3.05282
2.23046
1.8504
2.93036
3.00446
3.87032
2.69319
2.00947
3.1272
3.09403
2.62589
1.3923
2.05447
3.31748
3.27504
2.1956
1.46164
2.23124
2.51107
2.10289
2.31601
2.48597
2.74724
2.01668
3.0084
2.94628
1.62766
1.71842
2.49567
1.4737
3.98507
2.01259
2.55578
2.05174
3.87677
3.02485
3.19587
1.75796
2.88884
3.6086
1.80509
3.46334
2.2951
2.36713
1.87454
2.51335
2.20544
3.70705
1.50714
4.21102
1.13396
2.17665
2.97037
0.671941
2.09879
2.63769
1.75668
1.63012
2.03827
2.04404
3.06479
3.14531
1.68393
1.74896
2.6051
2.8308
1.93155
4.24074
1.33937
2.02211
3.04253
0.704544
1.6046
1.18708
3.25077
2.49428
1.40872
-0.268979
1.39309
3.50701
3.09455
3.16363
3.24988
2.94971
2.03275
2.05188
2.32982
2.82543
2.73006
1.89157
1.11945
4.07599
1.8426
1.84626
2.87202
1.12313
1.06309
2.54766
2.0234
4.00063
2.32655
3.03262
2.08082
1.79741
3.62187
2.82446
2.76465
2.74835
2.64004
3.6696
3.78616
2.2852
2.77785
3.30635
1.90853
3.38659
2.42915
2.14146
2.03001
2.097
3.90608
3.60533
1.29089
1.32544
1.7046
2.63344
2.63226
2.20585
2.16735
2.09008
2.70345
1.03312
1.59363
2.45056
2.38917
1.52417
4.1501
1.76023
0.687992
1.55952
2.31555
3.84803
2.24478
3.25882
2.34113
2.69465
1.93397
2.2726
2.17793
1.93279
2.99996
2.12524
2.89668
2.88732
2.81935
2.52154
1.94267
2.12595
1.96781
2.47708
2.70911
3.10846
2.68123
2.34541
4.00485
2.78803
2.20584
3.08008
2.51733
2.95745
1.81766
3.31105
1.83363
1.25888
2.16387
3.37779
3.13393
1.38584
3.47111
1.24106
1.81797
2.24666
3.27439
2.79256
1.80727
1.86767
3.07594
3.21892
2.29251
3.01412
2.93829
1.40962
2.44129
2.86978
2.14792
2.91622
3.48408
2.5778
4.23983
3.83249
2.86357
2.79011
2.32739
1.9076
2.26704
2.27187
2.73714
1.59393
3.51644
2.97787
2.5361
1.60692
2.43891
2.25548
2.69665
2.37706
1.92575
1.62455
3.14474
3.7698
2.4373
2.31348
0.69055
3.25381
3.24946
1.79052
2.0399
2.40558
3.14953
2.13473
2.52968
2.61651
3.46028
1.05733
2.76542
2.34272
2.66242
2.98521
2.23862
2.63438
2.02055
2.09966
2.39287
2.20837
2.76154
1.84156
2.19057
2.61902
1.69379
1.85808
3.61796
3.62609
3.06587
1.34673
2.592
2.52515
2.63055
3.98584
2.13017
2.74173
2.62179
1.40033
3.03332
2.92567
2.51664
2.90841
2.41171
3.50287
2.97248
1.04791
3.59492
1.60832
3.22425
3.87136
1.96494
3.02048
3.98585
2.70193
2.55821
2.94022
0.181952
1.88358
3.54641
2.85935
2.42831
2.60972
3.40583
1.30359
2.10851
2.46507
1.57037
3.76051
1.78671
1.7657
1.76598
2.35073
-0.0346449
2.65574
2.22374
3.03044
2.61664
2.70174
2.16948
3.00502
2.82808
1.9522
2.26452
3.02421
0.991295
2.4994
1.83201
2.40663
1.90312
1.40588
1.90736
1.80592
1.98943
2.35776
1.9094
1.95039
1.39658
3.20696
2.95559
1.36008
1.58805
3.09582
2.09058
2.18485
3.60774
3.45628
2.58941
2.68206
4.17088
2.4959
3.08738
2.96912
2.26459
3.26591
1.82313
0.74217
2.20037
2.20218
3.19823
2.69749
2.32935
1.76087
2.8344
0.803642
3.10862
3.07292
1.70253
0.740304
2.71582
3.1789
1.85381
1.35024
1.24197
3.38119
3.37002
2.55411
1.33351
2.4447
2.29474
2.96785
2.53962
3.16078
1.38066
1.70081
3.42777
1.75136
3.56541
3.0411
2.48794
2.01806
4.07085
2.60673
2.38111
1.84631
2.16077
3.21498
1.50053
3.07434
2.33615
1.83203
2.75642
2.93568
1.83632
3.46376
2.51729
2.4257
1.98845
2.40603
3.29483
3.82534
3.46321
2.89563
2.46136
3.08875
2.36339
2.46844
1.80686
3.11867
3.57431
2.6755
1.31401
0.974781
2.38329
2.51757
3.69337
2.32258
2.25631
1.60776
0.854864
1.55859
3.24276
0.610718
2.8922
3.14985
1.91864
1.55167
2.5701
2.38053
3.64859
2.29043
3.30264
2.83156
3.00662
2.22734
3.04918
2.83058
1.4499
4.21385
2.55016
2.11801
1.92626
2.7857
2.43333
1.31973
2.11976
1.84586
3.45677
3.67277
2.79224
2.34376
2.47478
2.66815
1.59399
1.72642
2.76221
1.64992
2.59617
1.42
1.89368
2.0725
2.7627
1.86614
3.28074
2.82584
2.40589
2.31366
1.93711
2.28059
3.42994
2.5132
3.18423
2.85303
1.90609
1.36709
1.84845
3.8866
2.95351
1.64444
3.97092
3.33861
3.55416
3.46574
3.54808
2.2421
2.4639
3.20281
4.45443
3.07812
4.3949
2.22956
2.71476
3.14269
2.55642
1.93149
2.85651
2.38706
2.68043
2.35707
2.62515
2.94795
3.13651
1.68883
4.17866
1.32447
2.01029
2.40113
2.28469
2.62114
2.42251
1.65488
2.51027
2.46666
2.98006
2.67016
2.98662
3.90583
2.88803
2.5542
3.18189
2.25142
0.68488
2.90545
3.07247
2.48517
2.70289
2.09127
2.5197
2.20856
2.05266
2.77177
2.23126
3.59399
3.65052
2.10803
2.10331
2.58481
1.47094
1.9761
2.66004
1.00111
2.28245
3.23123
2.48651
2.9967
2.34081
3.29968
2.43865
2.31532
1.71045
2.80603
1.43687
1.98692
2.2441
3.35665
1.96275
1.71493
3.35103
3.04587
1.99539
2.34057
1.29593
1.67138
1.6621
1.42695
3.7846
2.77023
1.45205
2.8281
1.87846
2.3643
2.3853
2.19572
2.12712
2.67814
3.30386
2.47576
2.9796
3.22187
2.90698
2.46064
2.35806
1.92084
1.59873
2.40003
1.92126
2.2337
2.43987
1.07503
2.83225
2.03689
3.17009
2.97685
2.64792
2.8188
2.43809
1.8832
1.75553
2.46748
2.35413
2.53501
2.19103
3.03065
2.7893
2.70759
2.12195
2.79138
0.96718
1.36216
2.82906
2.8483
3.49431
1.96871
3.83241
1.63451
2.3988
2.41268
3.81954
2.68805
2.46469
2.10283
2.01087
1.82733
1.77973
2.23283
3.05731
1.31983
3.62989
2.40276
2.85619
3.82344
2.37643
2.24944
1.9095
3.18989
2.62544
2.19838
3.31368
3.76587
1.7471
2.5172
1.66273
1.64527
2.97476
3.75254
1.88436
2.79031
2.95753
2.96918
2.81786
2.46713
3.95214
2.83079
2.94357
3.94016
2.89953
3.77317
1.30201
1.16597
2.54511
2.17534
2.81157
3.86441
1.68322
1.53312
1.39269
2.68559
2.40198
1.08292
2.11852
2.1725
1.30726
3.96845
2.15386
2.27456
1.34549
2.70071
3.86016
3.38079
2.31669
2.08358
2.11836
2.75023
1.8701
1.33428
2.34593
1.34805
2.51216
2.86383
2.83877
1.14519
2.7761
1.68868
2.65236
2.67727
2.53799
2.63134
1.65508
2.10382
3.30434
1.686
3.00504
3.6405
2.49415
3.21812
2.44621
3.02775
3.54772
1.9597
1.66536
3.09508
2.1135
2.56938
4.24306
2.27466
3.83797
3.13236
2.36837
1.98213
2.3798
1.528
2.50678
2.43371
2.81671
2.64751
1.74658
1.81586
2.60614
2.5102
3.03827
1.77488
2.82405
2.32762
3.69942
3.7807
2.1483
1.79997
3.4045
2.82191
2.12121
3.35386
1.30692
3.17594
2.88678
2.06233
2.04914
2.72433
3.01654
3.91641
1.5513
2.1447
2.04512
1.5144
2.59084
1.97804
2.28303
2.70812
3.0553
3.54788
2.21491
2.13643
2.09695
2.641
2.41122
1.61463
2.6176
3.37868
1.22165
2.97967
1.57392
3.2942
1.869
1.62408
2.22687
2.5677
2.81512
2.71791
1.49413
2.70431
1.74439
3.21132
2.54269
2.66692
1.99919
0.758784
0.580746
1.78556
3.48838
1.37898
2.68746
2.15489
1.88618
3.09627
2.87824
3.145
3.03396
2.89607
2.66738
0.873895
2.63648
2.29831
1.54126
4.43414
2.11987
1.41456
2.91147
2.89292
1.2182
1.22327
2.35685
1.55536
3.15781
3.03559
2.5416
2.68991
1.70273
1.97776
1.43554
1.96817
1.38502
1.9746
1.60359
2.65923
1.95447
2.46083
2.5908
3.9191
4.55543
0.997804
1.82143
1.88007
2.83343
3.42146
1.66809
1.90353
2.87257
2.21001
3.15712
2.92946
2.81465
2.93496
1.07198
1.64165
2.32783
2.61012
2.0305
1.72997
3.68953
3.05823
0.481708
2.25968
2.18073
2.99231
3.93386
1.41853
4.73945
1.75146
2.2144
0.928299
2.12959
2.18335
1.34305
2.62243
2.56392
4.86889
2.84945
1.75832
3.06164
3.04981
3.13067
3.37889
2.62784
1.14984
2.08564
4.00418
1.66099
1.82937
1.73895
2.97261
3.22039
3.86314
2.16853
2.10456
1.76351
3.54289
2.92335
1.75822
2.29377
2.24353
2.7247
2.07601
2.86982
4.50011
1.75696
2.50039
2.21772
3.12455
2.06506
2.82766
2.33597
3.68731
2.76981
2.85392
1.64444
1.37831
2.63106
2.9403
1.98273
3.19666
1.50443
2.92361
2.92885
4.94065
3.43864
1.87023
2.17885
2.80529
3.01406
4.07785
4.09448
2.63403
2.08085
2.85471
3.31488
1.89512
2.05457
1.98883
3.15337
2.53532
1.27865
1.94276
2.86732
3.94055
2.65177
2.36834
3.06675
2.35408
3.1533
2.11062
1.20265
3.62614
2.23191
1.69217
2.06061
2.37009
0.804348
1.53675
1.90917
2.83795
3.09891
3.35311
4.11638
1.73365
2.22373
2.90519
2.40435
2.67372
3.56215
3.18574
2.47316
2.6762
3.60361
3.35521
2.68553
2.78408
3.45058
2.05383
2.91211
3.73872
0.626027
2.93154
1.9927
3.12118
1.33123
3.00088
2.71038
1.67406
3.54237
2.75679
1.94268
2.36707
2.54297
3.01686
1.05929
3.80081
2.0205
1.27679
2.39161
3.26594
3.7695
2.47917
2.58891
3.06007
2.3418
3.07142
2.19903
3.30007
2.58779
3.3169
2.15138
2.26334
3.62004
1.93374
3.11037
1.46828
2.03872
1.64749
2.19227
1.99752
3.41022
1.51593
1.85378
0.822367
1.21287
2.35748
2.08561
2.18608
2.93711
1.85868
2.47142
2.35314
2.23319
1.96387
2.28391
1.34651
2.66186
3.05393
1.76262
2.84536
1.9881
2.36688
2.77417
2.72515
2.21086
2.19757
1.08972
3.34252
0.549679
3.08192
2.28214
3.2713
3.3636
3.81169
1.7682
2.35639
2.52828
3.42034
2.62746
3.62388
3.12714
0.439531
2.61596
2.96324
2.30247
2.72914
2.00862
2.75286
1.70867
3.0618
3.35249
2.13057
0.471405
1.50833
3.37383
2.76789
1.72289
2.35393
2.56553
2.88106
3.21067
2.67415
2.66763
3.67603
3.16418
0.859328
2.57884
2.83998
2.71275
2.3773
0.921866
1.94917
3.16179
1.74503
2.09013
3.20007
1.32939
3.25723
2.83823
1.65879
4.52164
3.29147
1.66431
2.47821
2.31096
2.82549
1.2717
2.78455
2.07787
2.94486
1.51463
2.82772
2.48576
3.07652
1.57809
2.29498
1.30963
2.62692
2.20904
1.1433
1.94568
1.99324
1.86265
2.56029
4.01831
2.70257
2.97198
2.08715
1.34661
1.93301
2.92815
2.41254
2.31821
1.73219
2.54756
3.21771
2.72462
3.55083
2.71668
1.26731
2.64243
3.18107
2.6047
1.85323
3.47692
2.31962
3.72796
3.07869
2.59834
1.9892
3.60993
2.85887
2.94847
2.23217
1.41956
2.93477
3.33343
1.55379
1.25213
2.5917
2.87101
2.11198
2.43709
2.17191
1.98992
2.60349
1.66272
2.35026
2.6182
2.06076
0.713633
1.84035
1.85892
3.17293
3.45592
1.2811
2.63655
2.8557
3.23096
4.12933
2.14233
2.31524
1.72437
2.76638
2.87304
2.88662
1.79
3.23191
2.967
2.93141
1.49304
2.03607
1.49398
2.07723
1.91851
3.19846
2.08985
1.29365
1.80637
1.76612
3.01542
1.51058
2.22253
1.91859
2.37357
2.47506
3.76532
3.31071
3.15339
0.172686
2.30725
2.84088
2.19268
1.65444
2.68056
