2.09495
2.21895
1.19077
2.62812
2.47047
2.62686
2.29808
2.93391
2.00041
2.82251
2.45585
2.36301
2.96536
2.54253
3.00058
3.64404
1.5846
1.29174
1.762
3.19046
2.44649
3.1277
2.97944
2.2227
2.41601
1.9319
2.05017
2.69556
2.26803
1.43308
1.67694
1.98903
1.91125
1.85858
1.43062
1.31465
2.2943
2.66006
3.49875
2.74752
2.28079
2.50069
2.11189
1.47544
2.55737
3.25602
2.47166
1.53936
2.32538
1.46776
1.71735
1.68943
2.61738
2.15984
2.86319
2.72871
2.98722
2.183
1.52985
2.20763
2.09001
3.15334
2.15101
2.27902
1.58909
1.65509
1.63612
1.87637
2.02597
1.97483
3.07483
3.53313
2.50974
2.19966
3.14592
2.75411
2.37902
2.89818
2.57352
2.98726
3.46608
2.49009
3.58563
3.56944
2.95411
2.99335
3.0466
3.09807
3.96897
2.95364
3.03755
3.73162
2.81541
3.20489
2.73976
2.56472
2.37221
2.1086
3.15726
3.05005
2.59476
1.53079
2.48106
2.04157
2.66079
2.49884
1.6869
2.61285
3.52607
2.83003
2.90215
2.23276
2.11224
2.33775
2.0698
1.6697
2.09665
1.10887
1.84813
1.84795
1.73837
2.22761
2.57802
1.80336
2.73305
2.11493
2.26294
3.11045
1.9987
2.60073
1.54966
2.24125
2.36695
2.74084
2.02938
2.36259
2.81745
2.91079
1.92431
2.52237
3.07956
2.66456
2.93766
2.47116
1.11311
2.67854
2.78674
1.74615
1.50066
2.05262
3.00781
2.85654
3.10423
2.37884
3.12915
3.22141
2.60395
2.42434
1.9731
2.7979
2.49272
2.70247
3.38537
3.13033
2.14182
2.23441
2.02102
1.73784
1.53162
2.24287
2.07748
2.57748
2.14391
1.74519
1.64826
3.42572
2.01432
1.6665
1.38518
1.13449
0.424392
1.26053
1.50249
2.26218
1.41853
1.43709
1.41983
0.906636
1.42059
1.4944
1.21598
2.07608
2.34954
1.69926
1.18889
0.718482
1.71818
0.512312
1.40553
1.79175
1.29866
1.47153
1.80413
0.981599
1.60111
1.6933
1.36004
2.25043
1.9762
2.13607
1.86999
1.97684
2.05824
1.93324
1.22405
2.18284
1.27235
1.46293
1.67149
1.40828
0.757175
1.38301
0.710623
1.23963
2.31306
1.64091
1.96915
1.93205
1.68414
1.11641
2.07072
2.08929
1.42298
2.36523
2.47192
2.70233
2.85227
3.0911
2.1987
3.01726
2.76845
1.92601
2.59663
3.08926
2.83242
3.09136
3.90338
3.31028
3.65609
2.47981
2.82216
2.33245
2.09321
2.45533
1.94845
2.04681
2.53969
2.12998
1.77993
2.38823
3.08187
3.15109
1.8264
2.15062
1.91088
1.87299
1.38675
0.976285
1.62596
2.00414
1.92971
1.67167
1.80238
1.95095
1.54906
2.62694
1.04317
2.28938
0.516539
0.879118
1.19229
1.60977
1.6407
0.884014
2.45874
1.79414
1.96864
2.93315
1.36056
2.09932
2.21911
1.91744
1.31037
1.22745
1.83163
1.03004
0.318899
1.24704
1.12525
1.59533
1.70717
2.83261
2.69351
1.95403
1.78796
2.02208
1.92606
2.0603
2.14217
2.23623
2.6526
2.41572
3.43377
3.34234
4.01006
3.76303
3.70569
3.77234
2.70973
3.38671
2.8394
3.01858
3.65523
2.8236
2.99591
2.20334
2.05683
2.05427
2.17392
1.69711
2.00771
1.04965
0.777775
1.15039
1.82096
3.31263
2.00975
2.43694
3.19876
2.57092
1.43206
1.5688
0.527348
2.01084
1.75054
2.56407
0.98902
1.04055
1.65513
1.08935
1.71415
1.63073
2.22295
2.50236
2.42363
2.17341
2.24508
1.56109
2.27053
2.38754
2.20635
3.43587
3.57826
3.6687
2.85493
2.90093
3.42698
2.1276
2.70953
2.91897
2.41831
2.32005
1.75264
2.07196
1.81391
2.72779
2.30849
3.0361
3.22652
2.43266
3.29374
2.12247
2.30238
2.81509
3.01331
2.5321
2.13942
2.11087
2.39111
2.65549
2.66802
1.50692
1.64988
2.38563
2.14425
1.85912
2.47056
2.15183
1.81892
3.04282
3.16841
1.98035
1.55978
2.13908
2.3678
2.27982
1.5362
2.06301
1.51869
1.7429
0.514097
2.28949
2.362
1.06009
1.72773
1.10196
0.948252
1.94818
1.44709
1.64027
1.39912
1.72106
1.83156
1.78725
2.66681
2.93319
2.44782
2.14404
1.77336
2.36608
2.86244
2.67306
2.50344
2.27314
1.57233
2.11314
2.08943
1.531
2.05358
2.85503
2.34557
2.15618
2.01059
1.3806
2.12661
2.59589
3.15904
2.23011
2.46866
1.53085
1.69965
2.15474
1.97287
2.02007
3.04984
2.61774
2.37448
2.89819
2.46073
1.98792
2.6378
1.93429
2.26301
2.3327
1.60404
2.06133
2.01002
2.5654
2.24117
1.85696
1.58861
1.77423
1.37879
1.57527
2.71436
2.84077
2.57934
2.35981
2.60023
2.54861
2.31895
2.27127
2.26115
2.27174
2.85208
2.7632
1.88936
2.12215
1.73912
3.117
3.49595
2.20763
2.95149
1.93007
2.55957
2.06372
2.57159
3.14026
2.10352
2.60816
3.14666
1.98965
1.81491
1.50468
1.01588
2.47463
1.93716
2.17107
2.30531
1.87734
2.432
1.71903
2.21781
1.5539
1.26989
2.17319
1.36692
2.59835
2.86418
2.98393
2.67209
2.79791
2.55545
2.88341
2.55879
2.80052
2.48742
2.50887
2.37951
2.67931
2.67902
1.74218
2.48518
1.97288
2.92448
2.92363
2.00502
1.99289
1.49266
1.9429
1.64922
1.72875
1.61452
1.2128
2.73052
1.92789
0.996531
2.09319
1.7824
0.922709
1.4168
1.03859
1.74772
2.28888
2.2679
2.41144
1.9642
1.55123
2.13059
1.76119
1.9238
2.44652
1.67229
1.81697
1.54815
2.49828
2.1526
2.89866
2.70531
2.34885
1.9064
2.38118
1.5409
2.25369
1.79502
1.65758
2.99417
0.817169
1.3395
1.39592
1.38157
2.00162
2.21246
2.94518
1.21473
1.83163
0.903964
2.46042
2.11273
1.44016
2.00624
1.76305
1.48144
1.84307
2.40381
1.35216
2.48239
2.72923
1.59715
1.76284
3.04337
2.30379
1.99734
2.0864
2.81831
3.10984
2.50326
1.93174
1.90823
2.08362
2.70196
2.18553
2.73618
3.0579
2.99565
2.60025
1.74303
2.33536
3.49203
2.71533
2.2222
3.02343
2.02778
2.39221
2.25402
2.25985
2.29116
2.84348
2.19651
1.72559
1.94453
2.47692
2.06437
1.09105
0.936939
1.62914
2.48573
1.6078
1.3183
2.19653
2.40528
2.41514
2.31893
1.36008
1.77579
2.58692
1.77877
2.02575
1.70235
2.45741
2.62947
2.28735
2.42712
3.06746
1.71867
1.80052
2.5622
3.16413
2.7862
1.52762
1.63147
1.30043
0.810281
0.78659
1.36788
1.1929
0.551435
-0.0322693
0.57604
1.33528
1.1029
0.682777
1.84803
1.1846
0.954874
1.2184
1.43378
1.58203
1.9654
1.07738
0.774697
2.26216
2.12066
1.76092
1.62421
0.829886
0.194966
1.16118
0.873318
2.37783
1.90993
1.70834
1.78858
1.37012
1.96706
2.43782
2.21446
2.41763
1.15452
1.85796
2.26001
3.08889
2.13076
2.01146
1.67713
1.39065
1.24558
1.99585
1.8184
2.27926
2.05548
1.62664
1.75312
2.48258
2.68256
2.90427
1.79496
1.76407
0.939505
1.34109
2.21494
1.84831
2.58216
1.75491
2.21432
1.728
2.21342
1.80233
1.51048
1.70966
2.65391
1.2305
1.47802
1.43531
1.70708
1.84977
1.79454
1.44521
1.31297
1.48629
1.43676
1.73554
1.41253
2.12201
1.55165
2.77462
2.19641
0.821173
2.23972
2.80784
2.36488
1.89442
2.11327
2.05994
2.38878
1.94749
2.52416
2.36255
2.83253
2.16345
2.33598
2.38299
3.83604
3.20248
3.09356
2.43974
2.63
3.29412
2.69243
2.91166
2.3784
3.33147
2.80304
1.67622
2.55161
2.21822
2.33491
2.29814
2.03119
2.89225
2.69341
1.33049
2.00612
2.23531
1.93738
1.54008
1.55818
2.34701
1.47233
2.33353
2.7858
1.82906
3.56003
2.25275
1.99568
2.6279
3.14451
2.41493
2.71265
1.45068
1.55211
1.99311
1.82045
2.86282
2.62553
2.11317
1.31963
1.8759
1.61193
1.50944
2.46851
2.20691
1.93176
1.78705
2.57323
2.08777
1.57324
1.94491
2.27397
2.69836
2.26223
1.79968
2.55204
2.72522
2.63874
1.74587
1.9553
1.51255
2.39602
1.03007
1.80777
1.86095
2.18127
1.6341
0.596035
1.02855
1.54386
2.67691
2.26716
1.34035
1.98578
1.33693
2.14697
2.44451
1.7378
0.856203
2.00848
1.60411
2.40311
2.03205
2.52634
2.92831
1.24966
1.96062
2.52398
2.33632
2.4883
1.9879
0.797147
1.59563
2.18794
1.26657
2.59803
2.53211
2.70496
2.76522
1.83525
1.96833
1.60866
0.899631
0.646932
1.53726
1.94492
2.62941
2.62471
2.94867
1.61543
2.26643
2.94417
1.82797
2.1144
1.58663
2.01366
2.63963
2.73075
1.34165
1.46359
1.35156
1.41962
0.886708
1.96445
2.3445
0.914596
1.24342
0.733243
1.19777
1.54625
1.1821
1.03358
1.3446
0.27803
1.27008
1.79495
1.42248
0.715229
2.07945
2.72095
1.40194
2.54138
2.83383
2.56399
2.4584
2.19645
1.56642
1.75115
2.05883
2.17916
2.28606
2.52714
2.11233
1.65311
2.27455
2.19093
1.85903
1.92075
2.00658
2.04143
1.74779
1.72464
0.996356
1.12631
2.15186
1.21915
1.54392
2.32704
1.78314
2.82073
3.21193
2.13443
2.28783
2.32493
1.7447
1.62073
0.947494
2.32504
2.32696
2.42593
1.70328
2.05717
2.02373
1.90863
2.78606
1.81867
1.17921
1.84824
1.39224
1.29686
1.60284
1.53699
1.33296
2.28049
1.39238
1.04026
0.780269
1.25018
0.742018
0.44466
1.49822
1.82816
1.068
1.43699
1.98189
1.87246
1.6743
1.43295
2.38469
2.56281
2.10773
2.95997
2.39505
2.33361
0.524547
1.65183
0.363914
1.06249
2.36658
2.66403
1.4243
1.65705
2.80846
1.66745
2.14591
1.99642
1.81739
2.01056
1.51218
1.27544
3.21924
2.80191
1.82969
2.85083
3.77336
3.37046
3.22124
3.91821
1.5567
3.04825
1.67097
2.93354
2.2422
1.97999
2.43671
2.48296
2.64608
1.79446
2.23817
2.35498
3.00181
3.32251
3.39728
3.75388
2.72167
3.31573
2.53156
1.62289
1.68446
2.36621
1.99181
1.68854
1.77555
2.11303
1.57172
2.23728
2.22207
2.39992
2.29794
1.63074
1.15215
2.58017
1.36113
1.27484
2.8065
1.56147
1.60585
1.50717
1.88376
2.36781
2.45795
3.00174
2.74016
2.20314
1.98239
3.08088
4.07926
2.7759
2.72002
2.00353
1.16762
2.10557
1.63728
3.08744
2.29799
2.55409
2.33088
1.76383
2.2025
0.687863
0.4347
1.45552
1.1702
1.25401
0.358101
0.79946
1.61202
1.82456
3.07982
3.24303
2.32557
2.30765
2.27227
2.74439
3.00633
2.42008
3.97165
2.0006
2.93628
2.61747
3.41362
2.90349
2.55941
2.06234
2.11869
2.43075
3.20062
2.72028
2.94203
2.08195
2.72539
2.03485
2.62622
1.47571
1.73361
2.94159
1.73261
1.66759
1.80994
1.88587
2.22064
2.32837
2.99444
2.54979
1.65416
1.92926
2.18146
1.83281
2.20559
1.34729
1.85896
2.39404
1.99526
1.82364
1.46617
1.62714
0.41201
1.38535
1.40483
1.96394
1.27018
2.07553
1.83218
1.54675
2.23938
2.0965
2.29419
2.03523
1.7471
1.97077
2.75743
3.03093
2.37341
2.40506
2.39791
2.23668
3.14621
1.90087
2.91554
2.51162
2.03414
2.20832
2.94967
3.05072
3.6269
3.13167
3.18388
2.31947
1.78876
2.56133
2.12421
1.7346
1.84598
3.09346
3.23359
2.34357
2.87625
1.9946
2.15968
3.00732
2.97404
3.29236
3.35089
3.21467
2.78033
2.97859
2.94129
3.31998
2.95359
2.77009
2.97192
1.98613
2.33735
1.18629
1.99453
1.70516
2.22567
2.53671
3.3203
2.9708
2.59538
2.46373
1.77616
2.73453
2.14836
2.64448
2.08066
2.07384
1.89855
2.48739
2.78397
2.37166
2.56201
2.42974
2.79396
2.29129
1.92246
2.52643
3.46048
3.65351
2.47728
2.82443
2.75053
2.7561
2.59882
1.86226
1.71329
1.65922
1.25217
2.55372
2.61037
2.82647
2.09865
1.76496
2.28117
2.12482
2.60167
3.45388
2.83704
2.87273
3.18469
2.81728
2.67394
3.07824
3.2323
3.47176
3.25021
2.80583
2.69041
1.45086
2.42311
2.50927
2.28541
2.71926
1.92018
2.11936
1.88207
1.54794
1.74496
2.46996
1.29471
1.74696
1.71383
1.6939
1.99187
2.01961
2.13863
2.5976
2.26706
2.77407
3.1547
1.85386
2.05539
2.3583
1.66183
0.818361
1.09146
0.849733
1.63024
0.956696
1.79294
1.35612
2.03057
1.98045
2.83059
1.81271
2.6405
1.74913
1.67279
2.36199
2.36442
2.7529
2.1043
2.11117
3.11071
2.58929
3.195
2.94953
3.30316
2.79027
3.28942
2.83474
2.83761
2.93446
2.04973
1.96357
1.79408
1.66999
2.1314
1.51731
2.35964
2.75458
0.830442
1.147
2.39694
1.50771
2.15213
2.31765
2.10768
1.78595
2.38027
1.88964
2.30058
2.51532
2.34275
2.72917
2.97883
2.94855
1.71888
1.68093
2.88082
2.50304
2.25022
2.72482
2.47459
3.47108
3.22471
2.58587
2.1454
1.81207
3.02252
2.55179
1.91501
2.38587
2.72021
2.34215
3.24709
3.0768
2.96128
2.78119
3.15871
1.82291
2.82703
1.77908
1.21098
1.32707
1.83632
2.03739
2.91385
2.61148
2.3931
2.03574
1.94978
1.93268
3.18317
3.04821
2.65042
2.18459
2.12782
2.38258
1.41428
1.32217
2.86112
1.33074
2.04435
1.73963
2.35596
2.24663
1.96366
2.10342
3.74845
3.069
3.99677
3.74591
2.64073
3.02204
2.58041
2.77726
3.65149
3.41839
2.65463
2.85469
3.05188
2.50605
2.98337
1.92516
2.82188
2.43217
3.25759
3.56567
3.65729
2.98592
3.40967
3.35326
3.22477
2.2889
2.94195
3.43949
2.64284
2.88345
3.30668
3.17865
4.17076
3.44385
3.91684
3.14749
4.02034
3.06987
4.3188
3.51572
3.69146
3.43383
4.19075
3.37687
3.58996
3.79269
3.6559
3.95585
3.2183
3.00111
2.64858
3.25118
2.97031
3.17885
3.25512
3.37764
3.36899
3.16067
4.144
3.39291
3.51135
3.97077
3.62715
3.57369
3.36342
3.53912
2.86729
4.03402
4.16733
2.57188
3.71556
3.77613
3.06222
3.20652
2.94394
2.99751
3.08227
3.5549
2.68998
3.49636
1.82233
3.06287
1.8667
2.36605
2.01032
1.55854
2.40439
2.29582
2.06707
3.10491
2.94895
2.01707
1.81205
3.31889
2.21464
2.61855
2.58327
2.86099
3.87082
3.04375
2.52413
3.3047
2.54585
2.50856
2.2016
3.42062
3.19465
3.02942
3.02281
1.91412
3.24368
2.02056
2.02415
2.91345
3.22867
2.40715
2.71665
2.47439
1.84132
2.30566
2.87784
3.34312
3.35153
3.41334
3.487
3.82427
2.9579
3.59047
3.12987
3.04398
2.66951
2.16679
2.41127
2.2836
2.77969
2.70588
3.53685
3.81144
3.17566
2.7851
1.37671
2.43181
3.02367
2.47595
3.01761
2.87742
2.36495
4.3525
3.31722
2.90847
3.17112
2.56145
3.46241
2.6023
2.27441
2.34884
2.15394
2.42441
3.35881
2.11856
2.43956
3.58864
3.09799
2.56842
3.29665
2.83282
2.21727
3.19726
3.83197
3.51112
3.63314
3.84757
3.55555
2.90644
3.02724
3.57647
4.42771
2.75718
2.89527
3.17697
3.00904
3.11809
3.07044
3.05861
1.98832
2.56187
1.45097
3.25098
1.91193
3.09749
3.71361
4.08473
4.70209
3.38932
3.97966
3.76511
3.04237
4.41375
4.00577
4.0005
3.53458
3.30962
4.17043
3.92075
4.21778
4.12535
4.06864
4.02398
3.76783
4.00309
3.01251
2.9977
2.70576
2.62383
3.86582
3.97796
3.75398
4.03679
4.10373
3.54673
3.72674
3.69006
4.4911
3.88813
3.57936
4.27116
3.87623
2.91585
3.03901
3.27701
2.82549
2.66005
2.42015
2.43256
2.69391
3.26503
3.00404
3.56219
3.63827
2.83694
3.04231
1.89237
3.43302
2.56661
3.07607
3.29084
3.57574
3.88914
3.48031
3.33809
2.86904
2.65855
3.25516
3.58202
3.03043
2.51248
2.30957
3.52191
2.15525
4.11626
3.62815
2.744
2.95808
3.18388
2.02307
2.27536
2.69588
2.84448
3.14497
2.79875
3.39841
2.86778
3.68768
3.8095
2.77495
2.77603
3.62034
3.39116
2.39137
3.90434
4.10963
3.62719
4.41951
3.78293
3.79039
3.58789
3.81149
3.66903
3.71031
3.46152
4.12638
4.55848
3.9947
3.66618
3.26937
2.94901
3.87288
3.40126
3.88671
3.29775
3.12302
2.50491
3.10742
3.99466
3.14122
3.74427
4.24076
3.64536
3.93287
3.16129
2.61045
2.8534
2.98595
2.87116
1.91397
1.88607
3.20175
1.97941
3.93043
3.62276
3.07288
2.66279
3.49985
4.27811
4.03343
3.52809
3.63444
3.18152
2.98855
3.24342
3.74101
2.85585
3.8024
2.38886
3.43492
2.56831
2.92179
2.573
2.4992
2.40554
3.08577
3.26929
3.38247
2.9859
3.0674
3.09484
3.11866
3.97333
4.28884
3.8409
4.05216
3.69083
3.52707
3.88991
3.00071
2.93439
4.22444
3.62564
4.4204
4.52334
3.41421
3.398
2.78034
3.50617
3.77057
3.5553
3.66812
3.0704
2.85413
3.20407
2.14682
2.35326
2.60975
2.75126
3.57897
2.35126
2.2461
2.66646
2.72645
2.4599
2.38482
2.8099
2.79025
2.57521
3.74077
3.24631
2.25001
2.50707
2.22979
3.00515
3.6213
3.14996
3.86969
3.05824
3.74998
4.42933
4.06092
3.19807
2.76907
2.05553
2.1381
2.83453
3.3179
3.03173
2.17099
2.08754
3.92223
3.12254
3.36558
3.96158
2.58484
3.80753
3.46315
2.64513
1.98362
1.76961
2.01363
2.48109
2.74392
2.63072
2.3917
2.35503
2.04825
1.57675
2.12326
2.64415
2.75262
2.99502
3.15249
3.21238
3.15931
1.99414
2.84165
3.41155
3.80414
3.18914
3.19931
2.83915
3.31408
2.77819
3.72637
2.75876
3.42183
3.86575
3.77673
3.03045
3.71888
2.6575
4.0296
3.85053
3.67341
3.54007
3.71894
3.3221
4.36766
3.51614
2.80972
3.08891
3.35093
3.63882
2.84082
2.43434
3.49937
2.93985
2.24532
3.08068
2.64076
2.92306
3.77216
3.06768
2.96369
3.04667
3.2599
3.07762
2.5251
2.73758
2.96775
2.94071
3.32833
2.96641
3.78203
3.9175
3.33146
2.69603
2.56749
2.63265
3.16158
3.72585
3.78996
2.66243
2.40602
2.91507
2.63275
1.77837
2.15769
2.99482
2.89836
2.93849
3.67972
3.38545
3.23304
3.74949
3.49142
2.60989
2.43734
2.62996
2.6375
3.18811
3.753
3.04763
3.70487
3.57745
3.11484
3.14808
3.67749
3.78401
3.83003
3.06833
3.44211
3.08444
2.83197
2.77447
3.47717
3.30266
3.63797
3.54625
3.31454
3.76848
3.49671
4.05492
4.22995
4.37045
3.78968
4.38231
3.92968
3.89703
3.62072
4.30106
4.70379
2.2991
4.157
3.524
2.65961
2.84095
2.35401
3.14203
3.3043
3.71001
3.9767
4.38855
4.21968
3.20845
3.24027
3.311
2.78976
3.87199
4.15732
4.27423
3.08294
2.37314
3.29865
3.04803
3.22983
3.06878
3.52179
3.60963
3.90887
3.84171
3.93256
3.69105
4.51147
3.74395
3.7871
4.45931
4.55963
4.62744
4.0109
4.07526
4.4375
4.63195
4.50322
4.62839
3.75368
3.79004
4.08657
3.66624
3.80729
3.63896
3.45914
4.01322
2.07565
2.44159
3.29476
3.31817
4.19189
4.1021
4.04519
3.64542
3.47509
3.68439
2.92817
3.96537
4.01471
3.25743
2.82787
3.1893
2.85653
4.46078
4.36293
3.67981
4.11198
3.74232
3.65699
3.69316
3.61403
3.97669
3.43247
3.65656
3.54408
4.14795
3.13276
4.20303
3.43399
4.2374
3.77552
3.63081
4.26303
3.64542
3.72438
3.46388
5.01344
4.58802
4.31811
3.90746
3.65492
2.55657
3.66898
3.42795
2.66166
2.93516
3.73213
3.59664
3.48322
4.1147
3.40855
2.70001
2.44714
3.18996
3.73117
2.73912
3.72166
3.15562
2.56138
2.44676
3.42502
2.99376
2.76038
2.79805
3.42152
2.49486
3.42958
2.2737
2.46224
3.08479
2.63009
3.44398
2.30043
2.56752
2.01254
3.45634
3.69848
2.80981
2.5617
2.81429
2.27626
2.24349
2.1131
2.60947
2.42706
2.34356
2.70689
3.48393
3.47795
2.55589
2.08717
2.08869
2.47246
2.19722
2.13018
3.33382
2.99922
3.07505
3.31636
3.52433
3.47138
2.53942
1.63359
2.71368
2.13389
1.94773
2.46517
2.93611
2.79447
2.95133
2.22569
2.27455
2.94696
2.95587
2.02667
2.41981
1.81119
1.80579
1.61861
2.60466
3.31812
2.92538
3.17046
3.10502
3.81245
3.05062
2.43916
2.57951
1.43274
3.10418
3.30785
2.07657
2.22748
2.18186
1.94221
2.64074
2.44522
2.15611
2.07984
2.93255
2.23709
2.49148
1.94706
3.40238
3.33893
3.15812
2.83208
3.21425
3.39493
2.4635
2.05026
2.13531
2.19036
3.39334
2.71315
3.91704
3.30785
3.49202
2.54131
3.33914
3.61186
2.98425
3.86735
3.03672
2.92993
3.44743
2.98113
2.94879
3.00635
2.27945
3.09076
4.04614
3.13128
2.87293
1.87172
1.49422
3.76302
3.69228
3.35967
3.1829
2.33745
2.51699
2.7092
2.61265
2.99042
3.13501
2.66312
2.83245
2.70193
2.48627
2.94102
3.36033
3.75172
3.4328
3.5181
2.82379
3.4626
3.71203
3.06258
2.41858
3.12324
4.21914
3.47795
3.26233
2.9476
3.34449
3.39592
3.22319
2.79824
2.4066
2.61437
2.68162
2.67881
3.28046
2.67885
4.23097
4.03975
3.20388
2.9961
3.24994
3.19484
3.15547
3.74812
3.48215
2.9389
3.47978
3.40401
2.89739
2.90409
3.4758
3.53841
2.50896
2.31622
2.91911
2.15475
2.38551
1.32258
1.1202
1.25082
3.30329
2.39587
1.54731
2.34588
2.01978
1.83984
2.83501
2.04442
2.58262
2.1221
1.87666
2.63045
2.56167
2.26601
1.4858
2.13458
1.90186
1.95694
2.62989
2.87491
2.53174
2.68726
2.63045
2.42152
1.80742
3.02758
2.85197
3.00086
2.86236
1.86267
2.83954
2.61466
2.21853
2.2469
2.27961
2.80116
2.74971
3.01523
2.29311
2.59975
2.90803
3.82645
2.83709
3.57127
2.43633
3.58961
3.23016
2.66362
2.68617
1.9104
2.29695
2.40909
2.97995
3.58543
2.94248
2.94952
3.56372
3.33134
3.60117
3.25707
3.96867
3.99921
3.3438
2.95924
3.75488
3.48248
3.53945
4.34911
3.81144
3.66217
3.55174
2.26487
2.77382
2.60602
2.58901
3.17478
3.42623
2.95411
3.33112
3.76236
3.49763
4.34674
4.34434
3.89833
4.45036
3.54056
3.3949
4.11693
3.14939
3.59059
3.32956
2.67296
3.23143
3.21972
3.56062
3.30456
3.13595
4.32504
4.55129
3.45424
3.38743
3.08314
3.80032
3.38934
3.62951
3.58041
3.93555
3.19602
3.84525
3.35792
3.99229
3.07486
3.87601
2.99505
4.4293
3.51038
2.11374
2.41577
2.37799
3.1389
3.25344
3.8406
2.67302
3.18144
3.30364
3.14805
3.85545
3.94432
5.04696
3.86054
4.56944
3.99333
4.36161
3.93373
4.51932
4.24771
4.00539
3.80369
4.01073
3.73523
3.0997
2.72047
4.02882
2.85762
3.06797
3.55637
3.27744
2.60196
2.67815
2.4808
3.25901
3.28494
3.795
3.45921
3.05552
4.08807
3.60662
2.89551
3.46741
4.85871
3.53461
3.92331
3.95289
3.67007
4.08219
3.65795
3.68651
4.25609
4.2139
2.99155
3.1515
3.63953
3.62632
4.17735
3.68431
3.94741
3.6902
3.73924
3.72406
3.42534
3.07812
3.98297
2.96367
3.26537
3.75334
4.0065
3.76536
2.78593
3.30551
3.03369
3.78339
3.2369
2.65458
3.40579
3.15373
3.86682
4.22744
3.5986
3.96415
3.06388
2.75271
2.33848
2.40641
3.68615
2.99891
2.94547
3.34875
3.22848
3.70898
2.78058
3.25039
1.61896
2.39929
2.83401
2.73412
2.31822
2.70992
2.72002
3.06089
3.28016
3.54557
3.21921
2.55769
2.63704
2.11924
2.46249
3.26305
2.47114
2.13595
3.62977
3.36252
3.6044
3.13975
3.06008
2.44788
2.72913
3.15323
3.07215
3.60146
3.0213
3.1222
3.95537
3.39296
2.61212
4.21367
3.37254
3.43924
4.53356
3.30237
4.78254
3.79007
3.69654
3.65989
3.69459
2.8959
2.74744
2.65772
2.58567
2.54743
2.30094
2.27888
3.1435
3.28188
2.64449
3.48514
3.25679
3.29977
3.58761
3.09548
2.77907
3.96457
2.97197
3.38214
3.12738
3.21748
3.03601
2.18171
3.26271
1.81131
1.4988
2.71285
2.42969
2.80602
2.79626
3.17723
2.63876
1.4696
2.39364
2.12187
2.9374
2.67059
3.13309
3.26921
3.54712
3.38987
3.74635
3.21592
3.89322
2.29941
3.57264
3.11198
2.57864
2.69605
2.89138
3.11491
2.46988
2.66319
2.30912
1.76266
1.99209
1.72912
2.1859
2.86165
3.10944
3.30145
2.78411
2.46617
2.81771
2.30106
2.58545
3.63934
2.84359
3.53776
2.82635
2.3171
3.11462
2.56529
2.25728
2.51819
2.559
3.62232
2.32277
3.43272
3.68883
3.86637
2.80618
2.7633
3.5063
3.42443
2.91947
3.11898
2.46186
3.22052
2.71421
2.62833
3.38268
3.44056
3.00228
2.82946
2.07635
2.81393
2.04149
2.68299
2.46403
2.79499
2.96649
3.00986
2.86042
1.91091
2.28771
2.53189
1.49368
1.3977
2.64005
1.61795
2.47265
2.33462
3.0983
2.8869
2.92768
3.08208
3.36888
3.19576
3.86012
2.24098
3.75775
2.42916
3.31804
2.90611
3.90593
3.34725
2.84044
2.79977
3.6069
1.53774
3.4701
1.86649
3.61325
3.48832
3.49253
1.66416
1.95906
2.15343
3.41595
3.86738
4.05249
2.71404
3.10851
2.72828
2.40279
2.06356
2.46996
2.55724
2.90688
2.99555
2.62892
3.12326
2.15166
2.86894
4.70903
3.1865
2.76454
2.37589
4.35068
4.38184
4.65002
4.42314
3.42739
4.60326
4.24734
3.45856
2.84068
2.63982
2.1042
2.42695
2.29393
3.35803
3.0862
3.57038
2.99705
3.75638
2.85073
3.8826
3.58696
2.71077
2.98809
3.37463
3.2791
2.34138
3.26595
3.06804
3.50174
3.61739
3.18351
3.42642
3.5942
3.57854
3.13846
3.75485
3.18078
3.05329
3.86303
3.3971
4.13103
3.24624
3.04292
4.38706
3.25929
3.81674
3.47731
2.66815
3.41204
3.15623
3.37619
4.2631
4.36977
4.37589
3.66907
3.55261
4.56852
4.25815
3.56383
3.25199
4.77692
3.93422
3.7383
4.3301
4.3525
3.94783
4.7019
4.52155
4.63726
4.70476
4.29476
4.44265
4.63625
3.70383
4.22869
3.48958
3.27458
3.06716
2.84526
3.72358
3.80131
2.68624
3.00396
3.39473
2.92405
2.52969
3.10807
3.7696
3.46715
2.95547
3.85302
3.90879
3.99575
3.19152
3.48099
3.73146
2.75404
2.79333
3.56983
3.44953
3.64126
3.20684
3.33184
2.76209
3.34281
3.42984
2.97472
3.64653
3.99644
3.12121
2.96177
2.81749
3.59833
3.67513
4.14272
3.73336
3.02981
4.09528
4.12459
3.45277
2.53422
2.71129
2.7568
3.69068
2.96074
2.99715
3.2701
3.35324
3.12805
2.62459
4.2349
2.61207
2.86423
3.1979
3.35161
2.99622
3.76945
3.37166
3.44818
3.06081
2.88874
2.80683
3.59178
3.80236
3.69471
3.37429
4.40046
3.33304
3.00517
4.05985
2.91156
3.30667
2.98059
2.19299
3.44769
3.75708
3.80801
3.4336
2.98248
3.05016
2.34726
3.40757
1.89566
1.43354
1.72879
3.30418
2.42116
2.25816
1.83141
1.80714
2.07275
1.84921
2.17807
2.81715
2.28631
2.1457
2.23691
2.55343
2.99418
2.38154
2.90863
3.44903
3.05477
2.55515
2.29092
2.98114
3.12312
3.20477
3.26058
3.37675
3.05386
2.8042
3.22426
2.54213
3.63255
2.90592
3.22386
2.86169
3.49994
2.93244
3.72349
3.92631
3.3018
3.71873
4.03372
2.89097
2.53268
2.34757
4.63931
3.37617
2.39547
2.46453
2.79922
1.97235
3.09703
2.70193
2.57901
3.06315
1.97452
3.34134
1.9673
2.97455
2.01663
2.52345
2.899
1.75745
3.39481
2.87859
3.2911
2.97646
2.89152
3.13917
3.31246
2.3099
3.29615
3.20163
2.89288
2.98524
3.35342
2.83898
2.97037
3.13626
2.93326
3.67004
3.60234
3.28464
2.3519
3.22713
3.85566
3.62301
3.59678
2.98308
3.46912
2.40398
3.07461
2.32088
3.44777
3.68418
1.96588
2.62504
2.95943
2.57904
2.61952
2.33349
3.42284
2.88237
2.25257
2.75356
2.83091
3.22813
3.42518
3.38424
3.4328
3.27351
4.41105
3.48774
4.68384
3.93479
3.65512
3.63549
3.93509
3.22173
3.67125
2.6072
3.85699
3.86727
3.96267
2.38946
3.2077
3.06195
3.14025
3.29669
3.54514
3.75766
4.10907
3.62193
2.82247
3.88246
4.02755
3.98972
3.78199
2.95201
3.6167
3.85575
4.0751
3.82813
4.04496
3.50576
2.87752
2.20771
2.5824
2.74682
3.67437
3.38466
3.52945
3.4638
3.33114
4.43882
3.84568
4.47908
3.51741
2.34067
2.90323
2.28577
2.68904
2.0031
3.2464
2.81902
1.73269
1.44415
1.69082
3.26113
3.22006
2.67634
2.25852
2.39164
1.77944
3.42728
3.23048
3.07892
2.72547
2.78244
3.69919
3.25598
3.47719
2.66455
3.25941
3.05532
2.73185
3.24336
2.28807
3.43712
3.84552
3.55688
3.72559
3.7518
3.96187
3.55541
4.09475
4.00525
4.72486
4.90742
3.89005
4.2484
3.34692
3.27707
3.4198
3.91235
3.09839
2.79627
4.22876
4.12807
3.97822
4.75136
3.66339
2.59673
2.89102
2.88506
2.63891
2.85757
3.62567
3.92398
3.36961
2.83378
3.53679
2.54607
3.23529
4.24478
2.70355
3.05966
3.74653
3.97759
3.80394
3.84661
4.00001
3.42768
3.45342
3.58559
3.54698
3.12017
2.80368
3.66353
3.71673
3.58244
3.51234
4.70324
3.6438
3.86416
4.57647
3.8319
3.72252
3.91895
3.75272
4.09162
4.06515
2.58224
2.56099
2.86496
3.69036
2.93469
3.97896
2.95381
4.38459
2.75232
4.225
4.38214
3.96066
4.0303
2.7435
2.60883
3.87262
3.85485
3.28998
4.23935
3.43805
4.03414
3.14361
3.858
3.41098
3.72097
3.41024
3.93526
3.23369
3.38208
2.96014
4.19814
2.74918
3.14741
3.40808
3.18821
2.86665
3.35212
3.6722
3.85393
3.86396
2.864
3.65869
3.76707
4.4151
3.72246
3.19969
4.07475
4.01893
3.54942
3.27097
2.53654
2.72901
2.10428
3.14451
2.59565
3.37763
3.45676
4.12893
3.9535
3.70414
4.69413
3.77639
3.98478
2.3169
3.0696
3.23545
2.98087
2.11837
1.47163
2.12901
3.14284
2.80531
2.44412
2.98466
3.80591
3.6578
4.25402
2.67762
2.96857
3.36874
2.44029
2.42049
3.22599
3.24236
2.40719
2.57102
3.17495
3.06825
2.52856
2.22247
3.47023
2.77499
3.17719
3.97627
2.84121
2.00773
2.82586
3.12713
3.01792
3.24229
2.43961
2.77452
3.15166
4.24701
4.20529
2.40029
3.75846
3.32624
2.75172
3.56949
2.90661
2.74119
3.0281
3.21912
3.47345
3.74831
3.22562
2.55359
3.62609
3.8888
3.97893
3.10737
4.23569
3.4569
4.15125
4.09317
3.60161
3.58543
3.37407
3.974
3.54969
4.30616
3.2721
4.00881
3.38592
4.34373
4.49398
4.23019
4.08273
3.92183
3.48432
3.0981
3.5675
3.89097
3.90117
4.39788
4.03691
3.26833
3.44016
2.86542
3.69222
3.36196
3.76571
3.87027
2.76974
2.42448
2.89857
3.21028
3.93173
4.09367
3.49141
3.14124
4.19217
4.86341
3.94035
3.21145
3.78677
3.59218
2.79213
3.45478
4.13107
2.48772
3.63147
3.63412
3.7424
3.89646
3.26709
3.78464
2.94073
3.26205
3.51012
3.60618
3.01774
3.14673
2.50361
3.00058
3.29659
4.14644
3.66805
3.30578
3.0374
3.04951
3.36105
3.96433
3.15467
3.31367
3.1653
2.90658
3.0714
2.52438
2.92968
3.4944
2.53018
2.96376
3.30066
3.18216
3.33873
3.13565
4.15296
3.8198
3.50978
3.91965
3.34835
3.55856
3.05508
2.95782
3.76651
2.99769
3.19106
2.49898
2.69998
3.14834
2.8194
3.18503
3.01835
2.98164
2.5809
2.29112
3.36372
2.58331
3.04178
3.43535
4.19022
3.08935
4.4357
4.55776
4.27204
3.43453
3.19569
2.67048
3.16325
2.95877
2.65854
3.76836
3.95799
2.88361
2.55264
2.45478
3.42637
3.24107
2.23307
2.94423
2.54075
3.34538
3.5063
3.01069
2.64234
3.97481
2.89031
2.78386
3.74318
3.008
1.83746
2.46406
2.69395
3.45076
3.46219
2.7625
3.32069
3.08563
2.89986
3.90207
3.06893
3.09606
2.61627
3.14944
3.86433
3.98673
3.4736
3.24231
2.96765
3.57283
3.99215
3.77681
2.27392
2.77175
3.32579
4.27033
3.52562
3.02627
3.23733
2.75818
1.88832
2.60447
3.04249
2.38318
3.4171
3.5679
3.31113
2.81012
2.94104
3.28318
2.36247
2.98107
2.79375
2.65841
2.59844
3.23262
2.59784
3.70775
3.76016
3.57223
3.07865
3.55729
3.33958
4.11854
3.66464
3.8569
3.17808
3.25462
4.2666
3.31581
3.45009
3.70273
3.92754
4.689
3.6707
3.29815
2.40336
2.43277
1.89782
2.84539
2.88951
2.78202
2.88742
2.70021
2.02325
2.08994
2.77306
2.48861
2.79396
2.88325
3.66095
3.49984
4.02506
3.3397
3.14869
2.63464
3.3604
3.14164
2.99824
3.47288
3.58805
3.51953
2.82841
3.05675
2.90876
2.56637
2.29884
3.22441
3.40444
3.31054
2.30282
2.80182
2.94418
3.60061
3.55736
2.61139
3.13868
2.15188
3.71052
3.69795
3.79434
4.04285
4.49857
4.17245
3.72538
5.16503
3.28462
3.14956
3.66817
3.0386
4.3806
4.13429
4.23496
5.2918
4.593
4.13423
3.924
3.28698
3.52652
3.18624
3.40429
3.81744
2.87322
2.99103
3.37877
3.93181
3.25267
3.87925
2.94919
2.99285
3.37438
2.50913
2.58163
2.78684
2.4768
2.32412
2.46492
3.11828
2.76756
2.76439
3.09951
3.02048
1.91186
2.06838
1.75478
2.34184
3.5056
3.65551
3.24722
2.54477
3.28341
2.29412
2.88752
2.40544
2.87532
2.74453
2.99768
1.92968
1.9233
2.6656
2.73442
2.14275
2.62214
2.51296
2.39204
2.77777
3.06998
2.26707
1.85379
2.51888
3.01863
2.12638
2.24443
3.30382
2.71561
2.9033
2.88206
2.49517
3.08714
3.62336
2.69153
3.02422
2.15778
2.25027
3.06487
3.32245
3.56089
2.59962
2.82576
2.82974
2.98221
3.0388
2.6239
2.57796
2.76381
3.18509
3.26027
3.03539
2.47053
2.35873
3.49888
4.3105
3.88392
2.89684
2.35849
2.08932
1.99387
2.46484
2.53199
2.11498
2.5573
3.16561
3.3083
3.87181
2.35469
2.2483
1.99011
1.88909
2.26229
2.95823
3.0727
2.55452
2.40751
1.80333
2.1301
3.51351
3.3186
2.45686
3.46404
2.62455
3.88532
3.55821
2.14578
3.13515
2.7289
2.46176
3.33435
3.18621
2.95975
4.01499
3.32403
2.8812
3.19002
2.89107
3.56799
3.03694
3.15837
2.89307
2.86193
3.19777
3.90205
2.85913
3.01093
3.00771
3.06232
3.27063
3.30572
3.88348
2.70022
2.38154
2.72416
2.14732
2.51515
2.75937
2.97142
3.49483
2.64263
3.17897
3.5558
4.19732
2.99101
4.33254
2.94385
3.3787
3.3791
3.47522
3.59493
2.61959
2.56724
3.45137
2.58922
2.15248
2.38269
2.33291
2.81485
3.11199
2.77409
3.73603
3.77505
2.82723
2.97064
3.44052
3.47775
2.99318
2.41084
3.04581
3.23635
2.52352
2.2409
2.18555
3.33892
3.25281
2.98675
4.09942
3.3362
3.06917
3.52876
3.31182
2.56103
2.44564
3.16747
2.70912
3.21203
3.35881
2.9338
2.18886
3.27066
2.85809
3.62261
3.59244
4.04593
3.29844
4.14811
3.46736
3.16968
2.30099
2.44385
2.9391
3.42354
3.61373
3.57757
3.22673
3.24337
3.23321
2.79748
2.49093
2.38838
3.01175
2.15588
1.73063
3.14278
2.85747
3.19711
3.35077
2.67247
2.8696
2.14764
3.70162
3.91174
3.86011
2.92299
2.64531
3.24261
2.62657
3.30265
3.61672
4.04937
3.71855
3.43712
3.63826
3.7324
3.32045
3.24077
3.70677
2.32687
3.42078
2.56544
2.26977
2.56079
2.24566
2.64123
2.69517
3.40054
2.79966
3.44923
2.80482
3.7237
2.90304
3.27564
2.74892
2.98216
3.04775
3.84594
2.50805
4.02803
3.36507
4.78232
4.41999
3.76277
2.94091
3.09663
3.02955
4.17479
2.4983
2.94534
3.38908
3.69249
3.49661
4.08913
4.28448
4.19408
5.00635
4.47946
3.54082
4.30944
4.44587
3.4423
4.20774
4.31072
4.6561
4.79628
3.76781
4.07139
3.19309
2.97648
3.43028
3.36084
3.12112
3.05911
2.71373
2.80758
3.70406
4.05064
3.49756
2.68881
2.34693
2.60995
2.5209
2.19403
3.917
2.93558
2.7367
3.13113
2.50008
2.98102
2.92368
2.79057
2.43285
2.55285
3.57074
3.55134
2.2804
2.96514
2.95904
3.5034
2.33193
1.59874
2.96758
3.52761
3.02453
2.78506
2.29624
2.37819
2.49505
3.20923
2.60336
3.36373
3.35787
3.64826
3.50969
3.75164
3.90523
3.38696
3.81259
3.56828
4.47097
3.56313
3.43149
2.79581
3.31925
2.057
2.84466
2.82829
3.10095
2.47632
2.5777
3.31318
3.12785
2.75189
3.06796
2.99636
3.23049
2.48697
2.22435
2.03805
0.987515
2.61616
2.99524
2.86096
2.59897
3.11057
2.45623
1.69378
1.93634
2.60649
2.69481
2.44147
3.13713
3.3226
2.8533
2.87433
2.14203
3.20845
3.01454
2.08971
2.3489
2.9521
3.25906
3.18423
2.51431
3.33115
2.66061
2.33892
2.11135
2.93504
3.44178
2.28757
2.97185
3.33106
1.72229
2.42868
1.34556
2.54245
2.56445
2.22763
2.50616
2.70652
1.73939
3.09947
3.15776
2.60934
2.07568
4.20984
2.88587
2.31119
2.4836
1.83573
2.36412
2.43171
2.92285
2.70985
3.47677
3.20759
3.11678
3.44128
3.11294
3.61256
3.91044
3.26312
3.02517
3.40477
3.14942
3.19316
2.61209
3.45111
1.93762
3.70665
2.76775
2.93628
3.23407
3.3008
3.44286
3.33431
2.49525
2.04849
2.35953
2.57142
3.29241
2.06674
2.06962
2.02015
3.5934
2.94755
3.86715
2.23116
3.021
3.65965
3.64144
3.11669
2.85991
4.08052
2.59603
3.04113
2.98483
2.47491
2.23946
2.21717
2.09967
2.18984
2.02215
2.30329
2.072
1.79409
3.64768
2.33565
2.55576
3.10115
3.13021
3.33025
1.9121
2.66085
1.82519
2.58694
4.08357
3.43436
3.00006
2.62456
2.23776
3.21683
2.80192
1.7909
3.08228
2.09197
1.91057
2.12371
2.66302
2.40991
2.18506
1.87305
2.68408
2.57701
1.33893
2.53689
2.09829
2.9745
2.00979
2.57921
2.20177
3.23071
3.12333
2.23567
2.22809
2.28911
3.40191
3.84843
2.39467
2.14772
2.99444
2.08529
2.98269
4.27587
2.85986
2.87309
3.10342
3.25455
2.84898
3.01842
3.21762
2.5646
3.46149
3.78872
2.87743
3.42416
2.7784
3.97222
3.02669
3.11725
2.49941
3.32837
3.16585
3.55323
3.61353
3.4544
3.57613
3.89308
3.57407
3.87017
3.24403
2.89009
3.56217
3.02197
2.16531
2.78096
2.89252
2.60705
3.10594
2.25226
3.22754
3.9713
3.43721
2.90711
2.44866
2.26422
3.57475
3.41832
3.40694
2.60633
2.90189
3.53638
3.79222
3.78465
3.74294
3.37475
3.42754
3.57187
2.94795
3.65466
3.12936
3.60821
3.31998
3.23593
3.38142
3.4636
3.11331
3.71909
3.47768
2.27329
3.79267
2.75184
2.83635
2.91066
2.82776
2.69524
1.84986
2.64542
3.46351
2.96786
2.12807
2.02105
1.51734
2.46732
1.92911
2.1443
1.18567
1.99307
1.9106
2.05921
2.22028
1.50951
2.51217
2.35124
1.93575
1.70365
2.81157
3.21721
3.22458
2.85757
2.16164
1.86797
2.26331
2.02127
3.09615
1.79713
2.59068
2.29842
1.99541
1.67412
2.11338
1.27364
0.91722
1.11376
1.92207
2.40979
2.4481
2.49549
2.22296
1.39313
2.41924
1.66757
2.10364
1.89886
1.99574
1.82309
2.47902
2.12576
2.63582
2.73964
3.24126
2.71331
1.86765
2.71006
2.62903
1.83336
2.54203
2.29595
2.16232
1.76557
1.81315
1.84611
2.11563
2.01557
2.37262
1.50149
1.86909
0.770611
0.739716
1.98004
2.43081
1.54946
2.18901
2.37813
2.07242
2.63988
2.98276
3.03411
2.50452
2.81604
1.45383
1.53804
2.00909
1.90715
2.32165
1.82347
2.60672
3.87117
3.71245
3.04922
2.66066
3.24098
3.49078
2.44285
3.14204
2.24818
2.53471
3.31884
3.97121
2.92266
1.85877
3.15184
3.86299
2.27323
2.00181
2.93926
2.72875
2.70354
2.7328
3.42197
2.82412
2.78645
3.04957
4.3247
3.62039
3.58833
2.79577
2.88613
2.63133
2.91201
3.0646
2.82423
4.10017
3.29648
3.65851
4.14354
3.46672
3.60735
4.06061
2.59657
2.97205
2.86684
4.24712
3.56084
2.69139
3.5041
3.50122
3.75029
1.63854
2.86807
3.1825
3.20826
3.46031
3.19934
3.6214
2.90734
1.95725
2.43217
2.81407
1.80008
1.74669
3.0276
3.2222
3.46042
1.84399
2.06785
2.33261
3.0305
1.99182
2.82085
2.03389
2.58691
2.02001
3.09969
2.13087
2.97053
2.47457
3.6095
3.49205
2.9584
3.40108
2.87105
2.79558
3.04089
2.05784
2.72598
2.97218
2.44394
2.75774
2.81768
3.27994
3.49825
3.23848
3.34941
2.96592
2.36421
3.12307
3.48037
2.95326
3.57017
3.91532
3.2172
3.73576
3.43022
2.8173
1.99894
2.82385
2.65218
1.87436
3.24008
2.69944
2.92492
3.10398
2.43426
2.84696
3.75215
2.97732
1.87108
3.80044
3.39585
2.43553
2.80689
2.29376
2.33506
2.09877
2.15216
3.04859
2.68646
3.46417
2.76356
3.54902
2.84331
3.13294
3.05626
2.5516
2.51192
2.91602
2.26734
2.75936
1.99687
3.32669
3.90345
2.99917
2.80467
3.3291
2.54631
2.34185
3.31351
2.53892
2.69307
2.55594
2.19583
2.0832
2.19007
2.19824
3.02405
2.87574
3.51595
3.80864
2.72643
3.15477
3.06413
2.42655
4.04503
2.94332
2.42898
2.75311
2.89937
3.24234
2.71526
3.26036
3.47303
3.78588
3.46023
3.48004
3.69319
3.60686
2.97663
3.58836
2.89606
3.55416
3.091
4.30609
3.5141
2.82947
3.08566
2.97955
1.96915
1.67891
2.13585
2.21521
2.07062
2.35396
2.31963
1.61482
3.55921
2.62354
2.30234
2.44206
1.1875
2.72766
2.7879
3.72763
2.16295
2.1977
2.01454
1.77936
2.1513
1.8528
1.87475
1.59565
2.26828
1.55078
1.42857
1.91546
2.40633
2.89304
2.73698
2.93399
3.68448
1.99572
2.59721
2.52809
2.01079
2.14488
1.38951
0.743492
1.10674
1.46471
2.55088
2.33111
2.54196
1.72904
2.35281
2.79731
2.09635
2.33936
2.52136
2.25109
2.37037
2.43822
2.78406
2.71654
2.83396
1.75494
1.94357
1.40025
1.3943
1.54016
1.12401
1.30648
1.63968
2.02984
1.76718
1.99802
2.59954
2.08857
2.71157
1.97783
1.57804
2.39637
1.81578
1.51838
1.32688
1.29292
1.72134
1.70255
1.70526
1.91167
1.33805
2.1576
1.95656
1.86065
2.86484
1.85012
2.06257
1.66242
1.96209
1.96532
2.92923
1.61086
1.86758
2.61923
2.32298
1.85076
2.57582
2.44879
2.04476
1.60456
2.56725
2.39376
2.15061
2.87018
2.05455
2.21314
2.21891
1.9526
1.79877
2.85836
3.30285
2.44083
2.22518
1.96483
2.82302
2.43943
2.15975
2.55263
2.51581
2.37275
1.83467
1.67067
2.4233
2.03333
2.49654
1.93818
2.04353
2.47305
1.80439
2.50291
2.63265
2.29015
3.18668
1.95999
2.01011
1.52202
1.52071
2.5345
2.99781
1.68833
2.61917
2.08208
3.05429
2.92961
0.809754
1.57278
2.67213
2.30704
3.18394
3.63651
3.91755
3.47225
3.66171
2.9147
3.69588
3.10626
2.25268
2.65936
3.39328
3.45955
2.42779
1.66531
1.69858
1.41698
1.58017
1.99129
1.9997
2.20752
1.98602
2.20857
2.58549
2.85772
2.55525
2.80448
2.36547
2.4091
3.01315
3.96171
3.68261
3.18943
3.09983
3.3789
3.39906
2.7762
2.37385
2.08112
2.19619
2.67179
2.79433
3.17671
2.51488
2.59277
2.40682
2.73963
2.8174
1.59106
2.66733
2.54877
2.52038
1.62678
1.55558
1.37394
2.25921
1.81984
1.84895
1.49086
1.55916
1.53796
1.67733
0.994237
1.98541
1.31442
2.46836
2.44029
2.54879
2.24532
1.85217
2.40539
2.21635
1.958
1.48296
1.13946
1.97431
1.03163
2.59779
2.19992
2.903
1.65354
1.30318
1.77431
0.880003
0.395363
1.27093
1.403
1.13441
1.42225
1.63653
2.32871
2.5227
1.93327
1.66872
1.89495
3.13567
1.98867
3.33461
1.7828
3.16679
2.47486
2.48614
2.12566
2.43683
1.25568
2.57899
1.05685
1.17906
2.3171
2.70252
1.80369
2.0491
2.43947
2.1413
2.39224
2.49157
2.07826
1.39429
2.57473
1.78668
0.830694
0.870678
1.20445
1.81405
1.94278
3.20356
2.93738
2.90479
3.58194
3.08989
2.50613
2.23715
1.78165
1.23952
1.83436
2.1939
2.48576
2.06075
1.9239
1.38306
2.27604
2.91533
2.31733
2.54289
1.63951
1.3479
1.67518
1.3354
1.10622
1.91526
2.3167
1.64933
1.18669
1.43786
1.80712
0.873784
1.37645
1.85239
1.34339
2.14629
1.96086
1.57718
2.35859
2.14877
1.92097
2.52264
1.26195
1.78185
1.94306
1.73981
1.59048
2.00472
2.16781
2.94461
2.87772
1.86749
1.70357
2.62439
2.2749
2.4706
2.36476
2.85714
2.47504
2.83893
1.76308
2.38533
1.98467
2.49866
2.30694
2.94073
2.80863
1.58197
2.53968
1.90715
2.9831
2.63736
2.87518
2.18319
2.28527
1.8198
2.0568
1.86272
1.54735
2.07195
2.14594
1.48529
2.60875
2.60891
3.21031
2.52
2.42668
2.11366
1.69079
2.27811
2.22632
2.3926
1.70918
1.76956
1.43975
1.75479
2.08543
2.03964
2.16041
1.9729
2.45803
0.971318
1.64295
1.51346
1.40418
1.36035
0.648257
1.26686
0.961007
0.830781
0.691836
0.807507
1.35438
1.53012
1.65361
1.08776
1.2023
1.32303
0.132233
0.339286
1.42903
1.94926
0.359048
1.86961
1.2878
1.30234
2.09569
2.33944
1.98997
1.89874
1.56312
1.50508
1.4354
1.55176
1.30054
1.2507
1.16791
1.3187
1.85725
2.37447
2.45831
1.80664
2.36121
1.61215
2.48081
2.62512
2.85572
2.02403
2.33544
2.62204
2.31109
2.19293
2.4824
1.6224
2.49309
2.20994
3.59136
3.38457
3.25445
2.26123
2.6602
2.95135
3.19604
2.98495
2.89159
2.26856
1.91169
2.84969
3.66755
3.5345
2.23452
1.52253
2.22534
2.17015
2.07351
1.70676
1.83247
2.39096
1.68751
2.70136
2.89869
2.44674
2.87863
2.30134
3.03126
3.0892
3.6361
2.27489
3.52216
2.26187
2.35195
3.62643
2.22034
3.42096
3.59296
2.55383
4.1163
3.09806
2.82263
2.45262
2.38358
2.8347
2.66578
2.6616
2.55113
3.07599
2.32863
1.7233
3.712
2.22417
2.45721
2.38326
2.90263
2.64244
2.88626
3.53432
2.18035
3.05375
3.28932
2.59454
2.82052
2.54647
2.96298
3.12629
2.88922
2.18308
2.73915
2.67019
2.64833
2.29617
2.55229
2.63461
3.38162
3.45888
1.85526
2.67527
2.80092
2.16827
2.98712
2.78023
1.84489
1.53868
1.83143
2.85898
1.73157
1.87982
1.5745
2.66559
2.11114
1.57583
2.36882
2.12865
2.37568
2.35676
2.54597
2.33142
2.1498
2.27206
2.7312
1.21842
2.38531
2.50683
2.34009
2.45872
1.97672
2.60354
2.72796
2.72264
2.72049
2.94823
1.89763
2.32524
1.81293
1.39032
2.2022
2.63603
2.30677
1.72888
1.69835
2.84943
2.33028
2.02274
1.52804
2.20001
1.38766
1.84744
2.06644
1.70462
1.94324
1.20715
1.51853
2.02073
3.03527
3.71118
3.31394
2.96397
3.29773
2.74129
2.02334
2.46253
3.16255
2.78926
2.88381
2.31831
1.97286
2.45574
2.43178
3.6022
2.48512
2.23289
2.55138
2.39319
3.05943
2.45288
3.10365
1.80361
1.44956
2.31098
2.71554
2.99282
3.04332
2.95714
1.81926
2.47007
2.31448
2.42923
2.40767
3.66472
3.79294
3.44136
3.39031
3.0765
2.18213
2.84413
2.66712
2.18694
1.91727
2.45057
2.64303
1.44497
2.28083
2.45111
2.8342
1.88779
2.93523
2.95281
3.26999
2.12914
2.80961
2.72568
2.28021
3.27924
3.01197
1.90892
3.3944
3.76003
2.59805
2.33755
3.08188
2.50307
1.46993
2.23851
1.96728
1.92176
1.60305
3.0544
1.65567
1.81505
1.93003
2.4149
1.41833
1.86262
1.66638
2.49796
2.48301
2.10576
2.14177
1.48175
1.03961
2.53652
2.77372
2.55715
2.26768
2.5767
2.80342
2.32884
3.22523
3.04938
2.16933
2.31505
2.91807
3.2109
2.58145
2.74663
2.58388
1.96303
2.25204
2.80456
1.81677
2.30599
1.68966
1.91703
1.82099
1.45976
1.19001
1.34344
0.832401
2.01919
2.17594
1.49736
1.81377
1.97305
1.81909
1.3543
2.03482
1.13939
0.9427
0.626798
0.946374
0.719674
1.18002
1.10593
0.796404
1.68768
1.88874
1.63382
1.39714
2.14433
2.16695
1.85763
1.8494
2.30879
2.55117
1.79668
2.43768
2.16155
1.33211
1.05508
1.0989
1.78996
0.8015
1.54506
1.22109
0.804697
0.139376
1.60254
0.617822
0.759682
0.531366
0.520585
1.60464
1.53866
1.30542
0.584104
0.905767
0.183605
0.171015
0.913183
0.0590717
0.172951
0.23416
0.621289
0.194555
0.819951
0.896
1.37076
1.76737
1.51183
0.593705
0.683941
1.14744
1.08986
0.782723
0.953401
0.841687
1.19966
0.815523
2.00071
1.63378
2.72364
2.8784
2.27983
2.58979
2.22426
2.82015
2.23903
2.30785
2.81834
3.23099
1.72299
1.95601
2.45771
2.6004
2.66256
2.00036
2.37557
2.02354
2.20333
1.63785
2.16537
2.23343
2.16593
2.89225
1.23936
3.04948
1.58223
1.99385
2.4658
3.00636
2.67685
2.01801
2.57502
2.82118
2.78786
2.05574
1.61986
2.45869
2.23321
2.72068
2.47056
2.61312
1.8962
2.30473
2.02631
2.56095
1.67274
2.00055
2.26455
2.49218
3.1789
2.23339
1.82911
1.77542
2.31082
2.64454
2.26647
2.63311
2.41436
3.01918
2.5453
2.79498
2.2577
2.35945
2.90546
2.71415
3.26904
3.06363
3.95335
3.82973
3.96194
2.79925
2.08912
2.85181
2.97951
2.23188
2.65977
2.39583
3.75113
2.73794
3.41228
3.88054
2.82741
4.20912
2.61123
1.93042
1.52549
2.8916
2.42259
2.43453
3.01101
3.38322
3.07673
3.10815
3.07961
3.22765
2.99547
2.22911
1.43834
2.46448
2.01356
0.749153
3.35171
3.56256
3.14779
4.66686
2.64248
2.71434
2.95825
2.79117
2.67826
2.09122
2.70933
3.61734
3.5617
3.09344
3.74761
3.62699
2.71788
2.73084
2.68998
2.37536
3.00834
1.76604
1.85608
2.47452
2.11339
2.67405
2.94307
2.5725
2.07775
2.29524
1.9657
1.82643
1.89558
2.28545
2.70746
2.55042
2.14665
1.81474
2.05549
2.06276
2.13813
1.34681
1.82358
2.42867
2.48011
3.07989
2.21017
2.08355
2.59925
1.90687
1.98293
1.78337
2.72909
2.72038
1.99794
2.73998
2.43758
1.73757
2.5737
2.90187
2.71833
1.9152
1.45566
2.81374
2.31457
1.01465
0.921934
1.70362
1.50179
1.37614
1.59765
1.3829
0.410779
0.918542
0.718947
1.45256
0.955752
1.22276
0.797421
1.78235
1.49073
1.6435
2.08299
1.89107
1.80989
0.104589
0.195082
1.0768
0.436812
0.437465
-0.219408
1.04172
1.23857
1.56201
0.336993
1.00552
1.81861
1.53687
0.958755
1.37248
1.84406
1.39792
0.514975
1.40368
1.53789
1.25884
0.589598
0.91305
1.17864
1.50549
1.64349
1.38057
1.49221
2.02312
1.3058
0.284719
1.41069
0.998848
1.95044
2.58786
1.8162
1.93768
2.26491
1.46333
1.65562
2.50212
3.09716
1.73963
2.26829
1.58046
2.9367
2.14036
2.25431
1.73032
2.19805
2.66062
3.56198
2.47245
1.52335
1.47609
0.871182
1.42441
1.29417
1.44024
1.74562
1.2432
1.41227
1.46188
0.950105
1.57747
3.33181
1.7767
2.26618
2.11153
1.56759
3.04217
2.53058
1.6696
1.69706
2.32627
3.13481
1.91338
2.50513
1.48137
2.47773
2.59618
4.1005
1.90521
2.08603
1.9388
1.63346
1.61855
1.80348
2.59097
1.84973
1.8815
2.51921
2.51861
2.07035
1.94897
2.22905
2.68324
2.77267
1.25508
2.8669
1.51014
2.15798
2.45773
2.49931
1.47411
1.93357
2.05747
1.96019
2.36391
2.16221
1.46965
2.25118
2.38911
1.96708
2.66801
2.34697
2.27446
2.48438
2.71629
2.21055
1.83764
1.55324
1.42741
1.79192
1.45118
2.24351
2.13541
2.31471
2.14095
2.70049
2.10946
3.86393
2.67256
2.69212
1.78042
2.23829
2.36379
1.72597
1.92791
2.7408
2.43642
2.6422
1.99551
2.31982
2.38945
2.70205
2.38477
1.63383
2.50468
2.76107
3.07949
2.3628
3.13215
2.66795
2.4962
1.8409
2.93914
1.94914
2.55288
3.05861
3.04416
2.26721
3.14024
2.94754
2.9804
2.70314
2.65912
3.21167
2.63396
2.70615
2.66458
3.17658
2.1427
2.24126
3.28181
2.96281
2.95007
2.7776
2.13833
2.40638
2.62149
2.40236
2.41459
3.22607
2.1336
1.38462
2.21687
1.70379
2.25156
3.3633
3.54621
3.38161
3.10205
3.51066
1.80822
1.99233
2.06034
1.90086
2.78394
2.68227
2.34279
1.6941
2.00576
3.21253
2.68203
2.22067
3.21462
2.63656
2.3208
1.99842
3.13802
2.56479
3.82339
3.51138
2.91363
2.99106
3.01605
3.14659
4.78142
4.35635
4.21088
4.37121
4.0183
4.65797
2.74407
3.22134
3.39772
3.23311
3.75762
3.48827
2.75199
2.64833
1.98066
1.91649
2.97066
3.00177
2.96278
1.96323
2.61774
3.51955
3.22327
3.235
2.76791
2.97325
3.49153
3.55486
3.17538
3.67781
3.24912
3.24581
3.07615
2.35478
3.1662
2.43047
2.99747
2.04099
2.12785
2.55354
2.19401
3.06864
2.0986
2.18142
1.72752
2.53991
1.98294
2.31754
2.33396
2.72465
2.72483
3.65106
3.14593
3.19305
2.56544
3.11006
2.48242
2.62857
2.76306
3.09225
3.06137
2.99967
3.78887
3.06067
3.77498
3.45837
2.73996
3.28312
3.6446
3.47748
2.55778
2.82105
2.53356
3.22932
2.71007
2.55274
2.54356
2.88795
2.91642
2.25576
3.02105
1.96689
2.35318
3.36169
1.78731
3.03739
3.00309
2.88989
2.81037
2.91975
2.09167
3.59417
3.09596
3.18651
2.60777
2.72986
3.00571
2.26286
3.83968
3.22819
2.04894
2.69794
2.71935
3.54365
3.82177
3.29919
3.60084
2.31202
2.47033
2.08452
2.50016
2.64953
3.28402
2.90016
3.20279
3.15468
3.46305
2.62145
2.31991
2.1342
2.96117
1.71064
1.23661
0.807986
2.99895
2.55517
2.11146
1.39879
2.66416
2.41006
2.15779
1.68328
2.03866
1.86253
2.29866
1.5366
1.53626
1.48184
1.50086
1.16267
1.45712
1.11826
1.62262
1.04003
1.3054
3.15907
2.39363
3.24485
2.42927
3.01919
2.90202
2.4375
2.48473
1.63083
1.4193
1.05615
1.11318
0.849532
1.58207
0.986069
1.31568
2.49109
2.16046
1.70752
2.70404
2.26955
2.45457
3.21036
2.76294
3.41005
3.48263
1.79926
2.49528
2.26332
2.00439
2.72057
1.36981
1.91381
2.33625
1.93656
2.12413
3.06833
2.73181
2.36874
1.89128
2.35026
2.1694
2.14898
2.32313
1.45919
1.24279
2.22128
2.04573
2.09306
2.78942
2.09228
2.31488
2.66713
2.06499
1.15375
3.09007
3.29535
2.69668
2.34589
3.37
3.08118
2.86713
3.44709
3.0736
2.66243
2.87929
3.27779
2.85208
2.15413
1.91451
2.29314
2.42286
2.13687
3.15173
2.18431
3.06742
1.65403
1.84217
1.74074
2.48816
3.13175
2.5947
3.17409
2.86211
2.4744
2.17314
2.69
3.00075
1.90637
1.62791
2.12415
1.67547
2.25324
1.95332
1.60282
2.9009
2.14913
2.52388
2.33328
2.38909
2.45428
2.88949
1.78923
2.07482
2.01469
1.84539
1.10026
1.22751
2.63003
2.2326
2.1183
2.36908
2.02069
2.29221
2.18434
2.87065
3.33873
3.21577
2.42733
2.85508
2.57044
2.50042
3.04177
2.73716
3.53052
2.50526
2.84535
2.18781
1.46025
1.64678
2.03971
2.3551
2.28523
2.07816
3.03448
2.76293
3.38163
3.10044
2.65735
2.56071
2.57047
3.27462
2.15331
2.80069
1.59781
1.82153
2.21236
2.2416
1.8468
2.75696
2.96999
3.37729
2.65583
2.60285
2.55509
2.41352
2.36558
2.64367
3.1028
3.29674
3.81792
3.98322
3.44357
3.72742
3.17274
3.17005
3.24646
3.2825
3.09635
3.13329
2.65986
2.59718
3.15447
3.12971
3.27642
3.27293
2.97076
3.19535
3.31698
2.57256
3.52398
3.5504
3.05664
2.75603
2.94921
3.55086
3.86753
3.45875
3.6403
3.21578
1.7789
3.08376
4.18309
3.88572
3.0285
3.37304
3.54725
3.29344
3.30126
2.84781
3.9887
3.05058
3.22734
3.7731
2.42607
3.98174
2.59097
3.13654
2.3387
1.88107
2.00358
2.35631
2.76279
3.04402
2.86367
2.44319
3.1546
3.28689
3.26103
3.09611
3.32743
4.08499
2.40866
2.42294
3.03811
2.57169
2.57094
3.00291
3.84907
2.67075
2.58468
1.72581
2.50625
2.34874
3.00521
2.61334
3.04839
2.49065
3.56512
2.5766
3.67531
2.46786
2.5145
2.95893
4.45639
4.65792
3.73873
4.19141
3.08246
2.82173
3.68761
3.81704
3.57034
2.87288
3.12704
3.38353
3.4808
3.45936
3.23974
2.29392
3.59219
3.36242
3.16597
3.00893
3.5806
3.1724
4.63546
4.4549
3.62846
4.31667
3.00722
2.27685
3.52279
2.56246
2.14579
2.19898
2.32486
1.45768
2.16325
3.91772
3.15516
2.85521
2.05301
2.25399
2.34517
1.90314
2.29934
2.9822
2.54761
2.65242
2.67115
2.6626
2.95752
3.80566
2.66269
2.86223
3.09535
3.02252
3.48459
3.11089
2.31465
2.98968
2.95894
3.60883
3.11415
3.06838
2.67391
3.2894
2.4389
2.76758
2.71175
2.74751
2.83778
3.60119
3.00596
3.51004
2.71141
2.81465
2.76776
2.3175
2.57302
2.47443
3.50093
3.21452
2.8546
2.48801
2.0887
2.46279
2.39357
1.67409
2.64639
2.15176
2.24066
1.71378
1.86222
1.41358
1.95537
2.48953
2.33837
3.068
2.85251
2.90622
2.70937
2.49263
2.36365
2.54481
2.45385
3.53919
2.51284
3.37731
3.30913
2.25364
1.70724
2.39302
2.23985
2.68322
3.14088
2.3738
2.33821
3.04695
3.35761
3.42512
2.44895
3.10743
2.22556
2.22397
1.85233
1.662
2.93602
2.32813
2.36216
2.01825
1.99354
2.74136
2.10911
1.89919
1.82519
3.03094
2.32084
2.47611
3.02967
2.98717
3.12981
2.92776
3.07185
2.65331
2.19141
1.94873
1.2651
1.91399
2.17813
2.59466
3.40739
2.37093
2.97337
2.70921
1.92707
1.58789
2.5392
2.56539
2.40696
2.2232
2.87177
2.72371
2.57979
2.54175
2.55804
2.2197
2.82214
2.81293
2.98201
3.16678
2.67985
2.82449
2.72025
2.87176
2.34422
1.75685
2.319
2.42819
2.64178
1.92521
2.36874
2.11726
2.77012
2.62135
2.73233
2.78728
2.16376
2.41827
3.29797
1.94275
2.12143
3.25364
2.14734
2.57728
2.91516
1.91905
2.60972
2.61331
3.25257
2.68687
2.96955
3.56449
3.79925
3.82389
3.00881
2.18136
3.24631
3.54813
3.7236
3.14759
2.7217
1.82079
2.4681
2.10537
1.18432
1.96976
2.55473
2.27048
1.46371
3.2614
2.26424
2.15983
3.26883
2.75556
2.18051
3.66266
3.04365
3.21448
3.01298
3.65704
4.13196
2.53047
2.56987
3.24113
3.02422
3.04045
4.01142
3.42902
4.0175
3.42229
4.1891
4.55282
5.31432
4.06558
4.4785
4.42202
3.40268
3.88212
3.74602
3.85664
3.87401
3.29819
4.60176
3.5173
3.49755
3.28232
3.3092
3.09877
4.23886
3.91968
3.59776
2.95311
3.24485
2.63534
3.06513
3.8029
3.05571
1.95233
2.63615
2.52677
2.95645
3.25323
3.67588
3.76627
3.6382
3.47904
3.11884
3.50199
3.67934
2.91086
2.13814
2.56702
2.95451
2.57792
3.43794
2.9372
2.83112
3.09482
2.6208
2.94466
2.66687
2.72405
2.07989
1.34192
3.07106
2.35699
2.03727
3.05588
3.23897
2.49344
1.86172
1.89117
1.50217
2.01652
2.14565
2.47041
2.98818
3.48191
3.20517
2.96152
3.67649
2.56667
2.25847
3.29294
3.31229
3.19794
2.20995
2.6785
2.58154
2.17515
2.4666
1.61173
2.52128
2.73581
3.24754
3.69392
3.13969
2.22781
2.61052
2.45554
2.61207
3.41255
2.48316
2.67399
2.63891
2.66876
2.13548
2.02343
3.52304
2.65968
2.92203
2.24988
1.23261
3.00038
2.71251
3.06867
2.94287
2.26863
1.93608
1.51968
2.48286
2.96591
2.05623
2.1608
3.37037
3.1393
2.66179
2.84957
2.44929
3.10841
3.2678
2.77595
3.65531
2.90279
3.73752
3.83114
2.33545
3.32285
2.70556
2.99631
2.53148
3.27286
2.35559
4.27877
2.44647
2.9095
2.70441
2.98479
3.0881
3.06711
3.00804
2.82071
2.72427
2.84539
4.11328
3.04999
3.07025
3.71851
3.71703
3.41718
3.00995
3.27044
4.05568
4.89481
3.88949
3.73053
3.70315
3.09684
3.04606
2.11839
1.72255
2.13257
2.18404
3.19043
3.1028
3.14701
3.41831
3.93223
3.60521
3.52524
3.00942
3.90643
4.05631
2.89705
3.30463
1.98066
2.59017
3.10052
3.5469
3.35779
3.28368
3.65982
3.95875
3.05869
3.8255
4.10692
3.20081
3.41286
3.34732
2.26997
2.35422
2.88563
3.09657
2.32219
3.11192
2.38091
2.33824
2.29839
1.48213
1.57952
1.75348
2.54572
2.53535
2.63754
2.75847
2.36581
2.23025
2.52864
1.70913
1.7729
2.43955
2.15355
2.27472
2.21629
2.23386
2.98658
2.35965
3.13795
2.56496
2.20716
2.81095
2.50782
3.51083
2.84065
3.3564
3.04713
2.25666
3.05474
2.33382
2.91137
2.57514
4.27304
3.02907
3.45183
2.43563
3.37145
1.97446
2.25111
2.58483
2.66407
1.46136
2.47771
2.40918
2.79642
2.94692
2.47993
3.0774
3.60773
2.64979
3.49746
2.28716
2.26381
2.17251
3.09487
2.82418
2.96945
2.26188
2.96275
3.10244
2.9382
2.04794
3.12944
2.31897
2.39867
1.17845
1.86228
0.922042
1.85831
2.74405
1.51811
2.24123
2.38632
2.30558
3.21321
3.06798
4.72611
2.9298
2.47789
2.18653
2.08822
2.68216
1.94708
3.69375
3.43179
3.91581
3.48125
3.6598
3.06279
3.41794
3.01522
2.75328
2.87419
2.2192
1.96376
2.92102
3.20798
2.74887
3.12715
3.49415
3.79336
2.66268
3.47608
3.31503
4.03018
4.20473
3.74298
3.44849
4.46397
2.722
2.80942
3.76043
3.19822
3.60624
2.88168
1.59604
2.36222
2.35383
2.07832
1.84664
2.17444
1.61348
1.48587
2.4537
1.94654
2.82761
3.12845
2.58693
2.29963
2.34519
2.62347
3.0539
3.11872
2.91026
3.05561
2.07915
2.97928
2.77147
2.97002
2.79201
3.0815
2.68436
2.63287
4.01608
3.66068
3.3946
3.11611
3.64378
3.15895
2.40236
3.31496
3.58151
3.47728
3.23558
4.26318
2.41122
3.28033
3.14937
3.31761
3.48205
2.69442
2.69877
1.94036
2.61344
3.14488
3.20988
3.06392
3.02361
3.05701
3.22848
2.84381
3.4631
3.97243
3.71156
3.62089
3.53086
3.17679
3.2327
2.54603
3.45997
2.60495
2.22746
2.41735
2.36193
1.56767
2.70734
2.82765
2.44856
1.93368
1.60469
1.61817
1.9194
1.70451
2.25359
1.36513
2.31631
2.11873
2.13916
2.15039
1.84171
1.88834
1.06916
1.84504
2.33477
1.49396
0.92605
0.282128
1.61138
0.536334
2.16144
1.48788
1.51395
1.53124
1.54112
1.24405
1.86735
1.62092
1.91108
1.74921
1.87
2.02908
2.62301
1.85411
1.92227
2.2941
2.22063
2.27978
2.39597
2.21995
2.95697
3.38074
2.30802
2.91316
1.26396
2.0745
1.84204
2.3873
2.30061
1.49976
0.693471
2.26667
2.11592
2.98568
1.94966
1.84072
2.77476
2.11925
1.67582
2.79848
2.96332
2.44568
1.95215
2.8488
1.95358
2.52771
2.06736
1.62261
1.64743
2.44514
1.3182
1.30409
1.52445
1.96063
2.04978
2.24286
2.63422
2.25326
2.755
3.18412
2.55002
3.06097
3.15985
2.16904
1.49153
2.14108
2.11187
2.28749
2.4707
1.73448
1.83346
2.39795
2.90008
2.01031
1.87023
2.89754
2.414
2.29391
2.91145
2.5423
3.07146
3.62502
3.58002
2.91345
3.77773
3.23347
2.56933
2.49858
3.59116
1.85843
2.56818
3.96496
3.94
4.1521
2.76309
2.96788
3.04628
2.88713
3.22505
3.43284
3.50016
3.20517
2.43349
3.19352
3.41864
3.98822
3.13083
3.52915
3.32334
3.11754
3.5261
1.89593
2.36881
2.71325
3.13399
2.25855
3.21817
3.73001
2.03208
3.48313
2.51697
3.55332
3.73203
3.01313
3.59106
3.21151
2.83021
2.61238
2.57306
3.40732
3.29604
3.29353
3.69315
2.64217
2.90394
2.7885
3.11004
2.65919
2.33326
2.35525
3.15007
2.52666
2.29622
2.5687
3.01283
2.81779
3.90461
3.64118
2.85013
2.33531
2.0142
3.2434
2.98672
3.47966
2.35463
2.58946
3.45734
2.75472
3.08928
2.51839
1.9377
2.15733
3.37138
2.61819
2.50471
3.46149
3.03441
2.68738
3.95085
2.91699
2.54746
1.57605
2.25024
3.00447
3.4121
3.66461
3.09837
3.65314
3.00111
3.23831
1.88135
2.59374
2.25705
2.93102
2.3048
2.32331
2.2845
2.47481
2.93423
3.82678
4.11213
3.02606
3.03577
2.9719
3.02334
2.84479
3.12235
3.59451
3.72561
3.65542
3.84796
4.58414
5.50513
3.50508
3.68708
2.90251
2.31181
3.01028
2.10518
3.26923
3.30864
2.44844
2.61425
2.35207
2.11534
3.3305
2.95469
2.01387
3.8175
3.30108
3.02984
3.30875
2.77124
3.22968
4.04331
3.03016
3.82215
3.97348
2.76352
2.9788
3.52672
2.35409
2.2953
2.91094
2.3273
3.54427
3.85999
3.55749
2.54277
3.15843
3.62901
3.33543
2.57506
3.30647
2.98973
3.08578
4.06291
3.06411
3.87666
4.30097
3.71811
4.05713
3.32533
2.57122
3.03807
3.09499
3.00205
3.56136
3.11327
1.86636
1.7874
2.67223
1.83628
2.33043
2.11168
2.25495
1.59609
1.66552
3.0127
2.5866
2.45042
2.08855
2.11584
1.94305
2.10915
3.09141
2.21671
2.4761
3.14767
2.51175
3.43821
3.23805
3.7734
3.12663
3.3407
3.21116
2.67096
3.40399
2.91444
2.09707
2.46052
1.92782
1.86715
2.04759
3.41245
2.3323
2.06344
1.68985
2.28312
2.24777
2.51495
2.02636
1.61547
2.40721
2.23009
2.42587
3.57439
2.80051
2.51025
2.06561
1.41083
1.83525
1.05518
1.07691
2.67364
2.50581
2.44132
2.61933
2.70959
3.17514
3.27122
3.32359
2.68318
2.16282
2.05988
2.72891
2.68679
2.77258
2.21474
2.22892
2.2015
3.32775
2.20125
2.10119
1.69014
2.06939
3.23666
2.83776
2.49658
3.18328
1.55018
2.29252
2.16733
1.88325
2.96896
2.37428
1.77835
1.97758
2.25655
3.39753
3.4037
2.52666
3.13065
3.85662
3.65104
3.93067
2.4888
2.3181
2.85727
2.98504
2.50039
2.31222
3.50486
3.5589
3.38427
4.18713
2.28121
2.22731
1.44224
1.5396
2.25139
2.12782
1.87092
2.94289
2.80388
3.09974
2.96425
3.12994
2.27464
2.23504
2.35434
3.22736
3.10501
2.86668
2.55789
2.53601
2.30503
2.20315
2.24692
1.40206
2.73054
2.17567
1.06057
1.88519
3.04836
2.52677
2.75273
1.68736
2.63213
3.25295
2.23029
2.27125
2.83232
2.73116
2.01271
2.67311
2.83308
2.92648
2.42282
3.31677
3.48263
3.21701
2.67523
2.40521
1.9258
3.33514
3.29785
2.78341
1.51579
2.43133
3.07067
3.40041
2.76688
2.43724
2.75385
3.72387
4.08884
3.2108
3.02504
3.2872
3.27668
2.89005
3.49741
2.12126
2.90176
2.10032
3.45191
3.41727
3.11721
3.40729
2.71323
3.15876
2.9463
3.2981
3.39746
2.62393
2.44573
2.92159
2.3058
2.45536
3.22495
2.99102
2.9127
3.07806
2.79532
2.55135
3.20783
3.49452
3.25489
3.1199
3.1972
3.59867
2.45601
2.56347
2.61357
2.54379
3.68538
2.7153
2.84027
2.80025
2.9312
2.88192
2.13494
2.44784
2.60458
1.7749
2.37242
2.3646
2.64636
2.22882
1.05655
1.90258
1.47415
2.388
1.6046
2.97614
1.69634
2.1578
1.27076
2.08964
2.71717
3.54819
2.89657
3.3257
2.88255
2.60554
2.63814
2.5594
4.37216
2.76054
2.39262
2.57137
2.82727
3.00525
2.05294
2.54256
2.34226
2.46988
2.85562
1.89636
2.15265
1.23755
2.43514
1.96939
1.94281
1.7778
2.63098
2.54228
2.08095
1.43438
2.22671
2.13712
2.75406
2.84489
2.75549
2.84455
1.91146
2.64535
1.80595
2.51359
1.67055
2.47218
2.06459
2.28787
2.67593
2.48325
2.4831
3.82058
2.892
2.14698
3.11811
1.92526
2.75063
2.63624
3.39177
3.6697
2.50088
2.70849
2.61687
2.5033
2.33465
0.700228
2.2612
2.91501
2.90107
1.90418
2.90603
3.21578
3.06254
3.2033
2.56733
2.53437
2.52117
2.44848
2.16383
1.21775
2.00755
3.02503
2.32216
2.07093
2.00231
1.75689
1.34801
0.831686
1.87237
2.14168
1.40525
1.86055
1.36008
1.04305
2.18157
2.41383
2.90608
1.81056
2.59909
3.02786
4.35661
3.06625
2.60101
2.43495
3.52588
2.39088
2.16713
2.09379
2.86284
2.65407
2.25472
1.1042
1.87084
2.27517
2.72373
2.49535
1.91053
2.43681
1.94393
1.3061
2.28232
3.24849
2.32614
2.81808
2.69939
2.56342
2.07507
2.33753
2.76987
3.38416
3.47962
3.67222
2.45897
3.1669
1.46948
1.35803
2.56835
2.71085
2.08912
2.38948
2.57495
3.32829
2.79805
1.57416
1.84755
2.6802
2.20995
1.92292
2.73166
2.06127
2.40716
1.91757
1.79439
2.79565
2.73134
0.349137
2.20043
2.70457
2.13839
2.63721
2.56287
2.09379
2.05937
3.08009
2.32318
1.51032
2.60286
3.22839
2.26535
2.16777
1.63184
2.12989
2.10156
1.55923
1.75595
0.99738
2.31107
1.71065
1.3951
2.40706
1.93977
2.37731
2.0274
1.63181
1.49638
2.81088
2.11192
2.24195
2.30346
2.55012
2.0304
2.38767
2.88956
2.55147
2.16093
1.74006
2.73183
2.43154
2.82776
2.78242
2.44503
3.14169
2.35046
2.99788
1.91363
2.4861
1.98846
1.27058
1.76796
2.32859
2.5175
2.41937
2.03104
2.88175
2.37261
1.84521
2.27288
1.88342
2.01198
2.76814
1.09631
2.12814
1.90845
2.33795
2.83868
2.07997
1.95087
2.059
1.78282
1.8029
2.67625
1.98646
1.55992
2.39206
3.24967
2.1864
2.18203
1.54462
2.77535
2.15737
2.2773
2.4384
2.26625
2.20182
2.20957
2.6077
1.88981
1.84799
1.78619
2.55601
2.7151
2.31082
1.81596
2.78841
2.70022
3.67233
2.51839
3.03612
2.71522
1.75789
3.04807
2.98039
2.92137
2.70537
2.71548
2.80705
3.11161
3.43335
3.54182
3.51693
3.10106
3.76919
3.31952
4.3378
4.59327
3.87929
3.87965
3.83493
3.75934
3.69374
4.05767
1.81993
2.71416
2.0001
2.96416
3.33888
3.35742
3.71103
3.7296
3.04377
3.06256
3.22102
3.82449
2.81007
2.81258
3.31268
2.3341
2.96109
2.7129
2.3725
2.3324
3.44426
3.4673
2.68368
2.87774
3.17616
3.04199
2.88157
3.5072
3.21653
2.95768
2.50056
3.79758
2.68167
3.05483
3.54837
2.55645
2.66073
3.36245
2.83059
3.65349
3.09218
3.01177
3.73883
2.92997
2.26404
2.59991
2.46914
3.0661
2.47771
3.49621
2.87438
2.48866
3.03973
2.66405
3.13542
3.44846
2.05501
2.48237
2.19944
2.00227
1.66683
2.18633
1.31322
1.84684
2.35385
2.3796
2.61056
1.87677
1.92322
2.4062
2.42863
2.36158
2.55487
2.54104
2.74894
2.20623
2.13124
1.99403
1.52106
2.15314
2.37552
1.82834
2.58118
2.07412
2.32382
1.27848
1.06016
1.21923
0.646035
1.33784
2.02023
0.661007
1.96291
2.01291
1.98773
2.90009
2.73461
2.74314
2.64159
2.44814
1.76076
1.55605
2.53565
2.3811
1.22741
1.20435
1.55269
2.55126
2.09485
1.95205
1.18469
0.795198
1.46507
1.82731
1.96108
2.22283
2.14325
1.58063
1.75512
1.06001
2.20384
1.97516
1.68425
1.52818
2.03512
1.28274
2.00758
2.6757
2.62607
3.15441
3.21627
2.08832
2.54443
1.44709
2.43696
1.51795
2.30975
2.12144
2.72015
1.4457
2.22666
2.05012
2.17856
1.62651
1.72835
2.59858
2.64656
1.0621
1.16622
1.98514
3.2995
2.98995
2.53149
2.49918
2.64681
2.13616
1.64103
1.4152
0.967034
1.23667
1.91079
3.22768
2.02437
1.82263
0.629887
1.75869
1.3672
0.340815
2.03497
2.25642
2.86346
2.36408
1.71296
1.89614
2.44657
1.6587
2.39948
2.51421
1.6967
2.41252
3.04993
1.83701
3.36967
1.81461
2.4645
3.41725
2.09136
2.06979
1.98893
2.56728
2.22728
2.5689
1.6621
2.17428
1.76681
1.27997
2.27934
2.13301
3.66908
2.1239
2.80214
2.37297
2.04487
2.11388
2.01169
2.23001
1.80277
2.1201
1.94781
1.62762
1.64954
3.24268
2.38642
1.62245
1.60406
2.18714
1.77282
1.78991
2.39827
2.40956
3.33672
2.8028
1.9717
2.78234
3.39753
3.34107
2.40158
2.69765
2.58711
2.15464
1.16411
2.61971
2.03561
3.14383
3.43453
2.47767
2.88468
2.27459
1.91267
2.22633
2.51864
2.5333
2.32012
2.48131
1.95718
2.31192
2.79131
2.77411
2.4755
2.26563
3.08025
1.69451
2.41753
1.57185
1.61606
1.47631
1.10794
1.43003
1.26314
1.17366
1.13753
1.79197
1.89566
2.42108
1.33788
0.431065
1.0961
0.556892
1.59461
1.20358
1.34841
1.0602
2.21436
2.06702
3.02854
2.48281
2.21528
1.87486
1.34095
2.02588
1.88027
1.43712
1.8615
2.02943
1.24307
2.49187
2.08953
1.08812
1.08363
1.71406
2.03432
1.1884
0.667347
0.960902
0.127736
0.660322
0.389081
0.968013
1.62039
1.8245
1.50181
1.94688
1.62929
1.49764
1.37787
1.61097
0.584463
1.49275
0.816703
0.725546
1.98786
1.7312
1.59402
1.63289
0.11301
0.337165
-0.106023
0.410368
1.84211
2.22982
1.6408
1.33945
1.56068
0.80272
2.55943
2.48756
1.19424
1.33691
1.44929
1.51699
1.10702
1.2566
1.44187
1.01355
0.697955
1.62084
1.78055
1.54944
1.47655
2.17289
1.83264
1.52723
2.19824
1.67226
1.94122
2.21027
2.18144
1.90637
1.37712
1.73212
1.53354
0.755486
2.09741
1.52834
1.2228
2.08669
2.44556
1.87939
1.24323
1.57451
1.4571
0.251379
1.47964
1.18474
1.09765
0.593116
0.68056
-0.129576
0.693437
0.636931
1.12176
0.317887
1.19469
1.04205
1.16066
1.06386
1.01225
0.733155
0.653303
0.771739
-0.337974
0.0880207
0.175205
0.505679
0.0343227
1.59302
1.06215
0.101466
-0.0635155
0.784054
1.1052
-0.23825
0.843586
1.77096
0.576773
0.622601
0.440699
0.294448
0.808532
0.494219
1.6852
1.59436
0.650178
0.356242
0.27979
0.115379
0.663398
-0.170175
0.357501
0.642901
-0.218182
0.0702427
0.828093
1.21834
0.286807
0.0924507
0.0423753
0.562688
0.702788
1.6117
1.33093
0.959928
1.04843
0.821662
1.89122
1.10178
1.62499
1.72934
1.12028
1.28505
0.94886
0.842373
0.950621
1.15437
0.383365
1.20987
1.29458
1.55601
1.87142
0.584692
1.08391
1.42308
1.87742
0.986763
1.236
0.665134
0.825924
0.249561
0.987852
1.28272
0.914732
2.08228
1.18138
1.60424
2.25866
1.78903
1.934
1.73122
0.978585
1.68887
1.22941
1.44064
1.54953
1.75664
1.53757
1.72327
1.7533
0.91066
1.80857
1.25315
0.764809
0.711996
0.785426
0.0666936
1.61246
2.53248
2.88246
1.75951
1.70885
0.962039
0.79702
0.285979
1.31343
1.65096
1.92821
2.40151
2.91751
1.96159
2.67784
2.69776
1.95713
1.90616
1.6897
2.51939
0.893293
1.82051
2.43234
2.43251
2.38169
2.01715
2.45427
1.22214
2.07907
3.80011
2.79523
2.61302
2.0825
1.72813
3.33841
2.32001
2.43551
2.13871
1.46081
2.10752
1.75743
0.949601
1.55472
1.73099
1.88269
1.66005
1.78453
1.56339
2.45136
2.98529
2.75932
1.25022
2.16589
1.90411
1.37913
2.28692
2.16215
1.56967
1.7927
1.5856
1.64043
0.488571
1.34838
1.74935
1.80578
1.64435
2.20164
1.08312
1.3096
1.98132
1.97227
1.86743
2.41165
1.75536
1.67052
2.88195
1.39392
0.54321
0.538783
1.15056
1.92224
1.16241
1.55841
2.12299
2.6956
2.45578
2.35368
2.0214
2.01256
2.43036
2.11233
2.3451
2.0556
3.19886
2.51378
1.55264
1.8698
1.56825
1.71972
2.17165
1.8649
2.45708
3.16824
3.01361
2.24275
2.26676
2.48919
1.25272
2.4422
3.26377
2.66834
2.03893
3.26935
2.89089
1.85825
2.65996
2.09797
1.60007
2.32882
1.66018
2.78584
1.56121
1.72731
2.69456
2.50444
2.08316
2.61687
2.83169
2.29113
1.55102
1.48896
2.08404
1.04826
1.42046
1.41122
1.06548
1.27376
1.80936
1.71523
-0.28728
0.668385
1.16751
0.357434
1.70786
2.06533
1.6098
2.4922
1.55
1.5877
1.83361
2.48439
1.64691
1.49161
0.798448
1.35681
1.68761
1.16657
1.57528
2.09874
1.63344
2.06418
0.99438
1.97858
1.4954
1.15753
1.80891
1.78978
1.82173
1.37711
1.91585
2.06656
2.64091
2.36584
3.63949
2.27506
2.85887
2.64849
2.7466
1.34888
1.80189
1.9958
2.27461
2.21951
2.8101
3.24601
2.1657
2.05758
2.53981
1.4072
2.02806
1.45142
2.63058
2.69591
2.85274
2.47337
2.26584
1.6787
1.94213
1.88158
2.66129
1.76127
2.8476
2.30486
3.12633
1.55762
2.09098
1.36689
2.38289
2.79898
1.98098
0.91744
1.26761
1.41336
1.00018
1.40769
1.60826
0.96914
0.482134
-0.0545051
0.538145
0.346595
1.80611
1.74674
2.36084
1.72738
1.66978
2.50321
1.03794
1.92854
1.3745
1.25912
1.92297
2.29681
1.63102
1.70793
1.67695
2.39197
2.77997
1.82068
2.35667
2.92166
2.36449
1.83188
1.22358
1.68796
1.53524
2.40231
3.17784
2.40289
2.32505
3.09575
1.78378
3.86273
3.45844
2.95243
3.09925
2.22213
2.36377
2.67271
1.9315
1.81581
2.56928
2.23726
3.91074
2.79841
3.00305
2.05927
3.47055
2.9135
2.65257
2.14682
1.97872
1.58683
3.03914
2.18087
2.1074
2.4325
1.84021
1.57672
1.24596
1.15716
1.08911
1.73764
0.928959
0.811327
1.19713
1.99187
1.82277
1.85584
2.34184
1.96411
2.96841
1.97653
2.21575
2.23567
1.62437
2.52214
1.77635
1.61403
1.90993
1.89763
3.12928
2.53285
3.38895
2.99807
3.22154
2.74294
3.23482
1.86853
1.69607
2.84255
1.98707
2.15148
3.75786
2.41128
2.02668
2.7165
1.90361
1.43978
3.13704
1.41
2.57623
2.24454
1.4502
1.90599
1.75943
1.85357
1.85362
2.38972
2.85676
2.10726
2.49636
2.12859
2.06895
1.53344
2.19526
2.12597
2.79656
1.76631
1.06361
2.41437
2.11685
1.71349
1.2613
1.30963
1.91744
1.61933
2.13181
2.40352
2.70708
1.39094
2.44932
2.51107
2.22003
2.59681
3.02782
2.91082
2.6395
2.97563
2.42763
2.58722
2.78813
2.33695
2.22049
2.36364
2.74046
2.71413
2.42929
2.0409
2.95167
3.87058
2.97998
3.44917
3.17376
3.43707
2.32715
2.6094
3.56578
2.37827
1.77937
2.4866
3.45124
2.67097
3.78944
3.04938
3.09704
2.33977
2.84481
3.36605
2.38937
2.60298
2.51102
3.24961
2.90747
3.21514
1.85317
2.61155
3.1059
2.94914
3.59892
2.76099
2.53739
2.7376
2.27982
2.81718
2.65502
3.35791
2.8608
2.84187
3.14285
3.14089
2.91013
2.64473
2.1704
1.74468
1.78602
2.01133
2.59246
2.10521
1.66233
1.79422
3.19728
2.55538
2.74306
2.51774
1.67707
1.00275
2.02183
1.31448
2.13382
2.75851
1.99712
1.74596
1.81662
1.09225
1.8411
2.09019
2.56817
2.30407
2.76058
2.36109
2.14225
2.29907
2.60759
2.73866
1.8394
1.98484
3.5579
2.31153
3.08845
2.41995
1.67524
2.12514
2.71371
2.19029
2.15356
2.02797
2.20091
1.17311
2.60126
2.25275
1.57527
2.19131
1.95994
1.45509
0.925271
1.95874
1.37143
1.82429
1.85981
2.27308
1.76211
2.44717
2.71854
2.05956
2.16326
1.96105
2.39248
1.58099
1.97002
2.14581
2.27079
3.27371
1.86013
3.17061
3.07074
3.45337
3.64287
3.22614
2.57852
3.45155
2.64851
2.4694
2.99846
2.66155
3.34722
3.01694
2.0205
2.11009
2.79653
2.9947
2.78353
3.52906
2.59369
2.32467
2.59561
3.80868
4.09342
3.1567
2.23742
2.24296
2.16396
2.48137
2.37045
3.03853
3.20319
3.54024
3.67577
2.98385
3.31675
2.77964
3.69903
3.38895
2.59111
2.77379
1.42095
3.09487
3.51357
2.54312
3.08621
2.60704
2.73591
2.54753
2.8576
3.04462
3.99588
3.56669
3.65071
3.1553
2.77862
3.2365
3.25293
3.83514
3.27851
3.39058
2.5051
3.76796
2.83391
2.61277
1.8894
1.21958
2.27713
2.68924
2.4133
1.36528
1.66546
2.26744
2.34199
3.87178
3.10548
2.39303
2.46946
3.10423
3.21472
2.96939
2.46555
1.75405
1.30987
2.28818
1.83223
2.59014
2.27696
3.05786
3.44127
3.26825
2.00608
1.91666
2.45905
2.63287
2.92884
2.75056
2.22337
2.91505
2.63083
1.95199
2.33413
2.43358
2.32581
2.88774
1.94765
2.70285
3.30361
2.84224
2.88044
2.05604
2.77071
3.14008
2.99535
2.26237
2.3104
2.73219
2.01196
1.70036
1.70741
2.27477
1.16333
3.12005
3.93632
3.66199
2.1114
2.31467
2.13967
2.32412
1.9048
2.22616
2.7985
2.58639
3.58393
2.91974
2.57374
2.56353
2.47742
2.57928
1.51998
1.72709
3.49921
2.50902
2.01783
1.71473
2.67917
3.42195
3.46248
2.87437
3.24424
2.89072
2.81308
2.45016
2.81968
2.98792
3.51144
2.49542
2.52466
2.55608
3.21489
2.36548
3.28772
3.7428
2.9122
3.66788
2.83188
2.74822
3.12403
3.8631
2.32391
2.98529
2.83516
3.49631
3.58516
3.0421
2.89095
2.1518
0.976871
1.60364
1.24913
1.60474
1.85572
1.57524
1.6253
2.38737
2.09063
2.62878
2.83333
2.51833
2.10343
1.12366
1.87604
2.44377
3.45117
2.49759
3.13362
2.53871
2.41413
2.79543
3.60409
2.57805
1.89566
3.3099
2.26306
2.40199
2.68406
3.32447
2.53012
2.0846
2.65237
4.49338
3.48451
3.08159
2.3604
2.20518
2.40624
3.00763
2.91544
2.95195
2.53458
2.81607
2.70178
3.48838
3.16506
2.74758
1.86813
2.44535
3.14993
2.59046
3.41467
3.65168
3.1182
3.17923
3.07717
1.72615
2.08168
2.65857
2.66459
2.42989
3.25767
2.68924
2.87878
3.11466
3.15785
3.07423
1.69848
2.1529
2.98549
3.35324
3.74669
3.13205
3.56633
3.25632
2.73135
2.95877
3.70967
3.5363
4.14071
3.81138
3.51261
3.20765
3.21694
2.50742
3.10962
2.68661
2.73318
2.6336
2.51528
2.25932
2.21341
2.76495
3.18924
3.43866
3.47204
2.54187
3.2787
3.29359
3.01365
2.47662
3.00096
2.5992
1.57309
2.80317
2.09981
2.66998
1.54609
2.60638
3.04249
2.90966
3.07537
2.90284
1.72231
2.42596
2.15628
1.51642
1.35572
1.93579
1.45221
2.02832
2.23683
2.86651
2.67842
2.63207
2.14793
2.16577
2.94172
2.08622
2.89983
2.0221
2.79017
2.61973
2.98706
3.6843
2.63271
2.9003
2.81025
2.51874
2.48182
3.29392
2.36686
1.84284
2.37475
2.79971
1.87798
1.64908
1.09218
1.28412
1.92187
1.97509
2.02515
1.77919
1.57202
2.01097
2.56921
2.20534
2.15739
2.2066
3.2357
2.30019
2.25341
1.70472
1.28746
2.39048
2.41676
2.12419
1.82953
1.68462
2.27472
2.48677
2.14479
1.90077
2.2677
2.80548
2.87136
2.99033
2.4902
2.10154
2.62763
2.35219
2.00449
2.83265
2.29971
2.41565
1.49347
1.70588
1.43903
1.95586
2.23908
1.80525
1.76756
0.398379
1.53761
1.46993
1.47903
1.24733
1.28839
0.967561
2.04323
2.00247
1.92346
1.68468
2.26721
2.65503
2.9138
2.64953
3.14461
2.13389
2.92134
2.42608
1.68521
2.2885
1.60601
1.67503
2.21374
1.60435
1.85428
1.2959
1.63924
1.32422
1.71997
2.50137
2.35152
1.67645
2.10475
1.87986
2.14502
1.21438
1.02946
1.00366
1.04555
2.69576
3.09864
2.88875
3.14433
2.43964
3.95352
2.82291
3.63247
3.16144
2.79024
2.89924
2.76025
2.35511
2.22291
2.43929
2.91379
1.63708
1.44576
1.64556
1.34061
0.950373
2.29889
2.46221
2.19298
2.36217
2.58859
2.41013
1.76273
3.00773
2.36695
2.82025
3.08854
2.51114
3.46383
2.04376
2.0672
1.63866
2.0368
1.43839
2.03072
2.55438
1.7935
1.11099
2.15372
1.1744
2.06575
1.76124
2.94815
2.68162
2.15978
2.74609
1.67978
1.83286
2.07512
2.70035
2.51675
3.06731
2.25243
2.48265
1.62905
1.24565
1.18978
1.17
2.10242
2.4837
1.59141
1.74125
1.64279
1.78226
2.17146
1.68949
0.807923
1.63677
0.901226
2.09827
1.28552
1.09666
1.56113
2.48197
2.17678
2.44631
2.36956
2.38029
1.10657
0.707267
1.9396
1.79766
2.04227
1.88819
1.67411
1.10418
1.16705
0.780339
1.38697
1.65752
2.71475
3.04935
2.2499
1.61943
1.77851
1.84877
2.00625
2.10903
1.83066
1.74871
2.42427
2.92367
2.35665
3.18952
2.74477
2.51676
3.03738
2.87752
2.64961
2.19877
1.57723
1.20675
1.68681
1.88439
1.89962
1.55509
2.50082
2.58127
2.35327
2.06364
1.58545
2.74314
3.04814
1.84391
2.21202
2.05706
2.41685
2.35797
2.49072
2.5079
2.78125
1.65792
1.52001
1.66735
2.17665
1.44174
0.927199
2.27194
2.01819
1.56576
1.65339
2.23768
2.52268
2.63119
2.43916
2.47624
1.83736
1.50427
2.08365
2.01668
1.33416
2.36749
2.51429
2.69078
2.56215
1.35458
1.34959
1.20476
1.22183
1.2234
2.14905
2.88139
2.63396
2.07541
1.78733
1.62489
2.19122
2.01146
2.0604
1.29292
1.09957
1.732
1.82271
0.573386
2.16001
1.19281
1.29744
1.83562
1.48695
1.09076
1.30811
1.26288
1.35286
1.21878
1.53424
1.04647
0.981801
2.02774
1.57104
1.61062
1.28568
1.72756
2.11179
2.72892
2.07853
1.44347
1.25696
1.26179
0.915861
1.6335
1.33141
1.45999
1.63556
2.58025
2.50665
3.17371
2.26545
2.14807
2.03676
1.37861
0.87133
0.975603
1.48415
1.17706
1.66508
2.95088
1.89844
2.86584
1.40824
1.95879
2.10619
3.06111
1.82539
1.31492
1.41368
2.00405
2.3991
1.12418
0.841044
0.935184
1.43921
0.684978
1.26692
1.64944
2.27291
3.0779
2.50292
1.54588
1.45172
2.18743
2.96103
2.33662
2.66404
2.22622
2.68583
1.87171
1.57662
1.38753
2.82696
2.30144
1.99253
2.95072
1.357
0.944019
1.42621
1.65851
2.26773
1.63332
3.09269
2.87546
2.49698
1.44686
1.76034
2.65626
2.18534
2.56694
2.38917
3.443
2.3712
2.51804
2.65578
2.63978
3.58855
3.34543
3.71605
3.17418
3.59196
3.79369
2.81288
2.42095
2.64792
3.5578
2.71273
2.90725
1.96714
2.3701
2.20153
3.32395
2.81544
2.37685
3.04499
3.42331
3.38518
3.60357
3.3123
3.06841
2.72856
2.40157
2.65216
2.71671
2.28378
3.60818
2.99568
2.5047
2.1861
2.79756
2.75054
3.4122
2.24098
2.16731
3.1709
2.86619
3.18947
2.63136
3.04352
3.41141
2.94671
2.00949
2.54189
3.36024
2.93586
2.94142
3.63614
2.95032
3.37762
2.7182
2.23845
2.3078
3.0271
2.61911
2.38298
2.6485
1.67822
1.72948
0.92467
0.502068
1.74944
2.50722
1.94018
1.92181
1.97894
2.51534
3.0569
2.47652
2.10903
1.68605
2.24674
1.8102
1.5162
2.05368
1.28253
2.55644
2.34995
1.89839
2.01653
2.20361
1.67428
1.39388
1.66421
1.52471
2.61066
2.66258
2.94755
2.83763
2.62468
2.3542
3.29993
3.19556
3.30965
3.32674
2.83952
3.01032
2.75236
3.2455
2.4624
3.2768
3.13535
3.38875
2.83922
2.67603
2.93851
2.81362
2.59011
1.80133
2.81182
3.61089
2.95918
3.55931
3.24077
3.34132
4.00279
3.1007
2.69693
3.0022
2.17829
3.12242
2.4658
3.50406
3.12773
2.59202
3.44535
2.47973
2.19615
2.57574
2.5571
2.79015
3.44887
3.99987
3.9982
3.13703
2.8312
3.34131
2.62389
3.11855
3.16572
3.87794
3.72716
2.83622
2.98908
2.36213
2.6497
3.32923
3.43194
3.15137
3.49963
3.27732
2.70591
3.25485
2.85088
3.06174
2.24861
2.74542
3.4394
3.57969
2.13482
2.37018
3.94408
3.56006
3.30269
2.64053
3.14818
2.85101
2.79235
2.69251
2.15609
2.62856
3.15719
2.01116
2.43392
3.14728
2.80008
2.13822
2.87067
2.0671
2.68471
2.73841
1.54724
2.22985
3.07483
3.01478
2.28746
2.64517
1.77821
3.50261
3.54697
4.05354
2.97969
2.47366
3.05543
3.32388
2.41656
2.48356
2.37758
2.98912
3.03644
2.64675
2.88994
3.87261
3.49556
4.70831
4.00562
3.67049
2.98846
2.76852
3.55322
2.98438
3.26352
3.43774
2.95994
3.54751
3.7215
3.42193
2.319
2.09807
2.10372
3.04468
2.2959
2.95576
2.71105
2.91787
2.91254
1.89487
3.30105
2.14614
2.52049
3.31174
2.19791
3.20166
2.94009
2.63678
1.64162
2.31182
2.11721
2.47709
2.87238
2.82078
2.91459
2.44624
3.30549
2.80874
2.46111
2.67012
2.21551
1.90879
2.66045
2.286
2.97876
3.31741
3.37869
1.83638
2.8244
3.03644
3.11494
2.91024
3.28821
2.53988
2.44756
3.08445
2.21463
2.65472
3.01028
2.47999
2.7562
2.58731
2.78824
2.37515
2.42901
2.0299
2.19475
2.13359
2.97419
3.24226
2.38125
1.66233
2.19783
2.50934
3.02139
2.30174
2.12893
2.34089
1.54576
1.68893
1.80446
2.07923
3.10891
3.19514
3.23004
3.21779
3.47482
2.97729
3.23926
2.76473
3.20464
2.23076
2.46251
1.938
2.76894
2.52741
2.86361
3.5151
3.79991
4.10006
3.83282
2.33346
3.49132
3.86847
3.58542
3.32759
2.58927
2.55839
2.66291
3.52524
3.33671
3.16439
3.01092
3.2807
4.57807
3.58724
2.93995
2.97915
2.87242
3.63055
2.85624
3.9151
3.60269
3.31551
2.06995
2.48425
3.59611
2.36101
3.46269
2.69042
2.9697
3.20929
3.70165
3.38138
4.00547
2.64603
2.73215
2.81823
2.82177
2.52075
3.25594
3.08823
3.44673
3.47246
3.61491
3.05379
3.32424
3.06379
3.12389
2.7938
3.69833
2.82281
2.60128
2.29625
3.59038
2.4111
2.13035
3.40647
3.0299
2.20126
3.0805
2.19697
3.44337
2.5207
3.82213
3.00735
2.81019
2.95482
3.42197
2.82265
2.20737
3.52883
3.96925
3.6781
2.95603
3.35716
2.88382
3.84052
2.70334
4.03924
3.67966
3.47963
2.94357
2.91832
2.81526
3.22537
3.13374
3.53645
2.02495
3.20608
3.34981
2.60076
3.0962
3.31062
2.73281
2.69872
2.87426
2.74324
2.52666
3.42817
3.21101
2.99035
3.3422
3.92949
2.32516
2.18648
2.88112
3.27666
3.67286
3.93951
3.38875
2.89105
2.67193
2.56707
1.6297
3.30596
2.48859
2.87475
2.61142
4.12783
2.99822
2.9314
4.07224
3.04459
3.86717
2.97551
1.78073
1.73371
2.36981
2.59618
2.08526
2.74656
3.12136
2.86262
2.98283
2.6688
2.23413
2.14465
1.59969
1.42975
2.45243
1.7703
2.79147
2.58066
2.25618
2.36967
2.86767
2.28489
1.64037
2.71042
2.69106
2.99751
2.27521
1.87879
1.86928
2.24156
3.25735
2.24194
2.12561
1.40656
2.61749
3.06763
2.27075
1.83326
3.46296
3.6187
3.47388
2.59694
2.88007
2.56799
2.16197
2.62212
4.0041
3.75271
3.12833
2.69803
2.22243
2.40061
2.70174
2.99123
2.58925
2.50667
2.35576
2.2456
1.79099
1.82768
2.35953
2.17876
2.42812
2.29639
2.70403
2.1244
3.38204
2.09066
2.90141
2.47811
2.28814
2.37658
3.04711
2.14978
3.25624
2.64094
1.78589
2.29534
1.20714
2.31044
2.92713
1.47112
1.82714
2.80578
2.95803
2.06334
1.73674
1.30734
1.28902
2.2653
2.32085
1.77022
1.45363
2.19105
1.84532
1.98546
2.10533
2.19351
2.19844
2.37248
1.68709
2.9475
2.21679
2.7313
2.23063
2.69553
2.08207
2.34399
1.79018
1.52818
0.29354
1.9171
2.11282
1.48423
2.10453
3.17646
1.83853
1.7018
1.93263
2.8096
1.96975
1.72462
3.56785
2.92534
2.22268
1.92685
2.3804
2.99347
2.74793
2.77083
3.10081
2.49663
2.86683
2.79064
2.81652
2.70715
1.93951
3.34053
2.77746
2.39988
2.45295
2.61867
2.34263
2.06343
3.09917
1.55209
2.77462
1.48479
2.05779
2.62665
2.21425
1.89126
2.81086
2.12062
2.23823
2.58015
2.62617
1.93964
2.27548
2.85746
2.18671
2.24612
1.88121
2.51054
2.31557
2.12551
2.65645
2.82724
1.86058
3.48798
2.17283
2.15405
2.86321
3.38178
2.90717
2.20109
2.00494
2.98819
3.18081
2.76681
2.13352
1.96611
2.38029
1.72837
1.94197
1.33276
1.33763
0.905962
1.83353
0.669522
1.36806
1.45816
1.41608
1.83542
2.14102
1.82491
1.52855
2.05801
2.22603
2.28518
1.76647
1.99462
2.56813
2.39554
2.0902
1.96356
2.12905
3.13164
1.93481
1.70322
1.6095
1.12465
0.983302
2.23318
2.41564
2.13464
1.59129
1.97165
0.998476
1.63143
2.06542
1.89299
2.51358
1.67125
1.63258
2.18395
1.45201
1.74255
2.341
1.53798
2.86007
2.1096
2.17982
1.78138
2.21739
2.37053
2.48539
1.97648
3.13449
2.01372
2.4477
2.61146
2.30834
1.60071
1.8003
1.45501
0.957302
2.09538
1.98727
1.61517
1.90134
1.57828
1.37956
2.09468
1.3826
1.1852
1.86806
2.12712
1.88429
1.75136
2.45838
1.23453
1.58062
1.38451
1.85521
1.51293
1.63129
2.27224
1.79988
2.1106
1.61788
2.6878
2.46043
2.42203
2.94271
2.05407
2.45832
3.03016
2.07968
2.62067
2.23803
0.832949
1.04723
1.60791
1.45105
1.24851
2.25891
1.85205
1.16664
0.906734
0.984827
0.763523
1.58389
2.33242
2.40102
2.49651
2.59377
2.0646
2.95342
2.73332
1.4168
1.50654
2.1044
1.66016
2.16586
1.58301
2.93626
2.18993
2.79427
2.64777
2.75636
2.38885
2.28748
1.82725
2.28502
3.21007
3.17332
2.95234
2.36279
2.31009
1.62757
2.32663
1.50247
1.75819
1.21429
1.10964
2.46072
1.61467
1.22961
1.62732
1.58097
1.28581
2.47463
2.30279
2.0704
1.62769
2.62953
2.61758
2.81911
2.40308
2.39492
2.34131
2.29131
1.98811
0.657644
1.69143
1.95027
2.08183
1.56185
1.88012
2.1242
2.19959
1.99774
1.28139
1.53968
1.46642
1.91443
2.80999
2.60448
2.4476
2.29368
1.90034
1.19109
1.51523
1.29337
2.38762
1.43497
2.43876
1.9731
1.8475
1.5603
2.09689
1.2077
0.821844
0.487833
1.64753
1.42757
2.11851
0.165933
0.804597
1.45153
1.69021
2.46472
0.59951
1.60774
1.80544
1.37769
1.76524
1.5623
2.23217
1.88913
2.34793
1.24001
0.829779
1.66009
1.95337
2.39165
1.5461
1.09795
1.43028
1.59339
0.552665
1.82344
0.905431
0.979902
0.390257
0.903096
0.894322
0.822951
1.02797
0.279259
-0.0213986
-0.0970694
0.800062
0.123418
0.0139961
1.18831
0.417489
1.26444
1.0318
1.25362
1.07829
0.919584
1.50117
1.5546
1.66053
2.48405
1.41253
1.41702
1.55757
1.62056
1.7998
0.529087
1.02155
2.75639
2.43656
1.9269
2.09503
1.07584
2.04952
1.59127
1.98094
2.52296
2.44239
2.24427
2.8583
2.69855
1.36145
1.43638
1.51006
2.11778
2.11759
2.20147
2.74698
2.54039
1.59437
2.61786
4.11058
3.04877
2.54257
2.94625
4.50947
3.78644
2.18941
1.7315
2.70643
2.18773
2.90737
2.37836
1.82276
1.87879
2.03884
2.90817
2.27
1.55507
1.75797
1.62489
2.02593
2.02677
2.62421
1.70642
2.18277
1.20328
0.993855
1.34213
1.19109
1.1091
1.70227
1.88494
1.20717
2.01839
1.36934
1.44749
1.43355
1.66519
2.27507
1.99197
1.60638
1.76539
1.69083
0.500118
1.81396
1.54159
0.955922
1.38559
1.91484
1.24088
2.28353
2.33384
2.11036
1.63759
1.39587
2.38077
0.972651
1.44496
1.73038
1.8025
2.92156
2.78885
2.2774
2.47661
2.43571
3.02674
2.623
2.88494
2.92641
2.89542
2.36768
3.05472
2.15345
2.43278
2.7252
2.52854
2.5417
1.90598
1.84492
2.51462
2.63548
2.46271
2.20237
2.06506
2.97318
3.07815
3.36759
2.37887
2.71303
3.67368
2.79109
3.68673
2.95547
2.79211
2.80738
3.1691
2.57226
3.01433
2.48623
2.44831
1.70419
3.10816
2.4012
2.53099
2.82
1.70191
1.3482
2.63727
2.28103
2.76183
2.65952
2.68671
2.63308
3.13002
3.35047
3.68863
3.24439
3.32814
2.9542
3.52326
2.87884
3.61815
3.06849
3.70963
3.17611
2.63906
2.45884
3.22217
2.9992
2.47161
3.21056
2.15135
2.77655
2.53928
2.54046
2.34874
3.23055
2.88806
3.25854
2.58281
2.25149
3.63769
2.98519
2.72735
3.04731
1.00948
1.48322
2.79816
2.69908
1.66284
0.770716
0.808142
0.783571
1.44614
2.434
1.48306
2.4595
2.36395
2.4068
2.07739
1.60259
2.36362
2.06404
2.01425
2.24967
2.2642
2.96735
3.29456
1.48686
2.42259
2.82531
2.70815
2.4759
1.89736
2.07115
1.2556
2.26375
2.02686
2.14764
1.50287
2.06023
3.039
2.30022
2.53867
2.47928
2.52837
2.7168
2.06829
1.57184
2.03971
1.917
1.85257
2.37845
1.07833
2.20886
2.15095
2.02475
2.56115
2.2318
1.47462
1.91914
2.08325
2.45567
1.41139
1.74237
1.60158
1.69539
1.45803
1.44797
