2.38827
1.36651
3.4255
1.84578
2.18487
1.33873
3.14629
3.10369
3.70541
2.83624
2.69137
1.10394
1.87759
2.90269
1.69675
2.92746
2.05299
2.64171
3.09312
4.33182
2.49936
3.52536
3.3309
2.43901
1.93317
2.70642
3.16739
2.90599
2.52265
2.27396
2.29843
2.07651
3.52323
1.75249
0.102152
3.20502
2.08515
3.03209
4.02931
5.46209
3.21017
1.70306
2.60287
1.06736
2.49303
1.56787
0.669477
1.64261
2.88563
4.03826
1.09948
0.573052
2.141
1.98204
1.91298
3.75018
2.98815
2.38165
1.87867
1.83722
3.2601
1.93922
2.48297
1.0043
2.54389
4.62613
3.04023
2.99498
0.561049
2.40184
2.36696
1.76804
3.77882
2.62404
2.95314
2.29973
1.83296
0.738901
3.60863
2.47434
2.84913
2.3442
2.27806
2.19603
3.21688
3.18247
2.18939
2.40819
1.93999
1.61745
1.97836
4.12648
1.97737
1.90978
2.46761
0.6873
1.01253
1.05724
1.93413
1.45694
3.2431
3.36317
1.24128
3.07192
1.73344
2.77904
2.63681
3.93999
3.06815
3.94519
4.13076
3.5127
1.89294
2.76783
1.83338
2.50973
1.92046
2.84636
1.89982
2.69812
1.53605
3.42646
2.08827
2.6855
1.98279
2.07634
3.02829
2.85321
4.28546
2.27943
3.47703
3.97522
1.63104
3.0089
3.35242
2.35271
1.74015
3.35648
2.58348
1.89113
1.6474
2.45975
3.10838
2.6825
0.917734
2.75885
2.71309
2.83212
2.94671
3.94886
3.24244
1.26712
2.43488
2.28156
0.494577
1.86836
3.05351
2.91774
3.00813
2.68096
2.33172
2.06491
2.44796
1.40695
0.6172
2.61497
2.89755
2.90161
4.58979
0.396724
2.79485
3.55309
2.92927
4.91009
1.96121
3.05437
1.92803
0.867945
2.51964
2.17175
2.81276
2.78651
3.18411
3.53197
2.34049
3.02735
2.44411
1.40672
2.25805
1.96809
2.08245
1.24657
1.12832
2.49248
1.86467
3.22333
2.43064
1.89498
1.02739
1.98761
3.0477
2.5984
2.65968
1.7555
1.51329
2.76114
2.21117
2.15431
3.08004
1.40181
2.78513
2.05039
2.65956
1.89906
3.14673
1.46862
1.75152
2.05854
2.33633
2.3647
1.69955
1.8663
2.14081
3.19824
2.86423
1.90273
1.85492
2.98484
3.63964
1.99077
1.74957
3.56465
2.72581
1.72816
2.38674
2.14199
2.84843
1.25897
2.02795
1.40557
2.94452
3.03959
4.73871
1.63045
2.62204
1.43294
3.48413
2.53863
3.48242
2.85129
1.59074
2.4124
3.04519
1.95753
2.35173
1.77035
1.39757
2.3759
0.934691
0.878879
1.66489
2.43741
2.31023
2.93175
2.67221
2.62291
1.74294
3.36765
1.8476
3.00578
2.11714
1.546
2.36993
1.56708
1.47507
2.40177
1.56458
1.95261
3.38334
1.79172
1.87592
1.51457
1.78996
2.65804
2.30992
3.61156
1.97449
2.66872
1.59571
2.8617
3.3873
2.01581
2.41515
2.5775
2.4439
1.11408
1.98654
2.10381
3.21293
1.54555
1.03084
1.64689
1.02062
1.63839
2.6427
0.737696
3.82965
3.52688
2.78792
3.52633
0.920524
1.22625
2.05515
3.01657
-0.15801
0.362174
2.89573
2.88779
2.43371
3.418
2.21633
2.94411
2.59151
2.99862
0.77376
2.29161
3.63265
2.37375
3.80553
2.72774
2.60845
3.78774
2.2059
3.1053
1.64507
4.18827
2.56568
1.72961
1.01457
3.78273
1.94637
1.66162
3.63827
1.80605
1.17585
0.991534
2.04618
1.61151
1.95102
2.56921
1.47524
2.07116
2.2497
2.25179
2.70034
2.4245
1.28539
1.93949
3.44778
1.67673
3.23334
2.02757
2.29406
2.73103
4.49867
2.36261
3.7778
3.67835
3.54687
3.72665
3.1621
3.05627
2.4869
1.54264
4.14079
3.48885
1.96899
1.35016
1.56889
2.62579
5.24132
3.26759
1.15022
3.49043
1.67805
0.699183
1.40961
0.846971
3.32052
2.27435
2.84574
2.05104
3.24306
2.22781
2.32376
2.7553
3.68013
4.03088
2.75742
1.864
3.45053
2.8239
1.80115
1.61897
1.51451
2.29107
2.96149
2.49318
2.1011
3.15921
2.88093
1.45233
2.31023
1.91183
2.45803
2.15874
3.13978
1.4189
1.06348
1.67495
3.36562
3.81856
2.72921
3.99474
2.85473
1.71168
3.78001
2.13901
2.08176
2.61032
3.29715
2.39496
1.24599
1.56495
3.28507
1.58028
1.7407
3.02751
4.29836
2.68274
1.42196
4.7875
2.90036
2.59243
1.46069
3.33656
1.13762
2.39615
2.12535
3.19774
2.96293
1.13316
3.37812
0.885749
2.1911
3.0227
2.55716
2.46855
2.71636
4.12935
2.79317
1.9988
3.34458
2.95233
3.77726
2.21452
2.35543
3.01137
3.8367
2.97802
3.13688
1.59851
2.91059
1.49662
1.95662
3.09945
3.36849
1.80341
3.28674
2.4504
3.25814
1.94584
3.43266
2.10073
3.10315
1.9091
1.38365
2.64951
2.12698
2.63567
3.86025
1.65781
1.25892
3.44753
1.85828
2.94415
1.60254
0.14617
0.978108
4.26444
2.30207
4.05602
3.50384
3.1194
2.16277
2.05352
3.29997
3.60817
1.7572
3.22362
3.71214
3.69137
2.775
1.96604
3.36361
2.41748
2.88204
3.95005
2.65077
1.92074
1.59227
1.27006
2.94521
2.45094
1.53058
2.28182
2.09828
3.51987
2.22317
3.38261
1.66114
2.35924
2.75427
3.07317
2.18329
2.47276
2.85762
1.6987
1.61236
1.71034
2.46295
1.98826
1.98124
2.31681
1.19476
2.23896
2.03362
3.29344
1.41526
2.22711
1.68091
3.40295
2.08564
3.30648
4.67564
2.71504
3.06097
1.53699
1.72466
3.13802
2.48184
2.2804
2.29299
2.7692
2.68677
4.14434
2.95666
1.29227
1.57271
1.82108
2.17273
2.33505
1.76337
0.315923
2.97889
3.13957
1.49935
3.22096
1.47701
1.58343
1.65875
2.63878
2.61837
1.22354
3.36884
2.60056
1.61413
2.92507
1.84276
1.22896
3.57682
2.10438
2.06518
2.7893
3.503
2.21282
3.51923
4.91404
2.2473
2.66671
2.31131
1.92897
2.07544
2.76992
1.61031
2.64567
2.75709
1.6895
2.44063
2.162
2.10746
1.27841
2.24815
1.7131
2.60837
3.41857
3.24132
2.41923
2.5583
2.69133
2.52763
1.84165
3.26514
4.13006
1.63281
2.81756
2.47009
2.07181
1.09387
2.17229
-0.269783
3.96366
2.8895
2.73062
2.74928
1.69207
2.68381
3.79418
2.938
2.80924
2.70488
2.04922
2.10579
1.37805
2.65842
3.28286
3.90375
1.60784
1.39747
2.52873
2.66986
3.41018
4.70638
2.84523
2.25534
4.52553
3.3034
3.39532
2.28808
3.35643
2.91353
2.65868
3.73879
1.71763
4.01746
1.35247
0.743197
3.68351
3.81293
2.82735
2.35155
2.74562
3.23563
2.93768
2.95251
2.93279
2.47006
2.53556
1.43153
1.52128
2.30292
3.62709
2.79842
1.74664
3.42405
4.07225
3.69209
1.30738
4.82784
3.25225
2.87623
3.36825
1.97772
2.21359
2.74673
1.70946
2.35463
2.06617
1.94981
3.17673
2.11501
1.27124
3.33978
3.06911
3.30938
2.76959
1.86641
3.38007
1.56335
1.82879
3.68672
3.52452
3.09057
2.83437
1.97926
2.12986
3.56952
3.12294
4.02194
2.33982
2.44253
3.3187
1.08735
1.01177
2.49406
2.63377
2.42645
2.67853
2.70531
2.66194
4.44308
2.28362
1.53556
2.95177
2.67275
1.35976
2.31439
2.51664
2.17101
2.83558
1.88676
2.00078
1.64483
1.86811
2.54566
2.49118
3.03371
4.36956
2.40587
3.12455
3.77182
1.56725
2.81426
3.1092
1.92687
1.40915
2.7659
1.58743
2.30582
3.61658
3.27785
2.95119
4.15344
3.3414
2.82157
2.75147
2.21815
1.48
2.92984
3.01346
3.02423
2.92833
3.27697
1.46626
2.87982
0.69925
1.15356
1.6285
1.94126
3.70053
2.14583
1.37386
3.17481
2.5064
3.03053
2.60739
3.05742
2.93821
3.02959
2.01237
3.56978
3.40822
2.79739
3.4983
2.02728
2.80952
2.0878
2.98192
2.03538
2.94308
3.98108
0.618297
1.45326
3.24306
2.97859
2.70099
1.73683
0.719401
3.86921
2.86628
1.30366
2.55875
4.07713
4.8732
2.74852
1.91653
2.39365
2.00898
2.12132
2.43605
2.43502
2.47694
2.81979
2.24138
1.21816
1.53132
3.01865
1.95935
2.56515
3.98566
2.93408
3.58251
2.34246
1.80231
1.88168
2.18735
3.34554
2.62593
3.91091
2.94342
2.52369
2.26002
1.48922
2.77589
2.18143
0.705875
2.14545
2.3106
3.28811
0.620215
1.55845
0.577771
2.16022
2.00546
2.45826
2.27271
2.62936
4.08289
3.48343
1.85774
3.3239
4.26427
2.59281
3.03924
2.22786
3.47634
2.41919
1.84001
2.05873
1.18795
2.47643
2.42258
3.68154
0.923744
3.76206
2.59673
3.43228
4.05504
4.37604
1.94875
1.30344
1.30254
1.41226
2.37644
2.15974
1.94288
2.87734
2.20822
3.62351
3.13704
3.09582
2.45149
1.74453
1.9955
1.83852
2.22618
3.41142
2.43683
1.58498
1.55462
3.27947
2.35429
3.00762
3.31268
2.46814
0.987105
1.88273
2.44097
2.335
1.81281
2.10536
2.82352
2.10142
1.43113
2.98471
1.29641
2.09548
1.9865
0.466886
1.56376
1.95628
3.51634
2.54747
3.35027
3.37982
3.0887
1.99069
2.23622
2.87777
2.5508
2.37212
1.27873
3.12588
2.81443
1.87504
2.76612
1.31234
2.57221
3.70067
3.05346
3.22427
3.29899
2.73418
3.01425
2.04294
1.93832
3.04069
2.58597
2.86192
2.1461
3.1634
3.16114
1.45252
2.8457
1.86059
2.40542
0.84198
1.88656
2.61094
2.25831
2.61847
2.45885
2.12631
1.10011
0.370024
0.947513
1.02443
2.75138
0.695722
2.76028
3.5412
2.19683
2.05692
2.87784
1.39611
1.54538
2.72593
1.95306
3.17681
1.9458
3.55884
1.00971
2.25943
3.0271
1.38432
2.21032
3.22423
1.04653
1.40685
2.08874
0.576846
2.12904
2.74535
2.17518
2.92679
1.4121
2.4397
1.80405
1.72721
3.09397
1.36333
3.63753
2.16822
2.39581
2.14308
1.77311
3.41446
1.9126
2.87408
2.02459
3.15909
1.53641
4.2858
1.00452
2.91804
3.28704
2.97088
2.32489
3.31946
2.84716
3.21656
2.24785
2.80673
3.54652
2.24536
2.53331
1.36333
1.64909
4.66875
1.0365
0.654918
2.45461
2.48991
1.0639
2.33558
1.81914
1.87437
2.55328
3.27073
1.28981
3.99372
3.87204
3.55201
2.69296
2.49899
2.69292
2.55015
3.6623
2.45486
1.1944
1.96093
0.966618
1.7403
2.16881
2.67912
4.09229
3.30182
2.95932
2.81543
1.48927
2.37416
4.38949
2.36546
2.41131
3.08233
3.44719
1.47866
1.57547
0.939957
2.8863
3.59989
2.64907
3.42907
2.78762
4.01088
2.93255
2.17452
2.46893
1.90713
3.12709
1.90798
3.15013
1.44418
3.00446
2.45429
2.31369
2.92039
2.87697
2.45759
1.94464
2.94574
2.57032
2.01474
2.17626
1.87447
1.52756
2.31212
2.3231
1.08599
2.50309
3.37331
3.53678
1.24013
3.78799
1.79368
2.13283
2.0823
4.0576
3.19853
2.81162
1.11234
4.03239
1.45405
1.38
2.36088
3.04014
2.02057
1.36141
1.33748
3.20458
3.53401
3.46109
2.31374
4.00482
2.88466
2.1588
2.42617
0.89586
2.58688
3.23695
1.84729
2.94519
1.68022
2.09425
1.89788
1.20353
3.98483
2.80374
2.84281
3.33761
2.82488
1.55761
1.41661
2.71769
2.37735
1.99283
1.70645
2.19379
1.70964
3.24463
2.1146
1.77681
0.78022
3.87339
0.705193
3.74075
2.53131
3.69875
3.99171
3.15417
1.096
2.15116
2.01584
2.79082
2.05668
4.02348
3.45398
3.21898
0.699451
1.9941
2.53847
2.82604
2.11119
3.35025
1.98876
1.56419
1.63406
1.09763
4.10194
2.11826
2.3345
1.70925
2.41204
3.02645
3.22284
2.56301
2.65007
1.60795
2.12082
2.08729
3.51748
4.241
1.6992
1.61181
1.32746
3.41367
3.70517
1.7974
1.16516
0.754327
1.75316
1.52868
2.38734
3.24022
1.42099
1.30466
2.13509
2.88962
1.86069
2.64469
3.15807
3.46269
0.92606
2.70772
3.33845
3.4532
1.69885
3.4786
1.35056
1.84783
3.71431
2.57343
3.31982
2.04785
3.21875
3.03989
3.32124
2.03906
0.644144
1.56809
2.12017
1.65523
2.38436
2.35918
2.11549
2.77825
0.862351
2.38428
1.09864
1.74673
2.60772
1.5737
2.51927
1.61584
2.32296
3.02736
3.57881
2.85236
1.42252
2.05231
2.93919
2.96892
1.96331
2.68655
1.79873
1.52879
2.52415
2.92787
3.03268
1.70062
2.82739
2.73809
2.24113
2.99537
2.33044
2.16375
1.90296
1.72548
2.1355
1.65231
1.90721
1.90305
2.16821
1.82422
2.30784
2.57913
1.84764
1.83764
3.47186
2.39381
2.47176
2.51861
2.35369
1.69845
2.77978
1.45469
2.2346
1.64774
2.50821
2.56585
1.23879
1.24797
2.82805
2.12853
2.40294
2.43028
1.29012
2.99822
3.52444
1.50193
2.01185
2.36828
2.18264
2.78795
1.2785
1.30923
3.59876
3.55102
2.50938
4.07595
2.02545
1.58821
1.46083
2.64299
1.39745
1.39916
3.12454
2.26429
2.17271
-0.062669
0.718841
2.43059
2.01617
3.97871
3.17146
2.79162
2.446
1.77705
2.15934
3.21196
3.68078
2.99049
2.59589
1.29898
1.95961
3.01458
1.8654
1.70022
1.94687
1.3981
2.86016
2.04712
3.42944
2.59751
2.4299
1.85615
3.30407
1.75738
1.83919
1.79569
1.14562
2.52962
3.15935
2.45728
1.50079
1.57797
3.53235
3.36224
1.95212
2.79392
2.82972
3.69282
2.57236
4.84711
1.78714
3.22945
1.70128
2.84145
2.59083
3.09249
3.49958
2.17299
2.1216
1.93053
2.48148
2.32366
2.87041
2.22286
1.61278
1.88838
2.15103
4.10497
2.69808
2.70946
2.03353
2.81189
1.69265
1.58557
2.90806
3.37415
2.75293
2.4653
1.47829
1.09324
2.93835
3.77232
2.4155
2.88133
3.35586
3.58823
3.4722
3.61301
3.96868
1.85023
3.45366
2.73447
2.57807
1.85417
4.01977
1.79465
1.62703
3.25839
2.02532
2.13185
3.2042
2.63931
2.84438
2.95162
2.53568
1.18457
1.63584
1.78269
2.34402
1.70719
2.44561
3.56607
2.74467
3.39979
1.98631
1.90114
2.6484
2.01957
1.42408
1.84203
2.90447
2.81179
3.08169
2.41409
1.70868
2.06528
2.13418
4.00029
3.2679
3.58912
2.92014
1.78102
2.33611
1.38901
2.40562
3.92614
2.78164
2.87595
1.99499
3.42871
3.34826
3.49805
1.41888
1.83907
1.01594
1.4647
2.17171
1.19633
3.15252
3.24168
2.52041
1.9548
0.982065
1.62666
1.91728
1.66459
2.12296
1.48791
3.29838
2.3858
2.45101
3.20062
3.52274
0.762199
2.93997
1.16391
2.60532
4.9221
3.52412
1.07858
3.07841
2.72637
3.40051
3.48923
3.41117
1.79508
2.51778
4.50994
3.74088
2.66627
2.50975
2.44436
3.823
1.69546
3.40843
1.95935
2.05168
4.38524
4.92607
1.99622
1.7843
2.14414
3.04752
1.811
3.05829
1.83914
2.80971
2.79165
2.47182
2.13889
2.76834
3.60354
1.52142
2.46433
1.64679
2.68566
1.99347
2.7014
2.66753
2.48897
1.06016
1.40111
2.3851
2.94352
1.0267
2.62328
2.55477
3.40676
2.39676
3.47593
1.91104
2.38431
2.6099
1.40495
0.373656
0.76708
0.493373
1.71961
3.07432
2.27817
2.50511
2.37063
4.18224
3.82158
1.45953
3.09534
3.2134
2.83754
2.2208
3.29924
2.63776
2.24549
1.33572
1.0699
3.22523
3.53589
2.81456
1.10814
2.4484
1.28575
2.12785
1.69629
0.705556
2.70761
1.5561
1.37451
3.80283
1.2092
1.65411
0.815139
4.06278
3.04836
2.73522
2.46459
3.04109
1.88215
0.597164
1.61112
3.6099
2.42702
1.51701
1.75772
3.28054
2.57685
2.86024
1.16489
2.35681
2.34612
2.76361
2.87896
1.91186
3.42814
2.18682
2.84559
3.66389
1.30213
2.77897
2.08621
1.75123
2.02192
3.53911
1.84457
0.847963
3.25469
2.00145
4.34712
3.87784
3.38591
1.97185
4.03686
3.03653
2.62254
2.7538
2.69724
2.36726
3.33064
2.55274
3.22638
3.61964
1.75048
2.91091
2.6549
2.33994
2.12257
2.65358
3.13451
3.86419
4.77158
2.80989
3.13502
2.12524
2.38485
2.97325
1.98086
1.66348
2.37123
3.69906
2.20963
2.60366
1.69849
2.79877
1.52139
2.53651
2.555
1.86042
2.38599
1.3663
3.61254
3.04035
2.07834
3.61683
1.63837
3.05468
1.46476
1.7962
0.957129
3.33781
4.31065
4.3329
3.41579
0.31283
2.33596
2.84147
1.95717
3.16909
3.2558
2.90347
4.31346
1.98452
3.89127
3.02403
3.16351
2.73671
2.2519
1.42016
2.4414
0.875277
2.0991
1.16649
1.62966
2.81671
1.81367
2.40952
3.77821
1.23359
1.96303
0.547698
1.68696
2.55927
3.06494
1.61715
2.14966
1.92651
4.27705
2.30238
4.20529
2.13933
0.240821
3.18915
2.28833
1.10529
0.800797
2.39794
1.74768
2.44331
0.202798
2.83687
2.39843
2.08442
2.34549
1.89929
0.598662
2.38319
1.95765
2.8318
1.70906
2.80864
2.92912
2.65203
2.80899
2.783
3.18369
2.34614
2.17623
2.12154
1.63161
2.74497
2.37185
2.68005
2.65596
2.44063
0.200285
1.81959
3.11766
2.36351
2.19132
2.09889
0.765141
1.40534
2.30978
1.64965
1.47911
2.1736
3.35777
3.65147
3.50047
2.03682
2.58359
3.11616
2.82741
1.8943
2.70848
3.77675
3.27972
3.24056
2.51128
3.77587
2.4874
2.21331
2.84916
3.30415
3.2931
3.43609
1.96065
3.69021
3.59128
1.46275
2.41752
1.02873
0.723819
1.07398
3.34019
3.20478
2.56573
2.8895
1.94058
0.744702
1.82011
2.80133
1.7527
1.4353
2.34751
2.00532
2.10225
2.47789
3.25323
1.83739
2.09487
2.19072
0.822035
2.69171
1.09435
3.27323
2.4134
2.3546
2.12851
3.20004
2.13754
2.91446
2.17414
1.94579
2.78773
0.99067
1.72812
1.83179
1.94302
4.86143
4.64929
3.65589
3.29201
1.93024
1.94473
2.18438
2.12043
2.16359
1.82448
3.04828
2.5684
2.61304
2.00554
2.20814
2.80031
1.27371
2.27932
1.86512
1.78254
1.74936
2.29413
1.16745
1.71042
1.97693
1.63013
1.00093
1.22863
2.70304
2.91466
2.57567
2.69585
1.58616
3.55713
1.50546
1.64261
0.706524
4.09712
2.55112
3.81139
1.17949
2.74944
1.61609
2.98346
2.75021
2.51334
2.70862
1.60527
2.13364
2.28942
1.71544
4.08052
2.81417
3.43594
2.60358
2.23337
2.5306
1.92593
1.76105
2.96905
2.01828
1.51478
2.72003
4.12164
3.58757
2.08208
2.66634
3.18431
1.82003
1.26978
1.25884
3.23715
2.95025
2.04428
2.74325
3.92275
2.66653
2.10398
1.07084
0.568471
2.16581
2.83842
2.34353
2.24137
4.29408
3.50793
2.37413
2.31705
2.49034
3.75223
1.14523
3.35704
1.71287
2.34385
2.7871
1.48932
0.375587
1.31088
2.49954
2.07182
2.67535
2.50062
2.59213
2.71108
3.22681
3.30917
2.46401
1.39641
3.09674
3.00179
3.05927
2.76575
1.36105
2.47991
1.82888
1.74698
2.74343
2.18652
0.347064
3.34563
3.49126
3.33348
2.69468
3.48242
1.97985
1.25723
1.84851
2.46412
1.35323
1.23065
2.68462
2.73932
3.71995
3.62915
2.44162
1.89317
2.58746
2.43328
2.80878
1.80944
2.46699
3.04308
2.36265
3.12744
3.5576
2.77799
4.06248
2.58044
2.22865
3.09638
1.73548
1.51963
1.81097
1.93943
2.87642
0.809785
2.79065
1.15481
1.9514
2.62548
1.83598
2.79009
1.919
3.08342
1.54143
3.21287
2.88755
3.01856
3.27653
2.87926
3.19456
2.93377
1.70824
2.70894
1.67074
2.53387
1.76869
2.57613
2.19261
2.85146
1.50701
2.74095
0.859308
2.24451
1.98978
1.29137
2.84302
2.13882
3.28084
1.12412
3.02975
1.17726
4.09653
3.92605
3.49475
2.19942
1.73887
2.25322
2.46005
0.676101
1.31874
3.49033
2.31063
1.75967
2.77944
2.65977
2.54508
1.82173
1.88634
2.51426
3.00339
2.81085
2.42385
2.2197
1.37749
1.50352
2.44684
1.67831
2.44624
1.80836
0.848293
2.3968
3.74401
3.61333
3.12751
3.9427
4.0328
2.54809
2.59312
2.89794
2.43546
2.22846
3.06503
3.62703
3.18814
2.39815
1.77335
3.6587
1.68968
1.45554
4.63024
2.40665
1.66706
1.55907
1.64304
1.27989
1.8082
2.2262
0.792411
2.85464
1.99119
2.88322
3.54063
2.25768
2.28904
2.19209
3.1088
3.58499
2.2833
4.17999
4.36614
3.51527
1.99169
3.19248
2.11236
1.32631
2.2653
2.25285
1.69403
1.81089
1.86613
1.56174
2.53722
2.17579
1.75067
2.16779
3.58132
2.22153
2.10468
2.88814
2.18546
0.854907
3.2542
2.09966
3.2224
2.43511
2.26168
3.44037
1.86574
4.37255
3.16617
1.77658
4.19999
2.61354
2.628
1.53364
2.79192
2.25108
1.92546
3.99864
4.25479
2.93316
2.38981
1.78732
2.05414
0.925901
1.17322
1.0924
3.40391
2.58631
1.55828
3.32283
2.94311
1.00181
3.94943
2.3784
1.92481
2.24049
3.0247
2.50988
1.9859
2.83932
1.35437
1.49601
2.01701
2.30918
3.31258
3.19243
2.61591
2.96844
4.08761
3.38677
2.98411
2.94833
3.52721
2.37602
3.48223
3.3824
2.31996
1.84431
5.88586
2.52435
2.79514
2.52464
2.44865
2.49791
1.14656
2.11457
2.43671
2.13712
3.20592
1.55343
2.7209
2.84675
1.41116
2.91362
2.4714
3.14104
3.28268
1.80269
2.11529
1.87545
0.576767
2.08046
1.70709
2.74659
2.03931
2.18686
3.30149
2.82163
2.57278
2.28199
3.91654
3.13812
3.04911
2.25224
1.92293
2.10384
2.05135
3.09822
3.39681
3.22451
2.57498
2.20313
3.83304
2.52045
2.71321
0.730369
3.09277
3.66293
4.2972
3.75897
2.87
2.30999
4.60036
1.57526
1.88243
4.79609
2.67023
2.84312
0.596691
1.38451
1.9654
2.48254
1.59063
1.29822
2.30869
1.80936
2.19518
0.964574
2.68038
3.07964
2.23787
3.23231
2.21821
1.90805
1.71448
3.17623
3.87738
0.833789
2.26045
3.84896
2.71497
2.12617
2.07066
2.00886
2.31822
1.72938
2.77628
2.98414
1.95208
1.22023
1.32993
0.592485
2.70062
1.39081
2.88911
2.18959
2.79929
2.20531
2.87038
2.21519
1.9191
1.61376
2.90506
2.72135
3.95746
3.89058
2.66668
2.34398
3.83319
3.10655
1.60433
2.7694
0.712369
4.2942
1.81403
2.42209
3.17498
4.40759
4.8144
1.22617
3.17835
1.27392
2.08374
1.54961
2.1502
3.53379
1.90778
1.21386
2.37297
3.37464
2.172
4.08083
4.41331
3.98303
4.2956
2.07273
2.55993
2.4883
2.93342
2.09265
2.21869
3.67432
2.50483
2.62145
2.8326
3.60365
1.86728
2.10747
3.55696
2.36976
3.2833
2.12021
3.20412
3.225
3.73987
3.6963
2.4912
2.57501
1.48426
2.33166
2.23237
0.562411
1.30853
3.2316
2.05003
1.96678
2.00612
2.10797
3.68365
1.75479
2.00379
1.22424
2.19853
3.00061
3.54624
4.15991
2.80177
1.69708
1.55411
1.85995
3.33105
3.50922
2.6299
3.33898
2.95999
2.03898
1.61175
0.969054
2.14978
3.02096
1.68475
2.22698
2.55321
1.08053
1.61218
1.3792
1.39181
2.26033
0.725101
1.72532
3.02851
3.06909
2.21969
1.92169
4.05045
2.92257
2.92304
2.75759
2.38249
4.27423
3.39807
4.80067
3.13301
3.51607
2.18867
3.51709
2.426
1.28721
2.37297
2.31575
2.23523
4.36481
1.99412
2.27894
1.75305
2.00749
2.3017
2.82918
3.03402
1.99052
3.14219
1.5073
3.29152
3.72606
2.8969
1.90731
2.30126
3.1072
3.66635
3.85138
3.6408
0.790865
1.78806
1.78378
1.64979
1.39494
3.24385
1.90279
2.09205
2.91852
2.49063
0.379374
1.79835
2.72636
2.12413
2.51549
3.24237
2.70366
4.24963
2.94784
2.92483
2.3029
3.66561
3.10674
3.01274
1.46202
4.49549
2.99746
3.63214
2.08762
1.83616
2.8479
0.63456
1.15639
2.0498
1.84039
2.50434
2.71186
1.54838
4.00532
1.4661
-0.175727
1.67517
2.29503
1.76798
1.72242
3.21833
1.63341
2.48762
2.07528
2.93621
1.10436
0.978607
2.39255
2.965
1.9289
4.66055
1.53178
0.407529
2.47925
2.15473
1.79142
2.69653
2.23222
2.12756
2.94201
1.33452
1.93371
3.02826
2.05649
2.12307
4.15291
2.83478
3.00136
0.890354
0.896581
3.15959
3.2115
3.80864
2.27113
1.64817
1.8213
1.93701
3.17983
2.36367
2.49711
2.54845
1.4906
1.7088
1.47656
1.97498
1.308
3.56172
3.12271
1.22303
2.69502
2.05849
3.35892
2.8869
2.39974
3.97983
3.37661
2.81795
1.41426
2.42364
1.34637
2.24501
3.04285
3.793
3.24833
2.57785
4.22656
2.72466
2.53349
2.16756
2.6999
1.6606
2.12746
2.23265
2.19856
1.20809
3.2661
3.08859
4.69869
3.32907
2.31948
2.15815
1.70317
4.03715
3.21066
2.66195
0.968988
2.90218
0.862322
3.33777
3.40841
3.83825
3.06942
3.37238
3.28956
3.32745
4.61493
1.30106
1.30474
3.20509
2.51435
2.91019
1.57733
2.0291
2.52223
3.21763
1.35657
2.52271
2.08136
0.818138
1.42327
2.92209
0.423998
1.1698
1.64858
3.64698
3.40621
2.64875
1.25413
1.75411
2.79288
1.40439
3.6306
3.28822
3.06271
2.07055
3.39976
3.12118
0.565584
0.538645
2.55638
1.64225
2.94554
2.95118
2.81033
3.84031
3.41972
1.88737
1.43232
2.28077
1.92584
3.85653
1.67329
1.65371
1.47365
4.0222
1.062
1.49152
2.57562
2.88594
2.58772
1.33993
2.66432
3.71839
2.51888
4.23182
3.44761
3.01601
1.79755
2.23448
2.39871
3.82001
0.969165
2.61996
2.59872
2.24388
0.632544
1.58747
1.72659
2.28537
2.41066
0.600479
1.65196
4.08754
3.33645
2.87581
1.14847
1.48228
3.47054
1.11735
2.72013
2.36324
2.85835
3.57904
2.33058
2.75425
3.23416
2.42731
2.30887
2.18958
3.37057
1.64546
2.5482
2.42196
2.30125
2.49406
2.63996
2.22014
2.90684
4.22253
3.41255
3.38451
1.53807
2.33576
2.32977
2.11718
0.545445
3.42283
2.13948
3.65092
2.21957
2.72774
2.21469
2.10189
2.53386
2.65107
2.81073
2.9436
1.05871
3.67582
2.47553
3.2498
1.69335
2.77997
2.37883
2.80671
3.31456
3.59423
3.37439
3.62412
0.907612
1.33836
2.95763
2.33245
1.37995
2.06677
1.03963
1.64522
2.25692
1.79951
1.64994
2.20415
2.78855
3.42598
4.54135
2.52967
1.5523
1.00514
2.70278
1.04689
0.954153
3.73876
2.74163
2.24682
2.66206
2.53044
3.58475
5.61252
3.51742
3.68658
3.26402
1.48466
3.02099
2.90289
3.02812
4.11306
2.28606
1.52643
2.82938
2.37933
3.65412
0.815385
1.88405
2.42777
1.72152
2.14995
1.73062
2.48163
2.95848
2.16847
1.48318
2.82696
2.80106
1.60888
3.45322
2.69182
1.98251
0.759985
1.93868
2.78903
4.03204
2.49963
2.81769
1.60673
1.76828
2.45627
3.29697
2.10379
0.983163
3.15896
4.38644
3.33591
2.26658
2.74192
3.61595
2.45752
0.0779827
3.26744
1.31296
2.49443
3.95594
2.92994
3.15419
2.99009
2.72714
2.21516
3.57838
2.2911
2.28027
4.49602
1.6471
3.64706
3.38587
2.75812
2.40782
3.43565
1.38297
4.22425
3.08563
4.08524
0.643108
1.79254
1.77273
1.50722
2.88256
3.31279
0.851418
2.50044
2.55133
2.7424
2.01742
2.58012
3.93696
3.24897
2.1413
1.93078
1.8404
1.23675
2.76403
0.728323
2.29329
2.26338
2.91627
1.82238
3.05552
2.90363
3.57465
3.53119
3.47505
2.2926
1.74462
2.12457
2.83945
3.79333
2.85868
4.16168
1.84903
2.74429
2.65284
1.85685
4.18828
3.78793
4.37653
3.04198
1.98584
1.38495
2.85445
1.96701
3.49429
2.47893
2.20247
1.17649
1.49083
2.43445
0.468957
2.83159
3.73058
3.29571
3.33386
1.1874
1.91812
2.36339
2.24772
3.37005
2.60533
0.704135
3.11136
2.3152
1.42977
1.85647
3.48061
2.28856
1.74506
2.38669
2.94692
2.46173
3.06393
1.7301
1.67557
2.99579
2.73893
1.01211
2.77138
1.60168
2.69635
2.07934
2.25996
2.66285
0.943599
2.18126
2.14017
2.03926
3.2707
3.81432
4.46304
1.82087
1.65076
3.86475
1.96821
0.906945
2.17048
2.59896
1.17046
0.479804
2.19281
2.40857
2.71888
2.94362
2.83327
2.94999
2.25359
1.3493
3.63331
2.82619
1.33244
2.50496
3.01651
1.87637
3.263
3.46872
2.98412
3.24316
2.70716
2.99201
1.45053
1.63739
3.11312
0.815445
1.88772
2.17431
2.32537
1.23084
0.847476
1.43173
3.03413
3.01188
2.2336
3.66126
2.85583
1.38563
3.57923
2.31229
0.975587
2.52384
1.7179
2.37409
3.80527
3.64837
3.30239
1.46031
3.09567
1.81242
1.30017
3.55878
0.380936
1.41108
1.6038
1.95217
2.59777
1.21261
1.78308
2.99818
1.33582
3.62386
2.80546
2.5936
3.10958
2.87745
3.62399
3.26419
2.51531
2.90352
1.99748
1.84315
2.19055
1.15013
2.38479
2.45642
1.97602
2.66463
1.62581
2.49639
1.83663
2.56256
1.38046
2.07332
4.48668
3.85073
2.15633
1.3205
2.78111
2.29639
1.50452
1.89322
1.02917
2.14555
3.52306
4.25304
2.78
4.58718
2.95113
2.56168
2.37152
3.03642
3.22503
2.2043
1.35432
2.84799
1.08987
2.41757
1.43611
3.22914
1.1582
1.30075
1.41628
3.36523
3.09619
1.87579
2.72507
1.92135
2.07136
2.16588
2.30618
2.07032
2.47607
1.46178
2.45596
3.17567
1.6188
4.44564
3.2534
1.6353
3.05933
3.26123
0.727688
1.23074
2.81389
1.60347
2.95484
3.08678
2.27052
0.67197
2.92702
1.70875
2.52735
2.02336
1.86623
3.39878
2.46182
3.27298
2.71596
3.18064
2.75996
1.47388
3.14497
2.67552
3.97146
3.26552
2.02901
2.4117
2.16789
1.80832
2.0274
1.98548
1.57461
0.861722
2.55075
0.545123
1.09856
2.33596
2.89798
2.87109
4.74092
3.22342
2.26226
2.06465
3.9372
3.29178
2.47925
1.35686
2.95364
2.9221
1.72595
2.82953
3.73521
3.07964
1.15043
2.07734
2.76061
0.902871
2.77242
2.85123
3.23539
2.02395
2.67314
2.04707
2.98879
3.54139
1.86497
2.7249
4.31465
3.72586
2.74357
3.39962
2.95375
2.57062
2.15766
1.7403
2.12053
2.04925
2.04083
2.68287
2.69204
3.49289
1.35816
2.20336
2.55696
1.72279
1.91277
1.80358
2.36166
3.52405
3.35558
2.77215
2.73941
3.41559
3.23714
1.93047
1.85482
1.63038
1.46275
1.88727
2.16715
2.22953
1.06095
1.51945
2.48925
1.27685
0.815557
2.12852
2.57825
2.27052
2.88295
1.52135
0.955096
2.01889
3.32531
3.61886
3.71301
2.0262
2.25029
2.55098
2.69764
2.47507
2.79921
2.93637
2.19959
1.25555
3.77683
1.96725
0.647466
2.47615
0.589624
2.5242
1.89709
2.8627
3.90782
2.67267
3.50516
2.61941
1.3133
2.81933
1.75042
1.10164
1.44581
2.71608
2.8325
3.13427
1.98354
2.14197
2.77409
1.28235
2.35652
2.37494
2.36773
2.00731
0.46077
2.82472
1.29964
2.54981
2.43725
2.48698
3.10082
1.8317
1.9608
3.75033
2.70955
2.02401
2.25227
1.65584
0.632108
1.7544
2.15108
2.01955
2.17767
0.88128
4.06788
1.64707
0.937251
2.357
1.97953
1.76552
1.754
3.22587
2.31716
1.3123
2.08099
1.41535
3.01973
3.30564
3.2938
3.79875
4.68818
2.82572
2.38809
2.68057
1.86973
1.98926
1.22508
3.00947
2.37827
1.91594
2.08753
2.3541
1.64122
1.6919
4.9233
3.20034
2.82263
2.2403
2.98286
2.0258
3.53758
3.88193
2.20403
2.16073
3.1116
2.72263
2.26538
2.97263
1.61891
1.49641
1.54952
2.91461
2.90261
2.07793
1.69789
1.42971
2.81387
2.55636
3.20104
1.57955
2.47454
3.31553
2.23693
3.13956
3.29777
1.28343
3.60322
2.46644
2.25625
3.16831
3.83662
2.4716
1.26576
3.06043
2.20078
0.343452
1.84384
0.0668463
1.7746
2.28237
1.3658
1.28857
2.3747
2.50014
2.09699
3.56542
2.534
3.53178
0.538353
2.07119
3.25762
3.45329
2.72936
2.94721
1.60862
3.48955
3.59602
1.70375
3.33663
2.78423
1.77603
1.41741
2.26502
2.3301
1.15125
2.51156
2.26539
1.53776
2.0445
2.80155
3.50327
2.8041
2.39759
1.54541
3.15168
1.75522
0.884227
1.62476
2.57365
3.03348
2.81086
3.26295
1.09665
3.16582
2.29673
1.46909
3.2885
3.07931
3.88963
2.92134
3.06597
2.59404
1.11165
3.18038
3.14116
3.25343
1.47787
1.72237
4.47169
2.54876
2.49442
3.03251
3.28165
3.4604
-0.0665314
1.94614
2.31457
2.80854
2.33531
3.10187
4.52085
1.76458
2.82275
1.93242
1.99888
2.94268
2.81014
2.15761
1.43927
1.85221
1.8635
3.31071
2.65003
2.23346
2.18974
4.08528
2.97196
2.05114
2.02507
2.75829
2.67604
1.93178
3.45114
1.4552
1.99002
1.35574
2.11575
2.59469
2.69124
1.0893
1.89647
2.36438
3.96733
1.1677
3.71212
2.58277
1.96642
0.949675
1.56017
1.45839
2.66938
2.52343
2.91368
3.02184
-0.217553
1.40964
2.53265
1.67876
2.9427
3.1117
1.59705
3.37503
3.18629
2.41807
2.55692
3.21846
1.98928
2.40062
2.53769
1.3383
3.47277
2.01657
2.72962
1.51456
2.56387
2.43249
1.43697
2.72113
2.72217
2.41816
0.340864
3.06602
1.863
3.23515
4.02582
1.55231
1.21081
1.57289
1.61502
1.5429
3.01819
2.84094
3.21293
2.45634
2.80667
1.32246
1.9086
4.90819
2.73427
2.88539
2.18467
1.98975
2.25228
2.1983
3.54024
2.37903
1.60412
2.95547
2.55485
2.04124
1.59227
1.17924
2.3217
3.63305
2.91122
2.60538
3.19497
2.29225
1.93243
1.536
2.64616
1.30871
0.552093
1.69699
2.41214
2.71964
2.10643
2.17006
2.07367
-0.679681
2.59674
1.34385
3.30095
1.94934
2.23263
1.97122
1.68219
2.75728
2.36016
3.31405
2.95913
3.2859
2.72602
3.41923
1.4815
2.89378
2.04802
2.40348
2.93149
1.56106
0.706938
2.38509
2.70647
0.656814
2.46885
2.58811
2.77424
2.69918
2.82871
1.99239
2.13302
1.58637
1.39941
3.30921
1.77301
2.20323
1.73758
3.24428
4.34519
2.49142
2.42018
2.5138
2.66575
4.36363
3.67887
1.56254
0.418885
3.04565
2.97597
3.12779
2.6237
3.48213
3.35552
2.9971
4.38542
3.3605
1.90889
1.65361
2.35136
1.59567
1.40333
1.67822
2.96763
1.58858
2.47052
3.34233
2.57828
2.95196
1.87057
3.08063
1.91046
2.26807
2.4347
3.39926
3.79046
3.82661
3.19813
3.43565
1.36319
1.5936
3.7434
2.03572
1.73013
1.45061
1.94715
1.27644
0.831137
1.44963
3.05104
3.21886
2.13442
2.3802
1.21047
2.89008
1.97217
1.99073
1.85885
1.36988
1.8279
1.68394
3.08941
1.84665
3.51966
3.53601
3.89022
1.82624
2.05762
2.21557
2.34229
2.0988
3.72721
3.10197
3.24543
2.04555
2.71828
1.78915
2.34693
3.44791
2.59042
1.52366
2.78832
1.61902
2.61627
1.43084
3.31819
2.44916
1.71835
2.12458
1.88405
1.99285
1.53101
1.98268
1.82637
2.5705
3.7428
3.44904
3.23402
1.19422
3.648
2.27654
1.29621
0.910704
1.28672
2.19041
2.21344
2.31461
3.99407
2.57919
3.54214
2.22709
2.08875
2.23838
0.737708
1.91432
1.73096
3.47344
1.63835
0.988573
-0.128094
1.18946
0.896434
1.69475
2.53675
2.65286
2.59146
1.72914
1.15165
1.45991
1.24878
2.89395
1.1145
2.24886
2.51516
3.649
2.40515
3.4845
3.88786
0.0851793
2.56342
2.54242
3.19688
1.75723
2.3227
1.97354
2.15677
4.62525
2.34145
2.62322
1.5054
1.66139
1.17681
2.41878
2.19734
2.07618
1.75756
3.47926
2.99517
2.11017
3.64224
3.29945
2.93198
0.569344
1.53552
3.33979
2.92092
2.80446
3.08329
1.06982
1.53435
3.841
2.38971
3.08373
0.821689
2.11823
1.74898
4.33249
2.6902
1.7815
2.18902
3.66694
1.94608
2.67958
4.24441
1.97799
2.6788
2.87769
1.13203
1.79175
4.06224
2.5914
2.25505
1.93151
3.53588
3.31267
1.68986
3.26485
1.57389
2.35255
1.92997
1.66667
0.827248
2.78013
2.17993
2.39876
1.2795
3.28599
2.55342
2.07554
2.84128
2.24071
2.42953
1.9503
1.31736
2.38243
2.02089
2.73661
3.59017
2.38893
3.05729
3.96043
1.82463
2.3926
1.95852
2.2345
4.55975
1.9871
3.23094
1.73657
2.78917
4.14571
4.07038
3.49516
3.01568
2.77905
3.66728
3.60189
2.84235
2.81271
2.29356
3.22584
2.84596
2.70482
3.2468
2.78687
2.59194
2.48807
2.6226
1.81679
2.81363
2.7507
3.78447
2.12981
2.51195
2.50434
3.17522
2.73801
2.22272
2.31021
2.11881
2.4383
2.17495
2.77215
3.59522
0.476434
2.69473
2.42832
1.62129
0.781503
3.41207
1.67656
1.20728
3.95427
2.31978
1.41881
2.86232
3.08088
2.77374
1.80676
1.60585
1.64676
1.78252
1.681
1.04823
2.56802
2.61793
0.918254
2.23047
1.79143
2.19154
3.37411
3.19843
0.917792
3.03222
2.36691
3.83239
2.74761
1.75456
2.47758
2.28137
2.58145
1.68246
0.179861
2.18038
0.781904
1.22377
2.37715
1.53665
1.65153
1.48436
1.78038
3.34229
2.59615
2.61009
2.58924
2.30269
4.46257
2.33429
2.31906
1.22291
2.16162
2.23363
1.78235
1.69479
2.73993
3.13092
2.71932
2.42602
1.43874
3.35907
3.35135
3.22847
2.20693
2.04024
3.94951
2.26342
0.880632
1.55436
1.50165
2.25742
3.61354
2.92617
3.26902
4.22612
1.49863
2.79336
2.04696
1.78465
2.40545
3.94351
3.41856
2.27751
-0.030279
3.37605
2.5601
2.87913
2.04575
1.43617
1.32723
2.54922
3.4222
1.97424
3.44539
2.8227
1.256
3.7628
3.30387
1.82564
1.47964
3.10965
2.64191
1.94404
1.66734
2.65524
2.87752
2.26389
2.22143
2.00297
1.88989
1.85695
1.50402
2.16954
1.4012
1.79287
2.69351
2.86874
2.36906
3.00435
3.88004
2.38586
3.59884
2.56773
3.03717
2.2438
2.35883
2.74568
2.147
1.16038
1.70752
1.10934
3.60161
2.74283
1.29985
2.81706
1.96662
0.876082
1.94406
2.50782
1.43075
1.70074
1.83035
3.43367
3.57525
2.69238
1.99977
3.12752
3.90798
3.10798
3.70582
2.68695
2.71936
1.97378
2.77113
2.21811
3.42155
2.34461
2.81088
1.15457
1.75416
1.3274
2.6797
2.64356
3.63551
2.06394
3.48269
1.88502
0.857322
0.530312
3.20682
3.52154
1.21311
1.07128
3.04136
3.25765
3.98733
1.9706
3.32207
3.86246
2.73018
2.50505
3.75376
2.827
3.38405
4.05877
1.72147
1.75702
3.00545
3.53282
2.01166
1.77583
3.54018
2.38499
3.17149
3.15716
2.52423
1.948
1.82617
3.71839
3.15986
1.8134
0.662596
3.13859
2.61255
2.89483
1.57482
2.74712
3.27194
2.95148
1.2444
2.60053
2.64319
3.79832
2.17579
3.04362
3.19727
2.06403
3.0058
2.22348
1.67776
2.14477
0.732274
2.14086
2.3332
1.64492
2.62661
2.80347
1.85115
2.98735
1.17555
2.15828
2.22165
1.94796
1.67695
3.1362
0.553699
1.28788
2.79124
4.08268
3.33151
2.1418
1.76557
1.22247
3.96404
3.41134
3.13659
3.09991
2.36424
2.12398
2.36064
2.04795
1.966
2.3394
2.36307
0.828192
4.7118
3.66314
3.26216
1.22271
1.06167
3.26519
2.51337
1.19787
1.30246
2.57922
3.78664
2.1843
3.1661
1.93546
2.33241
4.0762
3.08717
2.76103
2.4044
2.33632
3.33108
3.07836
2.48407
1.79169
2.46645
0.8994
3.44299
3.15279
1.58984
0.88051
3.11755
2.62509
2.40719
3.23557
1.66366
2.58332
1.39245
3.0506
1.70335
2.00911
3.23037
2.21514
2.67167
2.48781
2.9554
2.32679
3.36387
3.32613
2.38388
1.85803
3.24949
1.61581
2.05609
1.18643
1.06366
2.95227
3.08411
2.3886
0.807602
2.30944
1.77636
1.8996
3.82122
2.91835
3.10337
2.07662
3.12735
1.37747
1.43237
2.65243
3.02249
3.03562
1.52637
2.35036
1.4064
2.09464
2.50181
1.67084
3.32195
1.31142
2.7526
3.6112
2.37865
3.04188
3.51447
3.25424
4.45161
3.10526
1.80911
3.27189
1.01355
3.4976
1.81694
2.14744
3.13024
2.06842
2.2597
0.602802
3.09028
0.998938
2.09878
0.96733
2.80494
1.41945
3.38724
3.32813
2.56515
2.83355
2.28367
2.83991
2.16429
1.98006
0.548376
2.54757
1.90969
1.83728
3.18258
4.06104
2.88556
1.7582
3.16703
3.17999
2.14447
4.59565
1.74739
0.726023
2.46476
2.53416
2.23475
2.38617
3.15669
2.20624
2.63979
4.13877
1.23521
3.54474
3.25213
2.5334
1.78998
1.74253
0.333441
1.97192
4.04625
2.2375
2.04192
1.69017
0.708357
2.34173
3.04683
2.15467
1.28871
2.0971
1.74996
2.53235
1.55252
2.2585
1.47554
1.17537
2.77122
1.9629
2.54129
2.07889
1.67308
3.2423
1.69068
1.79931
0.992178
2.45561
2.0295
1.98652
2.78805
2.257
1.96025
3.28607
1.9715
0.995493
1.42032
2.1086
1.25948
3.26194
3.92493
2.6581
1.98308
1.31627
3.50287
1.79009
2.58191
3.44233
2.09136
2.52751
2.09679
1.64159
2.18342
2.27721
2.33731
3.81509
4.1256
2.45912
0.137078
2.47246
1.65395
2.5072
1.7539
3.63317
2.27499
1.50854
3.89128
2.24242
1.72578
2.99025
1.77
2.40831
3.66133
2.61007
3.04634
4.37993
1.28649
2.87244
2.69904
3.52424
1.63871
2.10164
2.29738
2.31833
3.34673
3.78093
2.61928
1.68721
4.43489
2.00749
2.84264
2.92225
3.42019
1.9694
1.83695
3.10951
2.25979
1.99164
2.84203
1.31772
2.54887
4.77395
1.04694
2.90386
1.22386
2.0901
2.46488
2.25296
2.17799
2.97535
1.13129
1.81637
1.02348
2.72514
1.87477
0.892554
0.67785
2.03662
0.604153
0.711054
1.2606
2.96966
1.23393
1.96154
1.74248
3.95193
1.48364
3.20939
1.88749
4.31005
1.70756
2.82704
2.56947
2.10572
1.58138
1.74089
1.93859
3.37849
3.49557
2.4462
2.56409
2.04382
2.83919
1.81037
0.92648
2.72052
0.917838
1.80072
2.05925
2.39512
3.47924
3.2555
1.82591
1.97238
2.69803
1.58069
3.03705
-0.331957
2.03963
1.75736
1.9575
1.58399
0.635088
2.77815
0.989455
0.178103
2.35527
2.04837
1.55903
3.37742
3.2578
2.9807
1.60702
3.10863
3.04245
2.89961
1.94908
2.35419
2.00901
3.82233
1.96024
1.21012
3.2347
2.08347
4.78184
3.13495
1.71903
4.32675
3.17878
4.41509
2.00778
1.56485
1.69902
0.785563
0.437196
2.41618
1.65497
3.34062
1.76631
2.8626
0.558073
0.966405
1.72959
3.48161
1.9439
1.95547
1.68493
4.57879
2.27928
0.943853
1.63493
3.18472
2.44665
2.00484
1.52405
2.65403
0.996952
3.34065
2.57437
3.60733
1.95796
1.05255
1.82703
3.48414
1.97211
2.06985
1.3986
3.47838
2.94702
4.47864
3.40802
1.98569
3.08963
2.77024
2.69167
2.67404
1.64364
3.12417
2.5872
3.62908
2.2882
2.09614
2.07598
2.59022
3.11774
3.57055
2.9348
3.64356
2.71312
2.65434
2.55993
2.2942
3.17063
2.05592
1.50683
2.66633
2.60401
1.03843
3.22944
2.57796
3.1534
2.59643
2.67233
2.47363
2.26424
2.68654
3.55188
1.90974
2.6788
1.07159
2.19259
2.53053
2.06446
1.44465
1.89062
2.14964
3.5528
1.02533
2.44627
2.24869
3.69534
4.00233
3.59858
0.914326
1.70477
3.45782
1.75638
2.93893
2.51892
1.41859
2.36209
2.93248
3.99511
2.73837
3.20625
3.68954
3.13511
2.32633
2.74888
2.07244
0.798582
2.03722
2.94598
1.04615
2.9357
1.32551
2.11815
1.5853
1.88053
2.55347
3.10385
2.63568
2.21283
2.38492
2.64339
2.62508
1.79164
2.4323
2.88403
2.81257
1.72011
2.0065
2.47563
1.87195
2.06939
1.7299
1.1068
2.41681
2.42736
3.4114
1.79885
0.784131
1.73707
3.60955
2.20269
2.9911
0.85359
1.68745
1.38648
2.41288
1.43891
0.511162
2.75894
3.09738
1.63824
1.87977
2.87369
3.74611
2.63454
2.15269
2.66941
3.11764
1.30637
2.56088
1.77138
3.90233
2.80236
1.7409
3.00343
3.844
1.49187
1.13346
3.28515
2.77049
2.07892
2.17705
2.53363
2.60656
3.40804
2.7281
1.62123
4.34745
2.49379
2.69783
2.68542
2.52699
2.50073
1.97756
1.92941
2.42023
2.90504
2.68181
2.00648
1.58892
3.10978
3.11369
1.94426
3.02202
3.05743
3.28935
3.08061
1.02841
2.27224
3.21327
4.07122
1.21086
2.70874
2.60289
1.75141
2.6982
3.68152
3.34889
2.73021
2.54578
3.31118
1.48171
2.26685
3.40097
2.44103
2.35217
1.79418
2.30389
1.8515
2.45865
3.28934
2.71838
2.17782
1.24055
3.02198
3.19722
1.82301
1.40659
1.83625
1.89153
1.01548
2.02208
2.33667
2.44238
3.01382
2.80413
3.32738
2.68184
1.48145
2.55455
1.73669
1.1896
1.39123
2.9976
1.84124
3.94914
2.42512
2.15779
2.05105
3.18072
2.64539
1.08082
2.60742
2.609
2.54745
3.04676
4.12646
2.06386
2.36339
3.39143
2.55601
2.26093
3.21442
1.25635
1.23523
2.49222
2.50107
1.3856
0.984435
4.04336
3.56691
2.44528
2.6397
4.31092
1.28317
3.78891
2.86074
4.58848
3.16176
1.43278
2.06245
2.27471
2.28148
1.65197
3.46678
3.24913
4.42468
1.24667
3.88245
1.57297
2.42916
3.57713
3.06879
0.578579
1.43229
2.34565
2.44384
3.1175
1.57497
2.68831
0.1827
1.52992
4.0991
3.46167
1.71211
1.57876
1.57179
1.52255
2.88971
1.05851
2.14942
3.24948
1.61507
1.35634
3.27742
3.24191
2.11846
3.13514
2.10553
0.733391
1.87984
1.91812
0.374827
2.32352
1.25477
2.16795
2.15331
3.53698
3.56902
2.5977
3.93806
3.57625
2.05856
2.23335
3.39049
2.39565
1.62513
2.72353
3.04808
3.75936
1.92766
1.96914
3.73958
3.42323
2.57618
3.29068
2.88026
2.70813
3.03936
4.37769
2.61481
1.92755
1.94291
2.63383
2.80304
3.78984
1.36275
2.94362
4.16532
3.36497
3.76705
2.44569
2.94555
3.23306
4.02304
2.09586
2.60158
4.40354
2.67348
2.35488
2.8322
3.45455
3.76673
3.77724
1.77194
2.93746
1.15289
2.30895
3.26482
3.36783
3.69423
1.97709
1.13128
1.23921
2.37557
1.63854
3.31305
1.64153
1.58554
2.44308
2.61439
2.48043
2.33822
2.20518
3.05742
2.13872
2.79704
2.66671
2.82585
0.426387
2.06787
2.14726
2.73182
2.86837
2.84878
3.29778
1.423
1.47844
1.6946
1.57554
1.52145
1.87954
3.72321
2.54967
2.2585
1.84326
4.32378
2.16743
1.32843
2.03043
2.6825
1.97749
2.94143
3.48517
2.76581
2.40605
2.68415
3.09015
2.29478
2.17993
2.20643
3.54219
1.84486
2.46471
2.23273
2.87409
2.33662
1.36851
2.45104
1.24812
2.39693
1.46139
-0.207221
2.51035
1.70899
0.450055
2.7013
3.32654
2.61714
1.7119
2.63574
4.7714
3.38347
2.76065
3.75824
1.5202
1.07269
2.71662
2.39417
3.85562
3.37441
2.87368
2.65359
2.64452
1.86792
2.10057
1.43148
1.83418
2.93883
1.67207
2.34859
0.821065
1.2374
2.02692
1.34211
4.01056
2.7773
2.37856
3.12313
2.24197
1.58635
3.77775
2.14176
3.56334
2.5831
2.09831
1.97154
3.85733
3.17153
3.21028
3.06577
1.21024
-0.053284
2.29946
1.87791
3.26553
1.40476
4.19211
3.07581
2.5735
1.16116
0.422337
2.56917
1.4582
3.88819
2.92254
3.12757
2.51772
2.98515
1.76003
2.32095
2.53187
1.35997
1.52355
2.25062
0.844542
1.65549
1.93734
0.72634
1.98667
2.93264
3.00016
3.29345
0.795862
2.74968
1.7094
2.65145
3.08217
3.6847
2.11716
3.49443
2.68267
1.80997
2.24678
1.55829
2.87901
2.45194
2.10892
1.99463
1.65976
2.06653
2.72163
2.38446
2.43871
0.388873
1.55328
3.31096
3.21194
2.02423
1.8379
2.06927
3.51463
3.07302
3.35335
1.85767
1.57807
3.9309
1.63903
4.59686
3.25827
2.04986
3.39259
2.8515
2.08219
1.93972
1.61496
2.30237
2.49558
3.88843
2.15136
1.71157
2.37566
1.199
1.42304
2.67646
3.12968
2.73489
2.38458
3.23077
2.2618
2.99659
2.691
1.30475
-0.225454
3.9243
2.37648
1.31254
3.32201
3.11521
2.69332
0.89217
1.00223
3.43113
3.51367
2.96711
1.52724
1.24131
2.47023
1.78115
2.70921
4.06542
0.885593
2.26064
3.1762
1.36032
2.14377
2.13785
3.39299
2.51692
1.89644
2.23327
3.40466
1.94691
2.68637
2.57617
4.26696
4.21903
3.50871
3.87609
3.01603
2.72771
3.00557
3.1052
3.61892
0.750952
1.76353
1.49639
1.32111
1.7209
1.50063
1.11386
0.590034
1.73186
3.2108
2.81121
2.76953
2.07785
1.57574
1.66346
2.79539
1.60994
1.04594
2.2496
1.80992
3.72159
1.90306
2.13417
2.97176
2.77397
0.658137
2.88521
2.37378
3.00615
1.70462
2.76699
1.19022
1.94466
3.07841
2.20744
2.23014
2.49781
4.80221
3.20908
2.74034
1.58989
1.85281
2.51814
2.85727
4.50895
3.07933
1.77877
2.41856
1.33964
2.24264
3.59569
1.87735
3.05546
2.33154
3.22571
2.54492
2.80811
1.56903
2.80003
3.39306
2.4664
1.53989
-0.515049
3.21185
3.24922
2.50045
2.01374
2.84645
1.81804
2.38033
2.13884
1.71995
2.01759
2.5372
2.00727
2.73945
2.81281
2.84144
1.99118
2.84709
1.1148
2.28724
2.47671
1.69917
2.64725
3.04555
1.73979
2.32383
0.498658
1.41773
3.34959
2.19542
2.81699
2.28226
2.89959
3.30246
1.3882
2.54825
2.73287
4.01938
3.64574
3.71511
2.58563
2.4959
1.50449
2.19402
1.18343
1.06301
1.97224
1.98167
1.79401
1.70714
1.81421
3.21054
2.69767
2.30276
0.165838
1.23768
1.72531
1.67326
2.98878
2.87368
3.41921
2.6634
3.61297
3.19683
1.96955
1.39101
1.28913
1.81017
3.36687
3.73215
1.57219
1.92435
2.35786
3.13072
3.93449
3.33946
3.47105
2.13822
2.22426
2.51194
2.4287
2.57167
4.09713
3.58589
2.88777
1.34935
2.25013
2.7814
2.23141
3.24244
2.63386
1.71634
1.95854
2.80888
2.81676
2.53936
2.75032
3.83604
2.67865
2.39532
2.7756
2.56177
3.02271
3.04015
0.84267
1.73184
2.01038
2.18413
2.5703
2.23735
2.24339
1.65839
2.10491
3.5869
1.90916
1.93264
2.29179
2.1684
2.68783
1.41174
2.85973
2.49095
1.53361
1.53168
2.30543
3.56972
2.92406
0.947005
2.36733
2.7255
0.941318
1.79448
2.26525
1.61773
3.28167
2.54639
2.30469
2.95607
2.58832
2.01105
2.45484
2.64396
1.77941
2.57854
1.77688
0.903873
1.80433
2.71324
3.31188
2.12656
2.3057
1.90677
1.65469
1.92814
3.42489
2.77038
2.1657
3.45586
1.98416
1.84272
1.89177
2.76649
2.81761
2.81237
3.03935
1.57117
2.15738
1.46592
1.66197
1.98499
2.86012
2.38295
3.28369
2.94628
2.74108
2.40861
3.24594
1.5202
2.83212
1.83049
3.09759
2.91142
2.28032
1.30493
0.682568
0.736539
1.54335
2.8283
1.12669
1.49609
1.813
1.75218
3.498
3.10863
2.86501
2.87603
4.47186
2.49678
2.16245
2.02631
2.94038
3.35268
3.09059
3.15173
2.25713
3.19425
2.03744
3.74732
3.17394
2.29234
3.61942
3.63434
2.02651
2.83749
2.64226
1.88952
1.62393
2.47119
2.63496
2.13277
1.7184
3.02645
1.55001
1.54979
1.37491
3.31069
1.14694
2.78473
1.39623
2.5015
1.63504
3.82472
1.94203
1.02942
3.62667
3.53477
2.82318
2.36041
0.502323
2.41909
2.6478
4.40118
3.88887
1.72825
2.81748
3.63657
1.74015
1.6366
3.7244
2.24975
3.00523
1.28785
2.5394
2.30296
2.51805
2.56923
2.98279
0.952447
2.55594
3.40712
2.79791
0.638178
2.56528
1.88668
3.21498
2.50283
2.15528
1.68639
2.75788
2.53665
1.47385
3.57937
1.62531
4.17161
3.89689
2.63081
1.49205
1.41731
3.21592
1.44233
2.67562
1.65181
2.18707
3.19663
4.24653
1.24374
2.36808
1.08233
1.98026
0.16031
1.79828
3.27652
1.71977
2.09834
0.989818
3.85161
1.28684
2.53526
2.92001
1.59499
2.58612
3.11622
2.44198
2.48178
0.428146
2.30786
3.05725
1.30325
0.961225
2.27255
0.84568
3.36089
2.52122
4.10943
3.34378
3.45537
2.00597
3.07302
2.5358
1.90368
3.00404
1.36215
2.67993
2.99959
3.44565
3.46179
1.12458
2.29427
0.912556
2.41649
0.943938
2.18648
3.66593
2.89503
2.53407
3.12955
2.39428
3.05215
0.578814
1.63044
1.7897
1.6763
2.37901
1.28184
1.72526
1.49711
2.59774
2.92298
0.994176
2.85359
1.97534
2.71329
3.29403
0.420893
3.0408
2.50249
1.82389
1.46106
4.1645
4.02673
2.14442
1.36633
3.16943
2.06118
3.3177
2.69946
2.46524
2.77783
3.16155
2.50163
2.06945
2.60997
3.23803
4.05048
2.20894
1.28703
2.08055
2.30973
1.69357
3.55628
2.39862
2.01564
2.24423
1.59669
3.58836
1.88659
3.05531
3.99387
3.22863
2.4425
2.36897
2.81461
1.35675
2.48031
0.588608
1.42641
1.91722
1.10759
3.07685
3.22084
2.35725
1.36096
3.73056
3.80051
3.32189
3.56372
2.47299
2.90082
3.2809
2.34195
3.52347
3.04813
3.75653
3.32168
1.81252
2.95513
2.18861
0.375741
2.33778
2.24594
3.83242
3.15608
2.36569
1.63434
3.07985
3.53108
2.64472
1.92015
3.85435
3.67503
4.35696
1.64082
2.99749
2.69086
1.66956
3.24257
3.70881
3.02387
0.609928
2.48823
0.687543
1.73284
2.66058
2.39711
1.77693
1.83709
2.81349
1.94261
1.29211
3.90779
2.13138
2.27643
1.55828
1.10795
1.67555
1.59992
1.88598
3.03945
3.07673
1.97234
2.07535
0.769717
3.53265
2.08835
2.82233
3.72803
4.17492
2.87683
3.53779
3.07584
2.28358
3.39775
0.936894
0.819344
2.74965
1.75609
1.72977
1.99355
2.27184
1.96159
2.8891
3.32113
1.31504
3.1988
2.61393
1.78349
2.38323
1.46842
2.52089
4.03336
3.67705
3.43409
3.99933
3.4717
3.27257
1.93055
1.53883
2.92591
1.95677
4.15362
3.55927
2.00873
1.25144
0.629336
2.54165
3.00433
2.18098
1.86861
2.82694
2.77922
3.28406
1.47404
3.18807
2.186
1.93852
1.90895
1.10982
3.39706
3.55431
1.19015
2.71404
3.22177
2.63239
3.99049
2.01704
2.59725
2.40443
1.88528
1.52309
3.54271
2.67709
1.05986
3.2496
3.41651
4.26476
1.7611
2.84553
2.66404
1.90625
2.88695
3.08793
2.01155
2.32198
1.72036
3.10614
2.47473
1.85456
3.00473
4.3312
1.90722
2.6251
4.09413
3.34223
2.25918
3.16239
1.56816
1.63385
2.59947
2.5275
2.54499
1.97385
0.847351
2.76899
4.25785
3.20596
1.79404
1.04703
1.78535
1.99672
2.42554
2.25884
1.61451
2.0421
1.75232
3.33617
3.29533
2.64059
2.87604
2.90808
2.89347
2.75943
2.39263
2.20698
2.28584
1.53373
2.19359
2.53478
2.83604
2.2496
3.44309
2.21091
1.83006
2.35417
1.49074
1.97375
3.60118
2.2147
3.70603
2.88734
2.4026
1.5519
1.8966
0.760505
1.71944
1.88976
1.36202
2.13042
1.51142
2.69868
1.29803
2.46291
1.9527
2.58148
2.84422
2.36205
2.68077
2.87584
2.5882
1.64248
2.72854
2.76719
2.12076
3.01073
1.63269
2.94694
2.13521
3.06032
2.23608
2.55561
2.76904
3.33545
3.15445
3.60546
1.80616
1.75279
2.87759
1.2046
2.69711
2.5254
3.20318
1.60434
3.6633
3.02342
1.45811
0.563259
1.28347
0.460377
2.18458
0.990483
2.94958
2.83952
2.13635
2.64181
1.9484
2.42181
0.970676
0.58269
3.57717
2.10385
1.58659
4.01063
4.49582
3.3708
2.58787
1.20685
3.87896
2.70015
1.81515
2.30085
2.45144
2.08826
1.88434
2.00552
2.87164
2.92474
2.9048
1.85252
4.31916
1.83508
2.44626
3.39473
2.55701
4.44497
2.05949
0.651811
0.477627
2.23983
3.63526
3.89353
1.8879
2.95925
2.50208
3.7967
3.02611
0.93989
2.72717
1.58808
2.5202
2.41541
2.34652
4.33627
3.28245
2.39494
3.13622
3.15381
2.35413
4.28917
3.90495
3.3183
2.45805
2.60164
0.959099
2.02628
2.47334
2.66326
3.38698
1.46297
2.60561
1.31098
2.41055
1.10887
3.13926
3.00635
2.69805
2.48194
1.69802
0.879462
1.6917
3.03659
3.52625
4.20243
2.77444
2.45242
3.08589
1.29851
3.58278
1.98199
2.63415
1.54992
1.79929
1.98695
2.19713
1.93647
2.42263
2.67621
1.24486
2.81916
2.40761
0.151883
3.3478
2.70027
-0.0491767
2.35068
3.77536
2.41652
1.86771
3.41464
0.609599
2.78761
3.88069
2.91478
2.8497
1.56732
2.90493
2.63199
2.16959
2.11485
2.62618
3.32309
2.94884
2.18321
2.60894
2.92236
3.95846
3.33857
1.9772
2.12626
3.17828
2.14501
1.48304
2.26372
3.57708
1.42383
2.91935
2.09155
2.10839
1.20235
2.14532
2.98976
1.19161
2.89502
2.03407
2.79437
2.34513
2.3399
3.80107
2.06605
0.88288
1.45035
2.90746
1.19275
1.12867
0.865494
2.36236
3.2129
1.17278
3.34311
3.41777
1.89822
2.82005
2.90658
1.92386
3.05499
2.47986
2.61693
1.7011
3.99433
3.10416
2.99881
2.42005
3.67039
3.22037
1.53445
1.81816
3.45912
2.26037
3.31941
2.22166
4.47799
2.90458
1.3156
3.03382
1.87386
0.871458
3.49153
1.89058
1.35748
2.41577
2.0867
0.784757
2.63574
3.11869
1.72331
2.66816
1.32515
1.96068
2.46947
1.67738
3.25055
0.961745
1.86409
1.77358
2.52458
1.391
2.95643
3.32771
3.00293
3.21207
4.31406
3.64272
4.40427
2.78482
1.16029
2.3204
4.15421
1.38809
1.4138
1.4278
2.27389
2.79809
2.1786
2.49919
2.57792
1.10339
1.82849
2.71245
2.5561
2.68869
1.36284
1.35393
1.73241
2.79956
3.17123
1.71559
3.17973
3.13645
3.79317
2.41879
2.11887
1.16243
1.97243
2.14792
0.903683
2.00106
3.61771
2.33419
2.19277
2.425
4.29888
3.3621
2.43375
0.739955
2.07862
2.51789
2.83279
2.03689
2.54304
0.901319
2.36905
2.8488
1.38731
1.11906
2.34236
2.46922
3.17015
3.7563
1.37255
2.27521
1.44305
3.19363
1.92885
3.56324
3.64603
1.15878
2.74579
4.75443
1.03197
1.55483
1.28657
2.75044
1.62349
2.90535
1.45511
2.6393
1.77631
1.53541
0.515367
2.12022
4.02575
3.69562
1.7557
1.41771
3.87651
2.42539
2.61164
1.6987
0.953117
1.71938
1.11135
2.08132
2.57659
2.94177
3.70877
2.77685
0.93261
3.18877
2.28849
2.68936
3.26415
3.18441
2.37074
3.25494
3.52514
1.92771
2.3054
1.71969
1.89845
1.4217
0.646619
2.68093
2.19984
2.31434
2.6505
3.84186
3.32064
3.10793
2.28537
2.64479
0.102737
3.5891
2.50916
1.72898
1.90464
1.8623
2.56956
2.97685
3.00364
2.20634
2.82413
2.81677
2.7798
1.49623
2.91367
2.78725
1.66205
2.67296
2.95872
1.69104
3.05305
2.15317
1.48772
1.83518
1.59915
3.75387
1.26342
2.30008
1.30048
3.42839
2.64957
3.28564
1.90095
3.48942
3.71736
2.23716
1.97625
2.69219
1.28897
2.62168
1.25723
3.38904
3.17217
1.39195
0.8739
2.51852
2.1299
1.02643
2.93035
2.71085
2.18058
1.96387
3.38451
1.72552
1.41062
1.24795
1.04422
2.06883
0.841
2.31121
1.22505
3.0466
1.87107
2.15218
1.37858
2.71468
2.98673
1.70566
1.84677
2.57506
1.90936
2.09314
1.99054
2.62237
2.60333
2.57983
2.43601
2.35713
2.25349
3.11522
3.72583
2.38043
4.05467
2.75807
3.22207
2.36143
3.19595
2.1805
2.21137
2.71027
2.48362
-0.18802
3.258
4.14813
3.81875
1.95443
2.52965
3.39756
2.58722
3.80924
1.48021
2.30812
2.25944
2.71833
0.756044
0.967395
2.28652
0.960723
3.52267
2.54415
2.44062
2.29049
4.41728
3.52963
2.33958
2.10033
3.04951
2.48764
2.30947
1.59055
3.03503
1.94173
4.36321
2.42383
3.00406
3.05318
3.50562
1.62069
4.59652
3.45263
2.61446
2.30135
2.02952
1.47859
3.29078
3.03502
2.0552
1.30788
2.01305
3.0758
2.85366
2.10658
2.6211
1.89996
2.8208
2.75964
1.20821
1.97181
2.94912
2.39791
1.01493
1.50877
0.984367
1.72556
0.381937
1.69676
2.53398
2.37459
1.21042
2.46113
2.68163
2.68331
2.35386
3.06871
2.19592
2.33091
2.96857
2.92155
2.38716
3.64758
2.05922
1.5399
2.30442
2.45261
4.23176
4.15674
1.20061
3.33602
1.46236
1.95656
1.52208
1.93598
2.03722
3.32408
3.4498
2.08856
3.18464
1.31453
3.42628
3.3608
3.1435
2.36797
1.89781
3.03071
0.695616
2.22057
0.504123
0.537792
2.39034
2.65657
2.09001
2.79305
0.200759
2.23478
3.72064
2.17324
2.4043
2.63898
2.01646
3.1164
0.995718
2.82256
1.23369
2.31379
2.1878
3.4068
2.03281
0.880428
2.23513
2.69796
3.08645
1.61653
2.68067
3.04077
2.39605
1.79811
3.12294
2.78113
3.01676
3.11026
3.22251
1.26815
2.61598
2.18418
1.99904
2.45834
2.92591
2.1466
3.17887
2.51105
2.84437
2.43304
2.76123
3.08215
2.71563
2.94847
1.06757
3.01529
2.27476
0.411986
2.3703
1.26957
1.61433
3.19171
3.76568
1.66907
4.12693
2.62162
2.24806
3.3927
3.4228
2.00015
1.59408
2.60713
1.14963
2.40436
2.97943
1.2372
1.91361
3.05741
2.95528
2.74667
2.47203
2.87937
3.24
2.11076
2.42104
2.83104
2.00235
1.53127
3.35989
1.61596
2.45356
3.1616
3.17322
1.53131
0.838747
2.24619
3.69132
3.15808
2.85707
3.11746
3.27689
3.38757
2.65259
1.92915
3.18753
1.84705
0.774968
2.14482
2.58953
1.89728
2.82745
2.42882
0.533113
2.30826
2.89862
2.14528
2.52213
2.62211
2.76137
1.48219
3.15916
2.13576
2.09106
4.25457
1.97291
1.6491
2.10872
1.57625
2.20624
2.32868
2.25512
1.80565
1.95395
3.19239
2.2041
3.52986
3.26053
1.6116
3.73549
3.60032
2.25464
2.30096
1.896
3.14073
-0.0952135
2.17019
2.06093
2.78997
1.98313
1.72102
1.01766
4.32492
1.72017
2.06191
3.19461
1.13101
0.678785
1.73469
2.99981
3.19016
3.73373
1.32367
2.76899
3.95584
3.31872
3.17509
1.49173
1.74874
3.48498
2.29974
1.76657
1.62251
2.03796
3.16843
2.64401
0.940115
1.16221
-0.158311
1.98394
1.94676
1.98277
2.23501
2.25975
2.38858
2.37527
2.5248
1.56548
1.46375
3.14915
2.50507
2.5843
2.01172
2.09505
2.42055
2.93403
1.20291
3.84891
1.94442
2.37986
2.66069
2.36472
2.99017
2.35185
2.38324
3.83569
2.29296
2.48096
2.2884
2.6873
1.2854
1.69047
2.81061
1.7934
2.24523
2.50378
2.26528
2.7208
0.274103
1.7864
3.2639
0.51852
3.91299
2.11014
2.55034
4.45323
3.3841
3.09919
2.1101
3.06568
2.97812
2.81313
3.72977
2.65886
1.90036
2.36559
2.44911
2.58481
2.5574
3.17752
1.4127
1.93979
2.88079
3.09055
1.85947
2.61222
2.0391
0.759754
2.91362
2.84868
2.81036
2.27323
2.02467
2.26556
2.32572
1.77861
2.52587
2.48472
2.47088
1.67565
2.32778
3.37475
2.67555
3.61473
2.81007
1.92357
4.28861
2.86247
3.14108
2.93589
2.80091
2.50187
2.97031
3.11536
2.5717
3.60998
1.70021
2.44973
3.13292
0.952837
1.51042
3.71676
3.17659
3.59168
1.12262
0.86304
2.45077
1.96791
1.95356
4.49277
3.22511
3.5238
1.91664
3.85658
2.46997
1.92725
2.37853
2.04702
4.43796
1.48299
1.76242
1.36748
1.72361
0.993714
2.88131
3.25052
1.40202
1.81532
1.94641
1.21124
2.0207
3.04689
2.43858
1.08162
0.86415
3.15443
2.54649
0.334985
4.63572
2.51594
2.69491
1.74594
3.93597
2.12767
3.06575
3.26881
2.86206
1.50014
1.98771
3.44774
1.98096
3.26155
3.6223
3.10378
3.67847
3.2442
1.25678
2.81989
1.28747
1.92704
2.28388
2.86321
3.4336
2.79479
2.7981
1.53555
2.93984
1.94702
3.88112
3.11539
2.0337
2.36788
2.30344
1.14801
3.03999
2.70677
2.73719
0.588049
0.960198
2.99903
2.50392
2.18857
2.36605
2.87942
2.15822
2.33249
1.54816
2.20804
1.59796
1.42616
0.0768782
1.85737
2.55032
2.49175
1.06879
0.439328
2.05911
2.51831
2.60962
3.60411
3.54491
2.8056
2.85699
3.65589
2.89994
2.90475
3.43275
1.73981
2.9094
1.54257
2.26689
2.20943
1.622
2.30107
1.76994
2.75602
3.28242
3.51043
3.97142
2.20174
2.48431
3.86226
2.14483
2.18048
3.7464
3.20319
2.86564
2.08114
1.29201
3.36383
2.0024
0.991176
2.50775
0.946766
1.80482
2.0921
1.91994
3.77172
3.11965
4.1006
1.7479
1.61075
3.50397
0.760538
1.90022
3.43168
2.70007
0.755876
3.13162
2.95684
1.71551
2.90652
1.65375
1.97704
2.50101
4.30604
3.01196
1.40407
3.10669
1.87836
2.74333
4.14454
2.54074
1.93384
2.33151
3.1214
2.86547
2.29338
3.66509
1.4904
1.97926
3.13348
2.02502
1.52154
1.3401
1.06561
1.75659
3.18625
2.70012
3.18405
1.62901
0.805196
2.18802
2.7595
2.44602
1.9822
2.15083
1.93652
3.15964
1.50029
3.1974
3.56899
1.14536
2.33606
2.79313
1.98715
3.02394
2.55604
2.15212
2.93071
2.86846
3.215
1.828
4.14063
2.56875
2.65837
2.10984
2.58336
1.34617
2.44237
4.84882
3.57465
2.09491
4.07923
2.40392
1.25998
1.71196
1.29099
2.43076
1.57623
2.11106
2.40604
3.9571
0.406151
3.54536
3.24873
2.29762
3.4826
4.39034
4.61319
2.64365
3.42663
2.80575
1.96341
3.34909
1.44533
2.08753
1.43973
1.34586
3.52647
2.52277
3.49131
2.02198
2.36056
1.88723
3.16167
3.10974
1.79831
1.96507
2.82166
1.64494
1.54068
2.19616
3.11216
3.04541
2.44395
1.50083
2.14622
1.47586
2.7935
4.12134
1.83445
2.35888
2.09191
1.73987
1.87365
1.64996
4.52674
2.32266
2.30388
2.00109
2.39382
1.60971
3.30311
1.46962
2.59402
2.89524
2.05606
2.46478
2.6119
1.57712
2.89186
3.39183
2.17316
4.32961
1.5521
2.6752
1.81169
2.61067
2.92042
3.16366
2.87633
2.90038
0.394452
1.647
1.89123
3.13933
3.0905
2.14646
2.37264
2.04852
2.15564
1.42879
3.94887
2.93683
1.72691
2.81816
3.05535
2.97678
1.58754
3.85814
3.17595
3.1484
3.23767
0.883842
3.95357
1.52263
2.37962
3.41233
2.04979
2.78937
1.49069
1.47067
3.05885
2.52194
3.89325
3.09552
3.58516
1.34533
2.78227
3.40626
0.753089
2.26293
2.68143
1.03101
3.92919
3.2932
0.670181
1.83965
2.93281
3.69824
3.79651
4.41684
3.04415
3.1934
2.10444
1.41424
1.72655
2.94465
2.68702
2.02623
1.92487
2.39656
2.47796
2.05856
4.21381
2.74969
1.21286
1.13565
1.44165
2.08723
3.46183
4.37992
1.05154
2.76139
2.1869
3.86602
2.86273
2.67506
3.66545
1.78967
3.31145
3.20909
1.98071
2.19278
3.95366
3.07654
0.979596
1.50506
1.07213
3.15719
3.17955
4.08178
2.65001
2.41464
1.35889
1.86512
2.40067
2.32457
2.85221
3.56792
2.5762
2.92933
3.34451
2.96178
1.78508
1.26272
1.67437
3.23431
2.99852
1.33615
2.43315
2.35038
2.15868
3.3442
2.87857
2.91627
1.77772
2.1641
2.78524
3.13944
2.03401
1.53674
1.38094
3.32936
2.5042
4.04917
2.42921
2.58119
1.60599
0.771411
2.18978
0.313584
0.98032
2.29925
3.36923
2.65359
2.39732
3.8816
4.06712
2.40939
1.68863
2.48171
2.87806
2.66227
0.884973
2.54516
1.61427
2.32026
2.62364
2.73343
0.658781
-0.0801107
0.124846
0.726456
2.10625
3.1624
2.61254
1.38967
2.20221
3.19249
3.11197
1.66814
3.76163
1.72403
2.91121
3.0202
2.18826
3.04817
1.70219
1.27182
2.17385
1.88484
0.1775
2.7573
3.47232
3.39298
2.4523
2.73919
1.71709
3.79961
2.41138
3.13185
1.77518
1.52033
2.76439
3.42357
2.72338
1.04581
3.63954
2.87257
1.98496
3.73501
1.66712
2.99214
1.89296
2.30457
3.52416
3.10641
3.31701
1.22357
2.82891
2.59833
3.38388
2.63114
2.19586
0.557818
3.39241
4.04825
2.14607
2.62862
1.77605
2.12479
2.93001
3.08799
1.71938
1.3917
1.25429
1.37297
2.93279
3.04844
2.35202
2.63126
1.04302
1.9715
2.96292
1.41378
1.93672
2.80535
3.06423
3.38225
1.81267
3.2598
3.21062
3.65487
2.7786
2.54258
3.12342
2.68258
1.73107
1.5185
1.87669
1.80507
1.98126
1.29362
3.2251
2.43839
1.60676
1.72393
2.43393
2.61743
1.17301
2.60732
3.10393
1.68222
3.31009
2.00756
2.50519
2.43102
1.6689
1.30338
2.46795
1.68517
1.36369
2.27322
2.2529
4.25549
2.15318
1.99093
2.59697
2.24401
2.42235
2.87984
3.84524
2.40473
0.969303
3.5478
3.30113
2.13798
1.09706
3.26242
3.68742
1.97892
2.28765
2.45937
2.14636
2.00379
1.59918
1.2124
3.01398
2.37568
2.41008
1.97605
2.79395
0.9002
2.89433
2.03446
2.60357
3.33295
2.75594
2.86516
0.881912
2.04752
0.812023
0.822188
0.941424
2.64347
3.05006
2.04646
1.59273
3.73081
3.06642
1.62196
1.33627
1.75128
2.71814
1.92473
3.25323
1.23604
2.00936
3.67486
1.45106
1.52159
1.98874
1.76135
2.25445
2.09302
2.9818
3.29398
3.4053
2.02657
2.47942
4.33688
5.16968
3.63001
2.13553
2.82736
2.66774
2.33686
0.497758
3.59858
1.20875
2.01221
4.01001
3.20153
4.24798
4.2937
3.20402
2.45693
2.00039
2.2121
1.62507
2.19844
1.87965
2.41961
3.12505
2.61216
3.00956
2.62145
1.29461
1.91497
1.50462
2.31496
2.40871
1.45983
3.67765
2.17771
0.349004
1.71091
2.59775
2.96205
2.55841
2.75581
1.77852
1.94006
2.83997
2.60526
3.54018
2.52351
2.35089
1.71803
2.27217
1.18965
1.73749
1.96074
1.41432
1.89623
2.90036
1.55906
2.79437
2.8096
3.14069
2.76152
3.74116
3.98622
2.1234
3.21896
1.56392
1.86544
2.55795
2.32332
2.44048
1.97252
1.95439
2.15828
1.80753
1.85964
2.74632
1.93287
1.14021
1.11487
3.90925
2.0478
2.4285
3.83455
2.80445
3.19354
2.44253
1.31007
1.11077
1.21422
2.50375
1.24545
1.5828
2.03342
1.80376
2.07657
3.19729
2.24697
3.37351
1.53883
2.35404
3.46625
2.33062
2.09888
2.46925
3.17937
4.50732
1.19634
3.2951
1.3377
2.03584
1.46846
1.17957
2.60492
2.56308
2.64075
0.717114
2.77321
1.70542
2.66172
2.65469
2.92437
1.9976
1.56477
2.4415
1.59566
2.87298
2.53232
3.11877
2.85082
2.18623
2.28809
2.42135
0.993988
1.89095
3.10827
2.97874
1.61982
2.67856
2.94971
1.37094
3.60352
2.61565
3.31796
2.45675
3.0394
3.10854
2.06861
3.31564
2.80266
1.40945
1.66155
2.0654
0.408605
2.25756
1.3999
1.29709
3.42191
1.08771
2.6968
3.11647
1.48697
2.74639
3.62386
3.31626
2.6535
2.91714
3.44173
1.32601
2.67386
0.705904
1.96518
3.27775
2.17775
4.6787
2.48591
1.78037
1.30652
2.79691
2.14366
2.00942
2.98379
2.94977
3.20407
3.58896
2.39438
3.56344
1.32661
1.80982
1.99869
1.63687
2.43705
1.51422
1.92464
2.72023
3.15317
2.20901
3.33721
2.59946
2.76899
2.51108
3.53668
2.47763
1.33802
3.21876
2.26197
2.10092
3.87825
2.4601
1.13654
3.80598
2.6024
2.39421
2.02524
1.88044
3.19264
1.31412
2.1955
0.961653
2.9716
0.944644
1.82178
2.69695
2.45736
2.01419
2.38164
3.18668
2.70079
2.77424
1.62944
2.4544
3.77796
2.54877
2.46282
2.44609
2.41503
2.69555
3.39413
1.94066
3.81006
1.48191
2.61575
1.52842
2.45382
2.57772
2.4694
2.31556
2.98802
3.09262
2.20948
1.93752
3.30608
1.50586
3.14769
2.82748
2.6781
4.43459
2.2262
2.45413
3.15132
3.08452
2.63876
2.89191
0.422306
2.87685
1.45624
2.53281
2.03155
1.94496
2.26905
2.47919
2.19233
2.78447
0.674417
1.68824
2.26137
2.77518
3.39837
2.16996
1.66055
2.15083
3.01079
5.15795
2.99775
2.25992
3.14494
2.95314
1.95591
3.59457
3.91386
2.12442
1.90452
2.02313
2.98399
3.76962
2.96319
1.94148
4.06303
2.98069
2.4698
2.3089
2.2934
3.56627
2.41139
2.83331
2.45851
2.51506
2.39144
4.65982
2.9265
2.69113
3.57395
2.25845
2.21772
2.7095
3.13943
3.74683
3.44749
3.97289
2.30577
3.39338
3.28772
2.08637
3.10977
2.63508
1.46657
2.80725
2.31431
1.8445
3.46302
3.50171
0.216727
2.58561
2.20236
2.75022
2.22533
2.29886
2.37291
0.288836
0.800469
2.36963
1.3636
1.97197
2.83159
2.07662
1.25202
2.51529
3.6183
2.36542
1.78485
2.53158
2.72036
3.00973
1.04517
3.20488
2.07865
2.16129
2.16927
1.69629
0.827293
1.6291
1.91589
1.64342
2.19498
3.40141
3.36151
2.49838
2.56501
1.04229
3.86836
1.87751
3.96747
1.65753
2.18328
1.12432
2.67017
2.17939
2.83247
3.82406
2.86173
1.93858
1.57251
2.3688
2.25839
3.57798
2.60064
2.59003
2.40059
1.7025
2.04445
3.25549
3.72432
2.08813
2.64093
3.24585
3.42008
3.22896
4.6589
2.95895
0.463622
3.07595
2.48006
1.38574
3.44096
3.18939
2.72538
1.76819
2.42322
0.794294
2.76905
3.6368
2.36848
3.16088
0.943587
2.41705
2.43536
3.15523
3.19969
2.23765
2.32002
2.13582
2.43953
2.79442
0.627855
2.36659
2.63076
2.82549
5.0317
3.18443
1.33249
3.24685
2.5278
2.22691
2.47276
2.97955
3.42071
1.75929
1.48168
4.34234
3.94877
1.27266
2.64181
2.726
0.761861
1.60748
2.63666
1.10806
4.26345
1.44418
3.35682
1.78988
1.39624
1.96837
3.32137
2.85137
2.03065
2.18567
2.4073
0.446934
1.24578
1.28724
3.23988
3.11109
3.42808
1.45785
3.46648
2.85235
3.45256
3.3279
1.94438
4.19734
1.6909
1.75695
1.91941
3.20823
1.11394
0.908251
3.16038
2.91104
4.81339
1.20401
2.19366
2.55141
3.16997
1.47352
1.57917
1.77104
2.69257
2.7442
3.07355
2.6245
1.89655
2.58217
1.79117
3.09096
1.01217
2.66322
2.42651
2.12989
2.50928
2.23909
2.1064
1.80135
2.15694
1.8907
2.98532
2.63124
2.30008
1.54802
3.60354
2.16716
3.72624
1.82786
3.20546
3.34541
2.89088
2.10713
2.62975
1.14138
3.29414
2.30054
3.25309
4.22966
-0.779655
2.06547
1.12254
1.89722
2.24662
3.00653
1.5835
2.15677
2.84415
2.31171
3.38832
3.27423
4.11466
1.10183
2.95398
1.73187
1.50298
3.0654
3.08971
2.52603
3.32382
3.36202
1.80828
1.52901
1.60843
2.42059
2.16334
1.92941
2.44764
3.70055
2.00238
2.20854
3.31815
1.36599
2.03215
2.55162
1.35275
3.19903
1.36589
1.96788
1.42931
3.54286
4.19244
1.71726
2.32119
2.26024
2.02074
2.32059
2.42611
1.83519
2.08968
1.85691
3.76215
3.75518
2.76073
2.35039
3.51387
2.05862
3.49432
3.82588
2.87944
1.95062
3.12122
3.08619
2.60147
3.63304
3.17795
2.5073
1.43568
2.09645
3.02545
2.58006
3.47301
3.28491
2.51939
2.07591
1.42755
1.29734
1.2066
3.23124
2.44917
2.0535
3.41857
2.28854
2.21823
1.21598
1.4613
3.65665
1.61868
1.61524
2.36654
2.03885
2.59228
3.41846
2.23509
1.19731
2.79416
1.95473
2.86621
1.23445
1.80376
1.54644
4.55366
0.654046
3.48925
3.15171
2.85103
4.18921
2.87451
1.71382
0.664462
3.4505
2.32837
2.67462
1.85631
1.99349
1.54281
3.86695
1.91035
1.29854
2.86321
3.92812
3.65568
3.38855
2.28113
1.5693
0.642608
1.69209
2.95806
1.57352
2.03012
3.04725
3.1983
4.60982
3.15325
3.32818
2.4737
1.90499
0.682295
3.8097
1.58366
4.22994
0.548585
3.04424
3.28839
2.01223
2.54759
4.45711
1.96521
1.97442
4.20677
2.94955
2.85126
2.05792
2.86115
1.38448
2.4809
1.0337
3.02354
2.74886
1.52783
2.68961
3.06607
3.23356
2.57658
1.20473
2.69607
2.3966
1.76342
2.87846
1.55731
1.1426
4.57936
3.10383
3.61626
4.01267
1.65792
2.06882
2.53412
2.95502
1.82239
2.38748
3.68245
1.96581
1.1738
3.29451
1.73298
2.69584
2.02185
2.63247
2.7981
2.75642
2.00124
1.51748
1.25629
1.69483
2.59515
3.04116
1.6835
2.51361
3.16775
3.22994
2.82118
1.3164
1.69962
2.26244
2.01604
1.53975
3.37265
0.861147
1.40552
2.32612
3.14568
2.51278
1.60091
2.18419
4.07134
2.91521
3.19762
4.55315
3.01125
0.416773
1.24918
1.95032
1.80493
3.26563
3.34382
1.26352
2.65925
1.96504
1.90591
1.51862
2.78344
1.55239
0.330595
3.37886
1.56897
1.47178
1.52947
2.42491
2.68995
1.41606
2.70394
2.48255
1.80318
3.47186
2.40616
2.52369
3.62318
1.74939
1.32594
0.936336
1.07355
1.57271
0.775979
2.84426
2.70903
2.86284
1.29403
1.99478
2.47765
2.80589
1.65705
3.31126
0.28295
2.38937
2.67026
2.78233
1.54858
1.12937
1.33905
2.36812
0.805016
1.35036
3.13128
1.56606
2.58296
4.91365
2.80585
2.53942
3.07562
3.18974
0.964044
2.3167
4.28744
1.7294
2.28566
2.23149
1.74179
2.01909
2.9949
3.4224
2.54456
3.31558
1.53044
1.96604
2.09233
2.70891
2.29357
1.54795
1.69758
1.90554
3.64659
1.643
1.9966
0.833516
1.4703
3.73535
2.90972
3.72268
2.07309
1.88698
1.37338
2.57099
3.63897
1.5352
1.09925
3.62555
1.96634
1.88739
2.41617
1.84122
0.641524
1.25103
2.75142
3.16008
4.39099
3.12336
3.40683
0.706886
1.78973
1.58812
3.20728
1.82687
1.80782
3.16579
3.42925
0.526627
3.14386
2.34348
2.00475
1.77922
2.32005
0.590078
2.08558
2.9307
2.42499
3.48953
2.04693
1.6456
1.36715
1.79826
3.1674
2.9694
-0.18138
2.05092
3.19944
2.31265
2.07187
2.56793
4.04021
3.48882
1.66192
1.74585
3.17061
2.74959
2.32569
3.06377
2.50232
2.08494
1.44614
3.14496
2.30178
2.18437
2.01576
2.49471
3.00802
2.8757
1.55312
4.36182
2.43879
1.87038
2.12926
2.70736
3.48087
2.38451
2.46529
2.3634
2.68754
2.79686
2.56696
1.08984
2.70246
1.46992
2.57041
0.832532
1.74006
2.95129
2.2301
1.95973
0.872453
2.19725
1.56104
2.11666
2.33693
1.98864
3.30633
2.21423
4.67585
2.21697
2.21574
2.62888
1.7185
2.72544
1.38094
2.54813
2.23501
2.97781
-0.349759
1.67551
1.45554
1.04357
2.16693
1.86496
2.27413
1.51864
1.84608
3.29001
3.36874
3.45045
3.04107
2.73028
2.51304
1.88708
1.92171
2.86686
1.34599
1.85662
0.784869
2.42855
1.73223
2.78405
2.80025
2.2147
3.96781
2.74464
1.66209
1.72307
1.51721
3.09594
3.09342
3.45073
1.81541
1.47394
1.51197
1.9784
3.27349
2.21569
1.98659
0.484223
1.17408
1.3673
1.23781
4.16299
3.29415
3.22771
2.26282
2.24894
2.28455
2.14801
2.94904
2.121
1.55685
0.781576
0.956505
2.867
1.96608
1.18706
2.45376
2.99187
0.774078
1.67269
1.74746
3.52306
2.78918
1.8937
2.20131
3.3821
2.88969
2.25867
2.02795
1.17463
2.70811
1.83672
1.54422
3.07654
1.80419
2.40696
2.44397
2.31144
1.80687
3.66272
2.21281
3.25684
2.37705
3.00119
3.0633
2.61351
1.10931
0.689896
2.39271
2.22879
2.2603
2.30896
2.61424
4.29812
2.25215
2.56649
3.20951
2.37154
2.69051
2.64956
3.11059
1.74738
3.14609
3.16996
1.87259
1.14667
2.00395
0.392562
1.1553
3.68168
2.85855
2.95007
2.39784
2.85249
1.59129
1.62576
3.56413
2.46384
2.1302
2.60626
2.08697
2.78676
2.47275
3.47223
1.57335
2.42802
3.81113
2.27263
2.59172
2.77172
2.61869
1.10868
2.38723
3.95072
2.11155
3.10538
2.63844
1.63773
1.73517
0.64315
2.91896
3.32793
3.21519
2.72886
0.523556
1.38786
1.63961
1.35872
1.87189
0.687145
2.54813
2.32078
2.44024
2.09902
4.36343
2.88198
2.75185
0.95073
1.12928
2.81835
3.04538
2.09538
1.25981
1.74724
3.17687
1.8225
0.841812
2.47541
2.99069
1.34639
2.69249
2.93917
2.36512
2.92001
2.35245
2.97039
2.18153
0.527932
2.87665
2.56706
2.58166
2.59119
1.62992
1.75572
2.27068
1.82006
1.40431
1.75444
2.40535
2.69029
1.71877
1.50981
2.93341
3.0799
3.72998
1.9087
2.22415
3.30307
1.90358
0.632576
1.38865
2.85015
3.27971
0.659112
1.47225
2.2157
0.641246
2.07962
1.28209
2.97937
2.04265
1.86759
2.81423
2.89385
3.67119
3.02009
3.41732
2.47955
1.29019
2.28406
2.13132
2.48327
3.29662
3.06913
3.37214
3.65001
2.33144
2.02806
2.77644
4.23017
2.18991
2.79914
1.43477
2.10108
2.22082
3.03074
2.62163
2.10152
1.56487
2.08296
2.99904
3.37729
2.68099
2.23454
2.16521
1.43715
3.20085
1.38181
2.85887
2.79331
2.52925
2.28618
2.02146
2.76653
2.36876
4.09978
2.47162
2.90502
2.36944
2.64208
0.542401
1.14479
1.18444
1.53086
1.57099
2.11666
2.55815
1.9626
2.12786
1.26697
2.3356
2.22487
2.49126
1.62375
1.63552
2.29265
3.63221
2.3493
1.18182
0.71141
2.17405
1.92846
2.01478
3.51838
2.99897
3.03978
2.73502
1.35613
2.40277
0.571981
3.67199
2.39078
3.96062
2.6483
2.04434
1.02396
1.00714
3.70873
2.09898
2.2029
3.32618
2.21547
2.37042
3.09651
3.96683
2.59254
2.24251
3.65163
2.49166
3.47222
2.83315
0.91452
3.1418
2.83634
1.86678
0.472222
0.986159
0.346565
1.31857
1.61934
0.66371
3.31734
1.97755
3.82189
3.68388
3.01619
2.90764
1.16398
1.59775
2.20645
1.87115
3.07277
3.43556
4.40379
1.65737
3.15571
2.47634
1.25192
2.75881
0.937505
2.50314
2.3262
2.51747
3.04256
3.55838
1.59274
2.16163
2.11284
2.09002
2.58979
3.68762
1.28013
2.6254
1.2075
2.23241
2.3913
2.87966
1.15869
1.66738
2.24828
1.32998
3.08156
2.02466
2.56597
1.95933
0.598865
0.912615
2.99713
1.97822
1.94153
0.096961
2.74282
2.77836
2.28249
1.30907
2.21533
2.07362
2.87543
2.0608
3.83507
2.48908
2.88605
0.718203
0.772183
2.84164
4.37176
1.57177
2.73306
1.97201
2.52228
1.47023
0.745716
1.8491
2.29311
1.49715
1.30918
0.924662
1.80654
1.9279
2.25788
1.77091
2.8324
3.42687
2.52153
2.09331
3.50134
2.58706
0.336548
3.57139
2.15051
2.24777
2.1142
0.875175
1.10675
1.076
2.25017
3.61588
2.07494
2.1909
4.8142
2.9374
3.19722
2.99511
2.10694
2.84759
2.56879
1.79983
2.31733
2.81265
0.603975
2.60109
2.30437
2.03384
2.85187
3.85635
3.51061
1.89295
2.90423
2.26608
4.07232
2.33098
4.36442
2.32648
3.21094
2.36412
1.48999
2.31095
2.31513
3.53668
2.59156
4.39294
5.00027
2.78149
2.54201
3.2639
2.85734
2.19111
2.53882
1.42206
2.39047
3.22346
3.13617
3.67163
2.55042
2.3493
2.38049
2.38293
3.27742
2.05247
2.57537
2.14044
1.19224
2.6822
2.65159
3.23458
0.710477
3.25561
1.65417
1.21079
2.8246
3.37743
3.47398
2.16624
2.54104
3.15354
0.0333612
3.14467
2.01118
2.98229
2.69956
1.43146
1.12202
2.4608
3.37899
2.67624
1.71813
2.64182
1.42976
2.00377
0.953694
2.97924
1.67934
0.9404
1.18191
3.1502
1.88612
2.45186
4.67212
1.40209
1.81187
1.47493
2.83933
3.74016
2.82936
3.0035
3.96911
2.71786
2.09369
2.65749
2.77091
2.5046
2.86309
3.00648
2.23875
3.49272
2.10109
2.9015
2.83054
3.43032
2.70016
2.70108
2.49377
3.2099
2.71156
2.82823
2.61208
1.68395
3.23628
3.79547
2.37758
3.61457
3.24346
3.00953
2.79896
1.873
2.14659
0.273266
3.14385
1.77823
2.7978
3.12256
2.66127
3.09446
2.95659
2.77361
3.8163
1.86993
0.846587
2.38023
3.43111
2.57456
2.59976
2.61552
3.10311
2.96673
2.2131
3.04671
3.38536
1.95537
4.47685
3.14953
3.22256
1.54548
2.78196
2.89949
4.11446
0.994387
2.77655
2.49056
1.3103
3.48093
2.37009
3.25295
2.99511
1.71456
2.94159
1.46282
2.12632
2.25616
2.57885
2.13053
2.07331
2.83831
2.40703
2.87266
1.80664
2.35363
0.243818
1.14668
1.67783
2.47041
0.897287
1.83763
2.6448
3.80731
2.5507
3.05102
1.339
1.37925
2.80194
2.53413
1.80889
0.831448
2.15763
2.90279
1.81139
2.21538
1.88467
3.46821
0.924728
2.39011
1.72471
1.07829
2.87182
1.82882
3.00668
1.74143
3.02738
2.54491
3.84047
2.11064
0.609727
2.24439
2.33515
2.20485
1.63857
2.81187
0.757109
2.43292
1.47736
1.61515
2.364
2.22043
1.04891
2.30641
2.05261
0.657154
1.66049
2.88619
1.88109
3.72634
1.47401
1.73685
2.25997
1.44311
1.94567
2.23331
-0.804558
2.41472
2.08046
2.25969
2.64395
2.23232
2.5156
3.56972
2.96918
1.53894
1.85982
2.11038
1.93543
1.98076
3.1284
0.855897
2.94067
2.61844
3.57627
2.36616
0.651938
3.19083
1.78315
1.83991
3.30364
1.94883
2.67928
1.80427
1.67108
2.03499
1.80828
2.4718
3.68895
1.63634
2.29993
0.569462
2.99441
1.76392
2.64476
1.63283
2.25473
2.24876
3.58867
2.298
3.85542
3.08597
2.20477
1.4771
1.26925
3.1457
2.34382
2.52754
2.05682
3.5238
2.49404
2.29176
2.12251
1.6017
2.19178
2.51728
1.74264
1.82285
2.3076
1.59178
2.41028
2.78294
3.45526
2.81269
2.49786
2.58214
2.28356
2.78368
2.03581
1.61916
1.46329
2.43196
2.62717
1.95933
2.47968
3.38776
2.53903
2.16474
2.87765
2.00187
4.14497
2.00593
2.82348
1.2067
2.01104
0.889475
1.06445
1.09144
2.21857
2.24478
4.04068
0.662547
3.61794
3.1182
3.31005
2.22315
1.36252
1.23787
2.03915
2.67137
3.84119
0.35401
2.08659
2.6263
1.96258
1.68858
1.19112
3.22509
2.75209
2.55303
1.81863
2.29754
3.43062
3.89704
2.7674
4.09109
1.14154
3.55433
1.86983
2.41961
2.0526
0.87075
2.83602
1.3097
2.86826
3.03582
1.1036
1.54583
3.45513
2.03786
0.730423
4.7956
3.68841
3.60924
2.18924
1.89546
2.86945
1.94254
1.88188
2.85558
1.95336
2.2791
1.76226
0.366416
2.15759
3.71099
1.01129
2.79539
2.71297
1.55552
3.36943
1.93444
2.30421
1.5686
3.66388
3.07018
0.972966
0.972856
3.55082
3.1372
2.27575
4.32398
2.13116
2.99146
4.22658
2.51855
2.06034
1.76768
1.23552
2.22317
2.13995
2.45156
2.61254
2.44955
2.04509
2.57262
2.66961
2.62506
2.2628
1.05161
1.7384
2.02822
1.43666
2.37469
3.01185
3.16128
2.24107
1.67073
0.911255
2.58567
2.6972
2.8628
3.89785
4.28708
2.31429
1.26752
3.03009
3.01169
2.71689
2.47885
2.56674
1.77001
1.88633
2.30392
2.57326
1.91283
2.85045
4.23223
3.95757
2.46608
1.98634
1.89357
1.50743
2.38737
1.37758
4.45875
1.99986
1.56221
3.0353
1.81583
2.91807
2.44504
3.01342
2.0169
1.11729
2.38802
1.25807
1.37167
2.35644
2.39282
3.23247
1.76001
2.23114
1.24113
1.61986
3.66019
2.0946
2.95566
2.69457
1.69192
1.86735
2.01959
1.78734
1.85669
2.46529
1.96613
4.03891
2.97587
2.30941
2.78425
2.57135
1.29615
2.87223
1.64129
4.34575
1.89496
0.606416
2.56554
2.00423
1.42634
1.63876
2.29134
3.15168
2.9411
0.766926
2.25755
1.55633
3.39987
4.41703
3.71994
2.90551
2.55261
1.5385
2.60572
2.95711
4.3111
1.19777
0.957927
2.53431
3.66651
2.47648
2.96145
3.21573
3.77999
1.83905
1.63295
2.20939
2.14386
2.98421
0.678772
2.21757
3.39512
1.77491
2.05222
2.45485
2.40748
1.81607
2.90918
1.92579
2.02194
1.62953
2.43386
0.983552
3.21637
1.85454
3.51064
3.014
2.39146
2.16811
2.41214
2.93239
4.90914
3.86951
3.19998
1.88233
2.87204
2.79303
2.27369
0.750058
2.59892
3.58245
2.1147
4.46993
3.6079
2.64493
3.25816
1.62819
1.12911
2.68465
3.11073
1.14527
2.72416
2.34998
1.05149
2.66125
2.00285
2.93505
1.28142
3.73139
3.13253
1.71085
2.4591
2.68477
3.48589
0.405361
3.12686
1.45899
1.3668
1.48373
0.83552
0.623867
1.37069
0.566847
3.4701
1.61801
1.94428
3.7893
1.59429
1.86133
3.91661
2.5045
3.23302
2.89204
3.05185
2.69239
1.94064
2.53423
2.0811
1.75974
4.04433
1.80541
2.65137
2.91766
3.99435
0.904475
0.909703
1.61315
1.07366
2.222
1.37311
2.55344
1.16432
2.01739
2.11393
1.93739
3.13699
0.860221
4.0701
1.76485
3.76157
4.06457
3.58102
1.09662
2.65924
1.91476
1.09199
1.70323
1.47953
2.78737
1.87542
2.22343
1.37545
2.90937
3.37508
2.54518
1.68384
3.04229
1.71108
2.64483
2.93592
2.04851
2.7206
3.42522
3.39974
3.21951
1.58506
1.95138
2.66698
3.42966
2.45803
3.0706
4.43311
4.00405
3.41469
0.585292
1.85748
0.598017
1.92813
1.43276
2.27402
2.19534
1.49187
1.2538
2.13967
2.47344
2.71772
3.1954
1.3257
1.71477
1.55527
2.1363
1.9898
4.0056
3.5369
2.80141
2.7685
2.77872
2.20532
2.22789
1.67805
0.815464
0.847272
1.98338
2.63118
2.68023
2.33965
1.83241
1.13313
3.26478
2.00238
3.31228
2.9236
1.70055
1.93285
2.29594
1.19781
1.46049
2.4315
1.81873
3.23426
3.21784
1.43649
1.8296
2.67331
3.30683
2.05458
3.00084
3.04379
3.18412
3.20307
4.00966
1.53105
1.50758
2.6614
0.968273
2.2462
1.52922
1.67803
2.89137
2.78167
3.00534
2.16771
3.36815
2.46989
2.13375
2.20284
1.81878
2.48287
2.15669
2.04892
1.50015
2.58927
2.20687
3.84356
2.30159
3.38475
2.07562
1.35826
0.441449
2.67646
2.33426
2.03666
2.85564
4.5399
2.82062
1.26884
2.4822
1.66808
0.954722
2.82463
2.72102
2.47494
1.65407
3.23499
1.86293
0.668818
2.26167
3.21328
1.94142
2.7284
1.60004
1.9262
0.80277
2.32219
2.50523
2.94768
4.38548
2.19645
1.97259
3.57215
-0.222439
1.61916
2.06287
2.06323
0.77825
2.87897
2.0519
2.43793
4.29939
2.93045
2.52305
1.03883
0.985376
1.72535
1.76477
1.91071
0.733802
2.18541
3.8036
3.45785
2.23052
1.83905
3.73677
2.19369
3.04639
3.33246
1.84675
2.67472
2.29994
1.45194
3.31601
3.50152
2.88094
2.89705
2.74749
2.41756
3.45098
2.16667
2.65027
3.33383
4.9225
2.70405
2.48155
2.86387
1.99804
1.18083
1.80552
2.28867
2.10278
2.77385
3.04811
2.91834
0.422957
1.06469
0.422452
1.59057
2.51151
2.0752
2.9541
2.08752
1.94936
3.18159
1.78374
2.65567
3.32101
2.29562
2.53765
2.32618
0.872629
2.8609
1.95891
1.91799
2.81872
2.53231
2.72965
2.88885
1.01925
2.50319
0.0208549
0.96572
3.21468
2.29253
2.28781
2.28422
2.81537
2.38252
2.81524
1.9702
1.90791
1.35546
1.83699
1.63047
3.19787
3.90497
2.65489
2.65588
4.32107
2.23118
3.40654
3.86848
2.00353
3.8343
1.86768
3.89106
1.83863
3.80302
2.21972
3.42379
0.965997
1.86086
0.868844
1.97033
1.86313
4.23063
3.00448
1.66764
1.68563
1.65415
1.84507
1.43631
2.86896
1.35551
2.33103
2.79744
2.32433
3.03454
2.08435
3.15101
2.16221
2.19805
1.99194
1.61402
2.2875
2.98319
2.75131
3.09009
2.37113
3.42339
3.33561
2.72965
1.52501
3.65248
1.40113
0.830605
1.33151
2.35673
1.73028
1.36489
2.999
2.94233
2.24513
3.42268
2.87481
4.38948
2.15822
2.03626
3.7581
2.39356
1.76516
2.30391
2.37526
2.52899
1.95571
3.17342
0.90262
2.28292
2.6885
2.16344
2.40876
3.12156
1.81452
3.02245
2.29291
1.00297
2.79745
2.66581
2.49286
3.23142
2.21835
2.18575
2.38384
1.77279
-0.170308
1.80874
1.42143
3.24492
2.70333
4.03511
2.0571
2.05235
1.88217
3.28777
2.9106
3.86921
1.73379
1.02381
1.24247
2.03465
1.41125
3.12641
1.66888
2.6157
2.05659
4.05112
1.43866
1.72251
4.22144
3.96542
1.44887
3.24559
1.79872
3.08542
2.64895
1.68038
2.27851
2.71713
3.82163
1.11726
3.15617
3.23528
0.956822
1.5079
2.63102
3.19274
1.06669
1.48849
2.63381
3.20777
2.15038
0.967213
2.15352
2.88912
3.39715
1.45293
0.232189
1.10133
1.26584
4.11477
-0.238953
1.02436
2.11997
2.60478
2.37426
2.26524
1.25234
3.33533
2.46533
1.99034
2.67053
3.55278
1.34711
1.54804
4.03356
1.92141
2.67571
3.40296
1.16724
2.796
2.46423
2.38006
1.73519
2.3785
3.7671
1.45956
1.42007
2.06384
1.64976
2.47169
2.79317
3.44291
1.33667
2.39156
2.04112
2.16278
2.67804
2.22974
3.31669
1.64471
1.887
1.72012
3.70174
3.61077
0.906973
1.97517
2.76749
2.34865
2.23972
1.72675
2.80493
2.85611
2.56738
0.984586
2.46257
1.97801
2.34013
2.04045
3.22473
3.05506
2.92074
0.167413
1.76355
2.27527
2.22001
3.26008
2.96229
1.99226
2.54278
2.23143
2.84331
1.35035
2.29914
2.19825
1.97103
2.90432
1.60239
2.11502
3.22391
2.69272
2.29388
3.14751
2.81209
2.77724
2.54975
2.19916
2.71201
3.41515
1.71659
3.83751
3.18797
2.91502
2.82507
1.36973
2.7451
1.64254
2.14198
2.25663
2.36306
3.42476
2.52043
2.22337
3.65676
3.97402
2.48044
1.43737
1.66469
2.97775
2.31679
3.03397
2.45216
1.8181
2.71127
2.23703
2.26504
2.68056
0.213118
2.35019
0.359728
0.914615
1.00411
2.09832
2.73269
1.42403
3.53997
3.37561
2.99228
2.94663
2.96702
2.74422
2.33176
1.56597
0.968473
1.88913
2.8553
1.86724
1.59371
1.53241
2.78131
3.31387
1.0691
2.76065
2.44228
2.49166
2.92545
2.35795
3.19732
2.53543
1.55896
0.394626
3.50709
1.23503
3.66002
1.98183
1.51084
1.73874
2.6754
2.65208
3.46279
2.5625
4.33028
2.99318
0.921653
2.88604
2.73612
2.72098
3.20141
2.28928
2.32882
2.1072
2.96065
3.69466
3.14574
3.6531
2.01102
2.19941
2.55188
2.03926
2.0295
1.58934
3.12753
2.91895
2.9548
4.10813
3.01275
2.2037
0.573024
1.09103
1.64066
2.52257
1.7991
2.26546
3.04951
2.49306
3.72526
2.66039
3.72957
2.48977
0.81314
2.85949
3.6358
3.37912
3.42446
2.33508
3.02961
1.9634
1.74205
2.44419
2.87064
1.7013
2.90582
2.98776
2.56491
2.17823
2.35587
3.50991
3.46109
2.74193
3.00193
2.25136
1.7651
2.60224
3.04006
2.53436
2.81683
1.76375
0.62063
3.35364
3.11018
2.88103
3.66943
3.07349
2.94625
3.79119
1.02121
0.529592
1.97051
1.65737
1.15836
4.33096
2.18184
1.53553
1.75081
1.69068
2.95724
2.25781
3.72027
3.14067
1.61361
1.72735
1.9011
1.22104
1.91539
1.81259
2.21787
2.14247
1.24086
0.0665437
3.46035
1.66007
1.98851
2.61353
1.91312
2.83186
2.01427
2.46834
2.34099
2.77276
2.86748
2.53362
1.6254
2.61499
3.63482
3.87102
2.13818
2.17711
2.4023
1.19727
1.82534
2.92375
4.97404
1.3305
3.81027
2.12446
1.99342
0.647329
1.22508
2.47524
2.12074
1.70413
2.83977
2.04687
1.05732
3.17452
2.71255
1.64918
1.57207
2.29993
2.91079
3.46704
2.30777
3.24981
3.64434
2.2974
3.24913
0.831432
3.49781
2.30081
2.12312
2.08743
1.44047
1.13094
1.94519
2.87135
3.25159
2.12162
2.17548
3.22927
2.14474
2.22253
0.418043
0.456853
2.61117
1.70402
2.66704
2.52136
2.85086
2.96113
4.16084
1.96575
2.33233
3.7582
2.98608
2.16063
3.28067
0.804242
0.2209
1.77981
2.60966
2.18783
1.06735
3.02635
1.22072
1.26382
1.50129
2.73877
1.6688
2.47539
3.49146
3.67339
3.71904
3.02271
2.45965
3.00053
2.65647
2.82286
2.7225
2.9984
3.24596
2.92472
2.71469
2.06294
0.669322
2.57337
2.557
1.23248
2.22553
3.29742
1.89857
4.12152
2.19878
1.26252
1.8731
3.94118
0.404329
1.44179
2.19344
2.5461
0.64788
3.25996
2.94755
1.81515
2.29741
1.31987
2.00145
2.23833
1.90408
2.73059
1.70053
4.69113
3.7234
3.79115
2.51217
2.7068
1.98561
2.15095
0.934495
1.79789
2.07516
1.76196
1.79928
1.56235
0.777776
2.23175
3.19985
1.20622
2.22201
3.10718
3.03201
2.033
1.12881
3.69793
3.11627
2.55345
3.4772
4.03427
2.10796
1.82491
2.68438
2.79215
3.08057
1.15507
2.16126
2.91638
1.12719
2.52461
2.18989
2.67716
1.87039
3.86144
1.94933
2.59142
1.14739
3.0778
2.16949
2.49369
3.03864
1.86858
1.16907
2.20723
3.1949
2.39398
1.25683
1.59884
1.35641
0.889355
2.15598
2.61603
2.24096
3.60281
1.92271
2.62899
3.60864
2.99561
2.51131
2.6091
2.06948
3.36291
4.73426
2.65607
3.26873
1.86289
2.24193
2.41618
2.64978
2.06296
1.54128
3.52849
2.26715
2.32146
2.67804
0.396021
1.79424
4.12927
0.782264
2.83181
1.7325
1.43666
2.87048
2.40681
0.789582
2.25317
2.81074
2.83704
3.15393
3.61585
3.0978
2.24082
1.95498
2.35786
2.83577
1.26261
1.63754
3.14717
1.58397
3.91844
2.25681
0.189088
1.94308
0.831897
2.37204
1.24713
3.04801
1.09597
0.727697
0.794153
4.59598
2.75349
2.53437
3.97558
2.70074
1.72978
2.91799
0.599313
2.22019
2.63727
2.65966
3.02832
3.4108
0.689536
3.21793
4.21319
3.17917
1.66131
