2.33349
1.45763
1.83991
2.43727
2.37999
2.48597
2.56037
2.85309
1.82218
1.59415
1.7015
1.05268
2.01844
1.15065
2.09948
2.77079
3.23577
3.19796
2.70459
2.05769
2.02759
1.99793
2.25531
2.29195
2.277
2.47022
2.02433
2.18339
2.04165
2.30315
1.40783
3.21351
3.09828
2.63044
3.09952
3.65556
2.85046
3.28789
2.78474
3.42381
2.83208
3.60256
2.61768
3.19504
3.01859
3.12949
3.10484
2.4527
3.00375
3.01514
3.82066
3.18874
2.20456
2.28464
1.66111
2.72479
2.39312
4.29541
3.69603
3.69143
3.00615
2.40996
2.52603
2.76576
3.27103
2.90552
3.61255
2.36113
2.30782
2.92764
3.49018
2.97219
1.79613
2.3179
2.84297
2.95852
2.75665
3.52883
3.02612
3.272
3.76135
3.01132
2.84401
2.9801
2.68816
3.0793
2.07271
1.61787
1.75553
2.22307
2.59647
2.96202
2.00348
1.72939
1.88033
2.0877
2.85775
1.86774
2.38634
1.98003
2.71349
2.47114
1.72287
2.5157
2.69851
2.23223
1.97262
1.25718
3.03559
2.29393
3.18071
3.2282
3.10016
2.76913
3.36294
3.74819
3.18037
1.84779
2.79247
3.2678
3.84783
3.81576
3.38207
2.69475
2.40183
2.89489
3.04607
2.58374
2.25417
3.20597
3.68049
3.20017
3.13634
2.52826
2.77907
2.7185
3.14983
2.52192
3.52623
3.34512
3.77649
2.03624
4.11837
3.43622
2.64704
3.30085
3.04101
3.74029
4.13457
3.92543
3.23878
3.85283
3.41394
2.62347
2.95484
3.0988
2.58429
2.97646
2.25444
3.51474
3.19018
2.39934
2.58567
2.90739
2.78129
4.03437
2.78489
2.61049
3.28708
2.4641
3.49256
3.40099
3.24404
3.3482
3.07657
3.36624
2.63954
3.3114
3.28781
2.85389
3.10818
3.10636
3.59988
3.62879
3.34549
3.71786
3.43952
2.68588
2.80257
1.69389
2.85211
2.22599
2.33522
4.05994
3.38446
3.39438
2.57761
2.83653
2.87085
3.20882
3.23288
3.45426
3.56397
3.09788
3.28438
3.17022
2.30951
1.90954
1.8144
2.45229
2.83739
3.12251
2.47786
4.20024
3.76507
3.44134
3.44801
3.69098
2.31727
2.56043
2.68106
2.49818
1.65081
2.50543
1.8991
2.34206
2.49067
2.49811
1.44253
1.51235
2.09227
2.34717
1.87273
2.43583
2.66174
1.61349
1.71052
1.41279
2.5786
2.51657
2.31292
1.75711
1.54147
1.99868
2.44601
2.70549
2.42228
3.33049
2.66589
2.36061
2.13806
2.67536
1.8995
2.56153
3.01471
2.90283
2.81631
2.96361
2.38062
3.42127
2.75809
3.2118
2.7491
3.60139
3.93415
4.07176
4.11721
3.94306
3.02481
3.60592
2.0025
1.94846
2.78465
3.88836
4.20208
3.22044
2.68795
3.03528
3.07528
2.35609
3.38387
3.15493
2.16442
2.31294
3.18939
2.66918
2.90801
2.7994
3.59892
3.07251
3.08477
2.22003
2.80522
1.78623
2.46106
2.62047
1.96742
2.57485
2.6353
1.75934
2.32469
3.04332
2.04067
1.75935
1.43607
1.43439
2.39776
1.95015
2.11256
1.37061
2.58737
2.00793
2.42317
2.38428
2.56833
2.57886
2.67661
1.75648
2.64362
1.87657
2.22596
3.39399
3.38641
2.50916
3.08431
2.19745
1.98751
2.44217
2.58097
2.61288
3.05143
3.59602
2.27821
1.74785
2.61238
2.59523
1.57806
2.25769
2.16885
2.74371
2.41742
2.55543
2.42346
2.13207
1.724
2.02422
2.27148
2.43593
2.19075
1.71247
1.81899
2.12336
2.43052
1.64977
2.38471
2.06832
2.13451
2.63043
2.10138
3.49407
2.49392
2.84765
2.88009
2.27258
2.25517
2.0935
2.77336
2.01794
2.59089
1.14002
1.68851
1.72455
2.22838
2.25372
2.65696
2.11106
2.5868
2.44151
1.59527
2.55725
3.37118
2.33601
2.11141
1.92773
2.2781
2.50829
2.81725
2.36695
2.70228
3.00721
3.89142
2.74209
3.03075
2.36579
2.28533
2.48457
2.96292
2.96802
2.75621
1.57383
2.62355
2.12696
1.85767
2.97667
3.25516
2.85366
2.75791
2.69506
2.74321
2.86849
3.07575
2.22419
2.60787
2.00749
1.44656
1.54278
1.33025
1.38748
2.45651
2.17589
2.26842
2.37811
1.95516
2.21429
2.64463
2.29449
2.69514
2.53679
1.87402
2.24359
2.72531
2.08267
2.77799
1.95844
2.05957
2.21291
2.61673
2.54796
1.76244
2.53651
2.83791
2.23997
2.00635
3.48439
2.92613
2.61593
2.99133
4.23089
2.87825
3.34378
3.88658
3.24645
3.70104
4.38158
4.20198
3.58322
2.71055
2.9925
3.64116
3.75697
2.96127
3.00597
3.01698
3.13767
3.05151
3.31187
3.15557
3.11591
2.88066
2.91461
2.83712
2.20571
2.33009
2.80779
2.8548
2.44352
1.77223
2.03504
2.526
2.41539
1.84342
1.98907
2.79341
1.82884
3.35685
3.05925
2.67753
3.57805
2.8715
3.04947
3.29317
3.40667
3.14602
1.98136
2.8444
3.40769
3.43491
3.41969
3.07891
2.605
2.84419
2.90382
2.81844
3.49811
2.22324
1.81907
1.57001
2.02757
2.32611
2.59383
2.89404
1.9579
2.02833
3.23069
2.108
1.88618
2.74402
1.38654
1.57635
3.12791
3.06888
3.45298
2.87335
2.68995
1.99874
1.91544
1.74076
1.81262
1.61194
1.79771
2.37199
2.25695
1.60002
3.08949
3.24362
2.45623
2.75382
2.60918
2.34591
1.56086
1.2331
2.17633
1.85136
1.80276
2.09671
2.66709
2.23523
2.03777
2.46543
2.33123
2.45146
1.86322
1.39132
1.71604
2.7515
2.04989
2.40823
2.31697
2.30444
1.94973
2.2047
2.38994
2.49897
2.55867
1.37954
2.16759
2.28798
2.91155
2.63836
2.57644
2.7107
2.50374
2.03134
1.81882
1.9541
2.7686
2.00184
2.38357
1.42599
2.24129
2.82001
2.09703
1.57427
3.00721
2.51663
2.98241
2.66829
3.08726
3.32712
2.5398
2.41143
2.4073
2.40674
2.58283
2.07284
2.73253
2.56716
3.03172
2.85383
2.64516
2.99673
3.0044
2.99403
1.98379
3.00233
2.89682
2.86325
2.94341
2.45753
3.47039
2.23409
2.74899
2.89856
2.64161
2.76994
2.4773
3.12717
2.9981
3.28459
3.05178
2.71044
2.47039
2.22427
2.22129
2.05887
2.141
2.15542
3.13569
1.89763
2.2413
1.81938
2.68782
1.75056
1.74212
2.02881
2.69497
2.07917
2.23747
2.80554
2.86883
3.62498
2.33685
2.63335
3.58345
2.09504
2.54818
2.19242
2.56309
2.80311
2.18644
2.86813
3.46068
2.09206
4.05671
2.89482
2.30586
3.17061
2.7891
2.96167
2.7578
2.68087
2.83201
3.09263
2.96856
2.21595
3.0524
2.82868
2.67521
2.78145
3.17335
3.7539
3.72692
2.55357
2.32183
2.99261
2.74551
1.45938
1.85467
2.27433
2.72147
2.07506
2.47649
2.50836
1.60511
2.19246
3.04461
2.39463
2.31337
2.36868
1.81462
1.74537
1.74201
2.13762
2.1332
2.49395
2.31898
2.10349
1.79437
2.57383
1.95459
2.57889
1.39112
1.09579
1.79393
0.919982
1.11013
0.809747
1.97303
2.64301
1.99346
1.0689
1.23751
1.97135
1.89347
1.75233
2.6975
1.99388
1.80043
2.21864
2.6802
2.03057
1.35749
1.57543
1.86524
1.74946
1.35761
1.50599
0.217128
0.847383
1.75242
1.3046
2.09367
1.57419
2.47825
1.42734
1.79546
1.46961
2.14579
2.25862
2.01207
3.22242
2.52341
2.74387
2.67971
2.36834
2.73355
2.22564
2.50605
2.44412
2.78615
2.3834
2.15311
1.68021
1.59708
2.26205
1.81661
2.5147
1.47374
1.71808
2.33227
2.99103
2.27299
1.8371
2.45933
2.53005
2.59419
2.3502
2.6417
1.86466
1.72996
2.4154
3.73841
2.36586
2.10357
3.04237
3.59717
1.64164
2.71026
2.90827
2.33617
2.95169
2.82212
2.25435
2.43284
2.68874
2.70272
2.11619
2.83925
3.08144
2.54305
2.79504
2.79859
3.00553
1.34403
2.49162
2.65857
3.2317
2.23085
3.15904
3.5935
3.48908
4.49329
3.2342
3.71561
3.49614
2.56462
2.83361
3.29297
3.22617
3.60578
2.57375
2.24112
2.82528
2.88163
3.29999
2.82299
3.12781
3.41108
3.36453
2.71108
1.38193
1.80165
2.43707
2.61392
2.4205
2.3356
2.39206
1.95313
2.66744
2.57324
2.64859
2.83923
2.53406
2.93623
2.83774
3.01647
3.6655
2.46627
2.65088
1.94044
2.30969
2.69559
2.47252
2.55058
3.3204
2.00572
2.02447
2.48467
2.34591
3.33648
3.79323
3.56828
3.0058
2.80034
2.87781
3.27396
2.98228
3.32783
3.68203
3.8485
3.52107
3.05323
2.9365
3.08632
2.44886
3.0449
2.76673
2.44308
2.43278
2.23275
3.53971
2.91965
3.63792
4.13172
3.04266
2.77115
2.15972
1.76711
2.15328
2.52458
2.69423
2.62201
3.09369
3.27597
2.99775
2.99118
3.83777
4.07256
3.77224
2.89444
2.80103
2.84045
2.78858
3.21568
2.94307
1.23501
1.62306
1.68052
0.82221
2.68706
3.23386
3.39803
3.26579
3.49157
3.24528
3.00096
3.53482
2.92671
1.85829
1.81327
1.86327
2.41938
2.80895
2.86028
3.39742
2.40744
3.05161
3.09728
2.4153
3.07376
3.5201
3.63792
3.36149
3.53795
3.39798
3.05299
4.30173
3.39748
3.22348
3.58481
3.67979
4.07398
4.00359
3.52718
2.92925
3.29497
3.17643
3.47679
3.4583
3.16156
2.79992
3.46639
3.55365
3.72854
3.38605
2.91826
3.16857
3.39077
3.38373
3.17959
2.98875
2.85012
3.50282
3.00247
3.42623
4.03103
4.64183
3.68702
3.82665
3.22289
3.35961
3.15802
2.31427
2.82217
3.1703
4.04954
3.12489
3.13739
2.99661
2.85051
2.80512
3.21546
3.53005
3.49357
2.84321
2.88995
3.19132
2.85934
3.47931
3.01432
3.06681
2.75455
3.07595
2.17324
2.8304
3.16176
3.13496
2.58852
2.447
2.952
2.60406
3.06033
2.93035
1.55962
2.38838
2.22998
2.68058
3.69488
2.37977
2.91504
3.23221
2.95724
3.23267
3.736
3.90791
3.65581
3.78226
3.32623
3.25573
3.78905
3.94164
3.42405
4.05569
3.75532
4.05647
3.93023
3.47072
2.00592
3.86256
3.78394
2.80735
2.93221
3.05521
2.16054
2.15984
1.51487
1.77211
2.05087
1.56644
2.23979
1.77951
1.64128
1.66684
2.33631
1.47839
2.55916
1.10304
2.85075
2.40994
1.58797
2.19193
1.63364
1.8129
1.99201
1.89064
2.00613
1.88316
1.25907
1.87149
2.59215
1.84508
2.90906
2.79018
2.42455
2.73533
3.57547
2.6787
3.54405
3.15329
2.79837
1.97183
2.12919
2.41134
2.26865
2.93068
3.25549
2.17352
2.61627
2.22295
4.00764
3.06618
2.26072
2.88238
3.33569
3.14311
3.39082
3.30413
3.65249
3.8319
3.88207
3.56766
3.92508
3.05375
2.65581
3.72176
3.19617
3.74633
3.24255
3.20117
3.62931
3.28616
3.35782
4.64609
4.66556
3.64445
3.41288
3.22096
3.12824
1.83341
2.12367
2.64601
2.66223
2.23873
2.89665
1.93165
2.46727
2.71068
1.6123
1.66502
3.20671
3.26188
2.99827
3.44467
2.13074
2.73548
2.22524
0.877832
1.28922
1.45173
2.13908
2.06069
2.84308
2.32805
2.45822
2.93942
1.68058
3.0393
2.37511
2.21759
2.75517
2.01947
2.44462
2.10611
2.2993
2.15698
1.96068
2.64077
2.78258
2.63183
3.18311
3.23454
2.24654
2.406
2.51876
3.22339
3.09045
2.40164
3.41976
3.05819
3.83309
2.33149
2.26227
2.82358
3.54858
3.05047
2.6618
1.41537
2.54288
2.77137
1.66642
3.55802
3.37474
3.85529
2.85076
3.00526
2.80371
2.8159
3.24901
3.10616
3.81531
2.66308
2.11236
2.79703
2.45167
2.32063
2.34049
2.08836
2.54475
2.38546
2.94196
2.25713
1.62523
2.39464
3.44086
2.94234
2.39904
2.26006
2.96824
2.61285
2.35066
3.39522
3.18823
2.48745
2.49247
3.24253
2.90861
3.32142
3.82408
2.74525
2.2337
3.09492
2.75111
3.24965
3.79864
2.9159
2.72681
2.38729
3.90354
3.4464
3.11807
2.25176
2.21625
3.13853
2.53385
1.94025
2.45531
2.62292
3.72313
4.12797
3.41817
3.2871
3.39462
3.74036
3.37424
3.64701
2.97605
2.91425
3.53618
3.29053
3.68554
3.32265
2.85637
3.18612
3.55398
4.43697
3.6962
3.90548
3.08212
3.68045
3.92986
3.8031
3.72721
4.95935
3.52386
3.27393
4.20217
4.38746
4.03922
3.79466
3.55069
3.51329
2.14011
2.53971
2.67156
2.78886
2.96134
2.99348
2.62002
2.45467
3.05168
2.42782
3.0493
3.14492
2.50965
3.3538
3.16592
2.76793
2.92757
3.07343
3.84754
3.7546
3.99615
3.44336
2.98276
3.10401
2.80767
3.06057
2.93043
3.06223
3.05472
3.26112
3.94814
2.91431
2.71843
3.16839
3.52741
2.29785
3.81753
3.18973
2.15935
2.22416
2.46539
2.28992
2.05266
1.25732
3.02722
2.23359
2.29791
2.65697
2.12977
3.25057
3.15738
2.39301
2.29302
3.20827
2.43779
2.9888
3.16393
3.31651
3.19482
2.21113
2.54428
2.47387
2.13835
1.78772
2.05468
3.44227
2.27575
2.46544
2.99639
3.0081
2.47364
2.19094
2.13496
2.20098
2.29206
1.95847
2.73529
3.213
3.00283
2.64148
2.22957
1.65328
1.33063
1.27961
1.84206
1.49393
1.94706
2.26944
1.58552
2.27455
1.92114
2.17322
2.08275
2.00804
2.08428
1.6693
1.56603
2.21299
2.04441
1.97374
2.77954
1.4296
2.039
2.06727
2.87443
2.54492
2.31258
2.13924
2.22585
1.22637
1.21049
1.95568
1.53923
1.20367
1.57581
1.60786
2.24679
2.27258
2.50438
2.18945
2.54809
2.21614
2.61936
2.39033
2.49945
3.11726
2.86747
3.65472
3.25474
2.00904
2.10425
1.92303
3.26442
2.03813
2.44435
2.32705
2.75398
2.24689
2.07111
1.97883
2.6492
2.33039
2.85542
2.94433
2.00222
2.67904
2.30814
2.58945
1.19223
2.23763
2.03737
3.53717
2.282
2.70689
2.56179
2.67046
2.53298
3.19596
3.31292
3.87198
3.22517
2.76359
1.63547
1.21166
2.14058
2.31721
3.1066
2.42514
3.35805
2.47912
2.74468
2.40608
2.89373
3.78692
2.99452
3.05192
2.43465
2.88274
3.40088
3.27922
2.31397
3.62647
2.25728
1.8323
2.72741
3.12122
3.44121
1.9403
3.41103
2.74034
2.12554
0.714303
2.54162
2.60879
2.08277
2.37175
2.07965
2.4587
2.0639
2.49548
2.56166
2.86594
3.26997
3.77306
2.7833
3.87771
2.69548
2.14753
2.10965
1.73951
2.54656
2.05099
3.01818
2.24665
2.58108
2.96242
3.31926
3.92582
2.58273
2.91394
2.98641
2.56426
3.2091
3.22933
3.41958
3.88851
3.74534
3.06052
2.55734
3.2783
2.63046
1.11783
1.33009
2.54533
2.02279
1.89059
2.98598
3.21889
2.31088
2.16889
1.4452
2.09392
1.99743
2.18703
1.81104
1.20572
1.85537
1.63986
1.82592
1.09032
1.62609
2.38222
3.19233
3.6868
2.73637
2.49537
2.83916
2.69131
3.49048
2.5165
1.65699
2.1334
2.94099
2.8386
3.60042
2.97845
2.95838
2.65421
2.92209
3.78496
2.3981
2.41732
2.77084
3.41939
3.07564
3.4215
3.49084
2.25195
2.76832
3.01241
2.37834
2.2667
2.88248
3.32347
3.34887
2.73438
2.93417
3.14432
3.03428
2.93388
1.86329
1.34464
2.053
2.05332
1.87236
1.98621
2.34004
4.49361
3.33994
3.14091
3.23966
2.61681
3.08161
2.97444
2.11419
2.47804
2.12204
1.63934
3.1019
3.44114
3.58644
3.51456
4.27421
4.20329
3.70633
3.9078
3.23116
2.78678
3.2418
2.8534
2.48838
2.96367
3.43514
2.84364
3.13485
2.92425
2.78303
2.70352
2.85489
3.25522
4.09557
4.32406
3.45295
3.88746
3.92662
2.88743
3.22704
2.80625
3.62055
2.25062
2.68845
2.8959
2.89697
2.30699
3.44988
2.846
2.34324
3.85453
4.25131
3.25111
2.28072
2.96201
3.83829
2.86557
2.82264
2.98951
2.76444
3.02176
2.86094
2.89265
3.29987
2.6594
2.76956
2.9336
3.35218
3.49974
2.74573
2.97044
2.12856
3.2884
3.44284
2.28403
2.74961
2.56879
1.69581
1.60189
2.31012
1.94757
2.63371
3.73447
1.9778
1.13513
1.6936
1.73454
1.81815
1.95936
1.15304
1.09555
1.85809
2.03066
1.65983
2.41528
1.521
2.37191
3.16373
2.44899
1.85012
1.19547
1.86891
1.6598
2.30031
2.34408
1.82395
2.96949
2.57118
2.68869
2.39046
1.73022
1.69237
2.14502
2.28595
2.67899
1.96379
1.89677
2.07556
2.33299
1.90418
2.60032
1.97133
2.50913
2.14086
2.06593
2.5999
3.0976
2.52612
3.18538
2.31412
1.36546
1.37724
2.79026
2.44867
2.56134
2.77194
3.38454
2.98545
2.42668
2.50612
2.39663
2.80783
2.51856
2.18626
2.88465
1.25847
2.4172
1.84694
1.43215
2.04014
1.51136
1.91819
0.87108
0.935002
0.541265
1.32248
1.04877
1.82429
2.70154
2.7417
2.63436
1.74063
1.82211
2.25312
2.35722
1.78815
2.04449
1.78248
2.43635
2.04773
1.58572
1.75515
2.51774
1.51671
1.60052
1.32051
1.34042
2.18786
1.44923
1.04915
1.63518
1.1471
1.16557
1.83128
2.00597
1.18305
0.942879
1.78521
0.977651
2.05752
2.21173
1.618
1.51844
2.3215
2.24103
2.93778
2.34595
2.15849
2.29113
2.0159
1.54059
2.57676
1.73286
1.41162
1.66668
1.98508
2.13433
2.95193
2.11743
2.17337
1.41849
1.97711
1.67137
2.10936
2.08688
2.83476
2.0971
2.45663
2.70634
3.09167
2.35585
2.12962
1.94123
2.15468
2.29304
2.43203
2.34835
3.48894
2.94582
2.44114
2.60526
2.25314
1.93055
2.13008
1.01509
1.71256
1.94907
1.34707
2.54763
1.7427
2.17993
1.69889
1.65594
1.91489
1.86503
2.71571
2.32682
2.93135
3.05073
1.73706
1.848
2.18384
2.51524
2.48398
3.30794
2.91303
2.54884
2.37365
3.59554
3.43068
3.00061
1.99962
2.90599
2.86081
2.80863
2.42471
1.93475
1.90099
1.56492
1.60526
1.70131
2.0388
2.23086
2.11941
2.99826
2.1947
2.12137
2.76511
2.80329
3.20739
2.45717
2.50157
3.17731
3.03708
2.09989
2.33383
1.61592
2.39936
2.79718
2.626
3.39453
3.19667
2.76203
2.2875
1.85201
1.22176
2.76306
1.87312
2.12059
2.48332
2.68716
1.45089
2.47031
2.34611
2.73225
1.91221
1.98186
2.41437
1.95967
2.50842
2.84071
2.32032
2.77732
2.55326
2.55375
0.786503
1.46445
1.9087
1.63116
1.93749
2.7474
1.96928
2.26033
1.39366
2.56351
2.93793
1.93982
2.51551
2.21548
0.863586
1.80105
1.69009
2.46304
1.84432
1.05904
2.53628
1.75319
2.70414
2.31648
2.42898
2.23342
2.65369
2.25096
2.35339
2.68278
2.57887
2.29979
2.09808
1.68349
1.97032
2.98843
2.85212
1.42905
2.52891
1.59134
2.01107
1.77131
1.70918
2.42006
1.9854
1.58107
1.99359
2.20039
1.77443
1.62468
2.10563
2.21267
2.49367
-0.0989261
2.12599
1.7659
0.410383
0.974985
0.845816
2.00699
1.61619
1.6366
2.85671
1.40238
2.98354
2.7682
2.88473
4.11175
2.13764
2.94356
3.09295
3.09532
4.04454
3.40879
2.89913
3.53034
3.46338
3.85984
2.39572
1.94032
2.65607
2.57847
1.75654
2.2091
2.99543
3.49101
3.57039
2.86482
3.36357
3.66612
3.55763
2.85894
3.72546
3.2281
3.97183
3.62898
3.73297
3.38437
4.15484
3.5696
3.74415
3.55835
4.34258
4.02176
3.98736
3.78706
2.94367
3.42028
2.92062
3.02276
4.06887
4.03006
3.8159
4.00346
3.78265
3.72213
4.44454
4.43847
3.52733
2.8137
3.61628
2.42435
3.44181
2.13433
3.2716
3.7905
3.66403
3.34571
3.4791
2.57436
3.26803
2.7419
2.65905
3.03153
2.64577
2.76206
3.37259
2.14401
2.50727
3.77001
3.91288
3.65745
3.32903
4.11067
3.01342
3.80513
3.56015
3.2209
3.09885
4.01708
4.04821
4.59886
4.15886
4.24281
2.83267
3.42761
3.74702
4.11077
4.19858
4.4356
3.13835
3.53486
2.34311
3.00617
3.24714
3.00603
3.8003
3.21019
2.89576
2.09655
3.10423
2.80732
1.94387
1.57143
2.05804
1.91238
2.81574
2.05214
2.29872
1.56586
2.0121
1.89093
2.25925
1.95525
2.18778
2.46689
2.729
3.08642
2.83729
2.42791
2.3163
2.64489
2.78288
3.01528
2.24312
2.05924
2.76677
2.41044
3.12685
2.51233
2.17406
2.62429
2.46722
1.6568
2.3087
2.72782
3.62867
2.70368
4.13189
3.16988
3.09544
3.65147
3.79578
2.80854
3.29895
3.63422
2.89132
3.8374
1.78478
2.25794
2.84376
3.69481
3.72872
3.47942
3.64127
2.50157
1.9392
2.43633
2.71012
2.72109
2.91284
2.79331
2.35856
1.89862
1.80181
1.95938
1.89872
2.27993
2.3576
2.18913
2.52907
2.68112
2.76407
2.65195
2.09701
2.61802
1.43643
1.97426
2.65246
2.70731
2.76871
1.5056
2.87857
1.75316
1.88076
1.61595
2.08845
1.68637
2.50903
3.30004
3.01526
1.62313
2.4203
1.97154
2.43746
2.50005
2.49325
2.70283
1.92456
3.15194
2.69507
1.86448
1.60677
2.63319
2.47131
2.24249
3.28252
2.18593
2.05914
1.64501
1.97075
2.67127
2.50842
1.83398
1.3853
1.63528
2.62651
1.52294
1.71702
1.69541
2.77829
2.86098
2.36462
2.11169
2.25703
2.00289
2.47728
2.62801
2.3767
1.70239
2.69314
3.33469
2.18276
2.57781
2.80383
2.86582
3.45991
3.01354
3.08751
2.57383
3.49631
2.72646
2.56771
2.75557
1.90205
3.00262
1.926
1.04284
2.00349
2.72088
2.56102
3.34815
3.06157
3.33376
1.8117
3.4337
3.50747
2.15075
2.52473
3.39522
3.02517
3.31476
2.3465
3.22365
3.47571
3.03824
2.83884
1.75861
1.84874
1.85023
2.33353
2.22761
2.15464
1.19088
1.63083
1.55208
2.24807
2.03601
2.40316
2.27074
1.95307
2.10404
1.55975
1.86459
1.02049
2.32527
1.79518
1.77261
2.82102
2.7816
2.6765
1.86951
2.34025
2.51861
2.21766
2.92836
2.97686
2.19066
2.95811
2.38077
2.40937
2.28285
3.15648
2.89137
2.01948
1.89108
2.85506
2.39499
2.44458
3.03966
2.95174
3.29587
4.31712
4.01373
3.6822
2.37782
2.48663
2.02535
2.03528
1.91573
1.65977
2.42782
2.25599
1.18391
1.15572
2.15987
2.45989
3.0557
2.52664
1.41855
1.6513
3.23955
2.74396
2.33463
2.77126
2.40275
3.593
2.80925
2.39858
2.2049
2.25439
2.77672
2.62409
2.72783
2.894
1.78969
1.44036
1.54789
3.26358
2.25953
1.9895
1.77139
2.97951
2.43823
2.22383
1.79569
1.87839
2.31086
2.43787
1.28546
1.64857
2.2904
1.79709
1.82678
2.33129
1.70427
2.67436
2.0844
1.70171
2.24752
2.38714
1.9394
1.7856
2.30983
1.53549
1.32876
1.36557
2.44845
2.21403
1.56648
0.941745
1.57837
1.96519
2.24686
1.50206
1.77189
1.81905
1.55332
1.79477
1.122
1.89807
1.50281
1.19442
1.78248
1.86929
2.26569
2.26947
1.24389
1.04107
0.548927
1.85134
1.04957
0.898329
-0.277818
0.363702
-0.13986
1.27715
0.628141
0.674124
1.73426
1.1626
1.34515
1.65086
2.57616
1.3377
2.02152
1.46301
1.49379
1.79946
1.96633
2.0156
2.18831
2.60705
1.75466
2.2199
2.36299
2.46701
1.80527
2.23096
1.4142
0.918939
1.65215
1.56871
1.72718
1.85388
2.36748
2.04587
2.37542
1.6178
1.958
2.41736
1.26507
1.65959
1.36356
0.742127
2.03121
2.05981
0.843152
1.32008
2.21619
2.97523
2.53106
1.69487
1.66011
2.49666
1.94926
1.55218
1.84583
2.01445
2.25867
2.32634
1.20275
1.87453
1.66542
2.59433
2.94983
1.79649
1.28142
1.69761
0.853666
0.570343
1.1222
1.7836
0.979959
1.11077
1.05822
1.61814
0.994829
1.31163
1.6268
1.52982
1.12474
2.42667
2.64639
1.30399
1.52639
2.26563
1.39249
0.559358
1.76703
1.62369
2.0148
1.75181
2.24879
1.57737
1.55534
1.94576
1.86684
2.20161
2.02241
1.72119
1.47142
2.3327
2.06373
1.20224
0.987201
0.843996
2.08949
1.78663
1.92303
1.20372
0.609058
1.63751
1.29143
2.50574
2.25085
0.876783
1.28876
1.47578
1.60787
1.95315
2.19463
1.55531
2.48383
2.7818
2.11467
2.00784
1.69913
1.43225
2.02715
1.92106
2.44433
2.60592
3.13303
2.4877
1.49279
1.19254
2.24517
2.1204
2.30998
1.91568
1.35917
2.20236
2.67411
2.2211
2.4899
2.12171
1.27301
1.74947
0.937973
1.44684
2.6998
2.19635
1.42882
1.22545
2.35623
2.13665
2.04746
2.18268
1.57814
0.15678
1.59947
2.02663
3.52839
2.35164
2.02085
1.40664
1.91765
1.4839
1.56532
1.17261
1.74173
1.80951
1.9809
2.14082
2.17076
3.53456
3.03251
2.223
2.87212
2.75202
2.94103
2.55349
2.71129
1.64847
3.15362
2.37028
3.39857
2.38198
2.07529
2.19097
2.37163
2.77581
3.13098
2.32458
3.12544
3.09063
3.40856
3.74271
3.09568
2.0882
1.66054
2.2464
2.3746
2.6255
1.76419
2.07984
1.14812
1.43793
1.91891
1.03218
2.96666
2.15993
3.34887
2.31517
2.07486
1.62772
1.44924
2.06502
1.86698
1.87185
2.08694
1.88796
2.2851
2.66849
2.41724
1.94508
1.71829
3.0442
2.41292
2.1418
1.33324
0.693803
1.57422
2.2419
2.28886
1.77104
2.92169
1.997
1.81649
1.44433
1.37982
2.71322
2.17438
2.36399
1.9768
1.81942
2.36684
1.42388
3.06669
2.02295
1.92807
1.96643
1.7866
1.13543
1.33943
0.501261
0.458569
1.3212
1.53787
1.32517
1.75116
2.00652
1.7962
2.99186
2.78697
2.03879
1.94157
1.63013
1.93199
2.56922
1.90464
1.57146
1.88776
1.1719
0.950576
0.692401
1.06033
1.40625
2.02384
2.83036
2.31859
2.20051
1.35317
1.72152
2.05967
1.59321
1.80454
1.69812
1.56747
2.47935
0.726088
1.50694
0.500833
1.2112
1.63737
0.911271
2.11011
0.468552
1.31916
1.57448
1.44894
1.07098
1.6088
1.48018
1.79164
2.31378
2.24808
1.2688
1.93882
1.50647
1.55417
1.34446
1.19509
1.28676
1.73343
1.69664
1.10565
2.90859
2.2966
1.38637
1.38164
1.03968
2.06921
1.54259
2.33448
2.25969
1.86675
1.5826
2.53032
3.3476
1.81942
1.65697
2.03542
2.53409
1.92749
2.16776
1.97161
0.716464
1.41082
1.78887
1.408
0.789139
2.40849
1.94732
2.15735
2.1571
1.06307
1.02135
1.51868
2.05373
1.27704
1.07632
2.21205
1.10905
1.66661
2.7105
1.96335
1.99695
2.28607
2.99388
1.1586
1.6385
1.91221
1.44835
0.781229
1.03148
2.20084
1.69897
1.63912
1.18395
1.87414
1.30573
2.17936
1.95053
2.47039
2.29317
2.26891
2.07664
2.03651
1.90966
2.47041
1.7643
1.98921
1.6259
1.66101
1.93988
2.07051
2.36572
2.16696
3.08864
2.785
3.03836
2.432
3.08859
2.56154
3.35213
1.97032
2.30911
1.54238
2.78647
2.40483
3.06513
2.31865
1.74663
1.55654
1.3685
2.0109
2.10726
2.31425
2.94869
3.11813
2.65545
2.45586
2.98463
2.6599
2.1876
3.58685
3.29315
1.85924
2.51084
2.48537
2.43677
3.26792
3.08877
2.44377
3.34754
3.15727
3.03729
2.32387
2.71529
2.66255
2.63724
3.52862
3.12785
2.27684
2.80473
2.1463
1.75456
3.64589
3.31888
3.3409
2.83824
3.13378
3.56715
3.3561
3.18236
2.74037
2.04773
2.40351
2.79286
1.8277
3.14417
2.73095
3.23842
2.48331
3.35203
1.93054
2.53217
2.28539
2.45539
3.62832
3.36124
3.46354
3.00564
3.27246
3.35591
3.09249
2.56847
3.59096
3.79079
3.9738
3.44114
3.22098
4.10341
3.18142
2.31813
2.58018
2.52167
3.11632
2.50676
1.15434
2.18008
2.66428
2.07189
2.43854
2.63997
2.1692
3.15033
2.04038
2.73329
2.21147
4.16397
4.58281
3.48631
3.32566
3.2104
3.21477
3.0166
2.71783
2.42734
2.08824
3.83027
2.70911
2.59332
3.46763
3.68355
3.48447
3.64817
3.11956
4.71441
4.72424
3.55577
3.45579
3.70995
3.13405
3.91221
3.89236
4.13316
2.87302
3.17009
3.16868
2.60696
3.32584
2.64299
2.81903
3.4988
3.02113
3.6307
2.97885
2.07508
3.33528
2.68489
3.01424
3.42622
3.07466
2.73157
2.68088
2.42504
3.25689
2.2701
3.30203
3.47732
2.20545
2.85158
2.85301
2.55951
2.52278
3.01216
2.57575
3.79043
3.07468
2.89572
2.61366
1.50022
2.5381
2.6755
2.3593
2.93864
2.20058
2.41051
2.37818
2.58223
2.2699
1.77642
2.31956
1.98954
2.53443
2.47065
2.5209
1.85667
2.55266
1.25047
2.53409
2.70508
2.1861
2.88042
1.87561
3.12332
3.05112
2.04999
2.79917
2.52424
2.34233
1.96291
1.78495
2.18342
2.97141
3.17202
3.47808
2.85729
2.46106
3.01752
2.13726
3.78801
2.4917
3.07786
2.94866
2.24685
2.32274
2.30092
1.69747
2.22939
2.73133
1.91684
1.67549
3.02343
2.67094
2.61654
2.38058
3.62404
2.66666
2.29366
3.08861
2.32687
3.51693
3.91958
3.10863
2.9225
3.36888
2.90507
3.18335
2.36098
2.57581
2.0677
2.37744
2.9985
2.98079
3.16182
3.42082
2.42314
2.13178
2.57466
2.4227
2.43161
1.94607
3.00462
2.75458
2.40024
2.40067
3.30284
3.54064
2.87342
2.84778
2.42117
1.92638
2.38148
2.84621
2.84868
3.19535
3.59473
2.8826
3.59132
3.9229
2.99198
3.57378
2.58395
3.18555
3.3404
2.52054
2.93891
3.11164
2.24134
3.48712
3.86776
3.15557
3.09459
2.70576
2.90302
2.24646
2.80715
1.41616
2.47703
3.22283
3.31739
3.34357
3.76605
3.51424
3.33399
3.22664
3.75323
4.39996
3.44099
3.06843
3.44349
2.53317
3.71542
3.04527
1.94542
2.40536
2.62509
2.14703
1.94856
2.2122
3.40178
3.24862
2.72195
1.91064
2.71296
3.16657
2.70524
2.78569
3.09586
1.98563
3.11603
2.58563
1.49778
2.52094
1.83802
2.67178
2.82608
3.59324
4.00141
3.06975
3.73324
3.78303
3.49372
3.64974
3.34915
3.28502
3.59033
3.33528
3.29078
3.77101
3.82611
3.74872
3.65478
3.52247
3.43805
4.01319
3.73247
3.72324
4.32958
2.86811
2.71164
3.3262
2.66798
2.65283
4.01598
2.50318
2.47621
3.34015
3.13603
2.54643
3.01048
2.94283
3.11092
3.72493
3.45628
3.658
4.23689
3.73566
3.20194
2.8157
3.75157
3.0314
3.76111
3.39095
2.90805
3.44416
3.1098
2.68048
3.46005
3.5346
4.08614
3.87964
3.0026
3.49705
3.29669
4.08443
4.22114
3.49978
2.83265
3.75261
3.81875
3.59095
4.62442
3.22728
4.36992
3.02828
4.05961
2.928
2.62278
3.56469
2.7661
4.15473
4.25163
3.94335
3.62613
3.68162
3.44783
3.22859
2.89031
3.54976
3.63881
3.85644
2.43785
3.51944
3.63932
3.32151
4.14354
3.74776
3.16886
3.01703
3.49285
2.32123
4.13358
4.44301
4.2132
4.66735
4.62269
4.81836
3.45598
3.76765
3.94085
3.72789
4.11413
3.45737
2.99847
3.026
3.77435
3.46296
2.92419
3.37007
3.40222
3.72279
2.9557
3.27569
2.38761
3.35523
3.343
3.78982
4.54045
3.38831
3.25352
3.65837
3.18317
3.1579
4.14581
2.86542
2.56445
3.20404
2.79066
2.62192
2.57606
2.70624
2.37328
3.10023
3.6925
3.0562
2.74802
1.74497
2.30875
2.70673
3.53809
3.9184
4.03877
2.56937
3.12871
2.61775
1.79914
2.46092
2.06711
3.36657
3.23936
3.39466
3.19822
3.39005
2.80824
1.6134
2.46744
2.59227
2.55972
2.70359
3.30367
3.48648
2.32011
2.8064
2.33616
3.55493
3.31755
3.43859
2.7788
3.00232
3.30798
2.42878
2.8071
2.60727
3.40109
4.23972
3.78866
4.24103
4.06633
4.52583
3.71385
3.49281
4.92347
2.92708
2.58248
2.97255
3.1056
3.57933
3.04025
3.27672
4.2707
3.64039
2.88738
2.61816
3.07478
2.87863
3.84978
3.15768
3.08931
3.03033
3.52214
3.44225
3.87905
3.50238
4.77523
3.45842
3.84484
3.44971
3.52635
4.10476
5.42924
4.80721
3.76672
4.14284
4.44622
4.44471
4.56537
4.55947
4.09418
3.69579
4.30559
4.79278
4.19882
4.86423
4.99789
3.65302
3.87365
3.76154
4.01604
4.10972
4.07637
3.82552
3.68383
3.76987
4.16431
4.04467
3.72237
3.43833
1.86141
2.40663
2.64907
3.28455
2.26944
4.27086
3.54631
4.82984
4.69759
5.52592
4.87189
5.12092
4.76586
4.08918
4.03163
3.9968
4.02204
3.97824
3.60696
3.45627
3.44593
3.23887
4.00816
3.86488
3.28292
3.00374
2.65287
3.0865
2.73855
2.41971
3.2586
2.88168
2.38968
2.22999
2.53195
2.49204
1.6398
1.51826
2.20575
2.49394
2.07939
1.60664
2.44067
1.7581
1.51851
2.01668
2.43338
3.26954
2.17823
1.76719
2.86215
3.06317
3.17111
2.46794
2.61722
3.07477
3.85846
2.68375
2.74631
2.73943
4.05699
2.66227
2.54055
2.45351
2.71921
1.91244
3.64159
2.68739
1.71511
2.74787
2.6977
2.4874
3.08986
3.52849
3.19505
2.51839
3.67499
2.66135
2.98064
3.17397
3.28443
3.94523
3.50343
4.07965
3.56556
2.98869
3.45493
3.60558
2.7574
3.29469
3.99157
4.36513
3.53523
3.57529
3.97535
3.08535
3.09289
2.94731
4.0284
3.81287
4.51378
4.35595
4.01173
4.98894
3.31531
3.16653
4.24428
4.12932
3.63828
2.95418
3.99995
4.41884
3.89888
3.9958
3.74794
3.89064
3.51289
3.75761
3.01623
1.54001
2.44335
2.58247
3.51273
3.73814
2.72907
3.20964
3.78287
2.65933
2.44447
2.66137
3.45177
3.40545
2.80075
3.61776
4.10125
4.55706
3.79945
2.87481
2.70337
3.17556
2.17281
2.48591
2.84992
2.53595
2.0059
2.90718
2.87023
2.44464
2.43647
3.93433
4.30008
2.98716
2.2808
2.65696
2.55916
3.07421
3.40265
3.41736
3.48131
3.73835
3.81059
2.64979
3.05286
3.20288
2.68863
2.71348
2.69643
2.63852
3.55684
2.64785
2.69836
3.15193
3.62898
3.01009
3.22206
2.06572
2.75209
3.48535
2.92065
3.12644
2.82929
2.97802
2.97452
2.32314
3.05724
2.50014
2.31182
2.43772
3.07369
3.23977
3.12913
2.34791
2.40725
3.27799
3.32124
3.04984
2.90572
3.41271
3.49578
2.73137
2.48796
2.52409
2.82786
3.14037
3.0336
2.53563
2.72194
2.89894
2.79097
2.92055
2.9614
2.55216
3.2556
2.58775
2.98781
2.2943
2.22742
2.7859
2.85282
2.33858
2.47182
2.87169
2.23739
3.55184
3.56091
4.18146
4.2055
3.32195
3.1136
3.72609
3.39717
3.50144
2.63914
3.27798
3.08331
2.88381
3.94012
3.10151
3.16836
3.23373
1.87155
2.7253
3.13983
3.23391
3.08053
3.98702
2.82196
2.87816
2.96324
3.10772
2.68201
3.3119
2.55477
3.51462
3.45598
3.2718
2.49342
2.58804
2.40616
2.474
2.61906
2.33084
2.35244
1.91602
1.96336
3.38667
2.32646
2.84954
4.06631
2.98244
2.46055
2.29676
2.93627
2.96852
2.31803
2.71236
2.98812
3.92789
3.76
3.52253
3.89562
3.09756
2.63223
3.16395
2.72295
3.38406
2.99839
2.53726
2.50828
2.80344
2.28762
2.03451
3.55519
3.36538
2.84168
2.89886
3.70934
3.15212
2.6876
2.99079
3.13279
2.98691
3.23619
3.98689
4.4482
2.31296
2.67708
2.42827
2.29698
2.0603
2.40762
2.70482
3.1627
1.48786
2.45451
1.89719
2.47833
2.61061
2.43479
2.37385
2.63696
2.59406
2.56514
3.16667
2.6356
2.46314
2.03566
2.17961
2.05221
3.17909
3.10128
2.84103
1.89945
1.71151
1.58554
1.47692
2.51866
2.48166
2.24357
1.75856
2.57809
2.17218
1.98789
2.29117
2.07742
1.8603
2.24746
3.1005
2.54962
2.8601
2.20953
2.90981
2.86303
2.242
2.79113
2.2639
2.27995
2.49483
1.9001
2.33554
3.18567
3.38106
2.81329
2.65349
3.55657
2.97215
2.60659
2.47183
1.36413
1.54684
3.13362
2.39463
2.32682
2.78539
2.05334
2.80405
2.56492
1.8589
1.54532
2.1079
2.3256
2.03386
2.42522
2.87004
2.52014
2.0552
2.68096
2.49023
2.81997
2.34521
1.68539
1.45725
2.72283
2.76876
3.33823
2.89465
1.94514
2.20473
3.5809
1.89519
1.72964
2.89907
3.16965
2.18654
2.35191
1.72748
2.26184
2.04493
3.27545
1.83662
1.32946
1.78305
2.67458
2.40924
2.80226
2.36168
3.06027
3.29973
2.52486
1.53717
1.92247
2.18515
1.97674
2.04375
2.93419
2.87859
3.30392
3.04717
2.27102
1.8185
1.67847
1.61369
1.65471
2.26647
2.46798
2.00263
2.93926
2.08439
1.97371
2.62314
2.72371
2.09641
3.18707
2.66065
1.56964
2.79031
2.53467
1.63835
2.25286
2.65182
1.75716
2.68842
1.56389
1.77036
1.12639
1.78959
2.74633
2.0997
2.98837
1.69456
1.6079
2.4674
2.40519
1.88349
1.35192
1.94707
2.45298
2.51941
1.89468
1.24974
1.91046
1.85982
3.55114
3.90795
2.99282
2.69935
3.038
2.03144
1.11736
2.73981
2.25757
2.6533
2.26184
2.96769
2.43603
3.49804
2.92962
2.3737
2.08645
2.52689
2.60615
1.62302
2.5394
2.32906
3.10297
2.61713
2.44435
2.83612
1.75168
2.24916
3.14771
2.91915
2.95106
3.42873
2.6374
3.60897
2.0937
2.89107
2.81804
2.48302
3.04549
2.65256
3.09294
2.73548
2.23183
2.00026
2.0194
2.87521
2.64601
3.6133
3.79347
1.99426
2.32999
1.62626
2.98051
2.48773
1.23995
1.43566
2.28837
2.62466
1.91453
2.0635
2.59143
1.90144
1.22983
1.80826
2.44316
0.718243
0.541456
1.59623
2.33684
1.96302
3.27493
1.85771
2.1537
2.00194
2.44215
2.28312
2.14124
2.68137
1.97142
1.83517
1.61151
2.34934
1.99695
1.7981
2.31834
2.5557
2.43161
1.80068
0.951829
1.87918
1.51698
2.3487
2.4605
2.25943
2.43227
2.15926
2.31425
1.85475
2.5608
1.55761
2.26607
2.68819
2.38148
1.89425
1.35232
1.4886
2.52716
2.34121
3.10817
2.42124
2.17639
2.05713
2.67039
1.5819
2.41357
2.639
1.90183
2.31973
3.58432
2.77117
3.57509
2.6554
3.68963
2.91856
2.76912
2.03683
2.18214
1.23216
2.20251
2.76666
2.22214
1.69197
1.35021
1.37325
1.43545
2.5596
2.59138
2.50944
3.10435
2.0141
3.59674
2.61883
2.16998
2.61607
2.47301
2.75931
2.88917
2.87685
2.16605
2.26593
2.45491
2.52746
1.92548
2.07979
3.24055
3.2186
3.66691
3.73746
2.53425
2.97497
2.65778
1.75761
1.96719
3.3543
2.0923
1.53654
1.7453
3.49805
3.11705
2.83101
2.22524
2.62028
2.67091
2.86797
2.02493
1.77465
2.12607
2.55096
2.41592
1.73499
1.16587
1.17499
1.69073
1.63882
3.09227
2.65581
1.55068
2.6989
2.93673
2.98658
2.92979
2.28232
2.41611
2.04455
2.09399
2.52811
2.98553
2.14578
2.21587
1.75264
1.9798
1.86003
1.41118
1.91033
1.75005
1.71902
2.03094
2.68385
1.21641
1.83603
1.72822
1.48958
1.26789
1.76438
1.51868
1.93639
1.93409
1.18486
1.83837
1.01532
0.910738
1.09033
1.52902
1.96981
1.47582
1.78091
2.16074
2.57896
2.78731
1.73905
1.38294
1.94375
2.1018
1.27596
0.724847
1.76645
2.70648
2.22665
2.68169
2.61679
1.36553
0.968865
1.74454
1.73173
1.52698
3.00039
3.49147
2.31469
2.32585
2.67734
2.04511
2.82032
1.8473
2.45124
1.58821
1.91002
3.0243
2.67937
2.83597
2.78046
2.48488
2.1557
3.08031
1.47943
2.86267
1.62941
2.65968
2.20092
2.47872
2.38413
2.65065
2.61021
2.53488
1.97817
1.68391
1.37742
1.46549
2.19023
0.732691
1.58338
2.0009
2.28849
2.35694
2.83838
1.5116
1.65719
2.84585
1.74705
1.50441
1.6375
1.89514
1.40694
1.96828
3.09938
1.51624
1.51412
1.90095
2.28917
2.5387
2.87141
2.54607
2.5952
2.97916
1.82138
2.535
1.35505
1.91169
1.95941
2.62927
2.25307
2.60158
1.99586
1.19584
1.95121
1.47568
1.90207
2.12767
1.86203
1.59349
1.4912
1.54779
1.92139
2.0257
0.701233
2.0069
1.62281
1.43701
2.17206
1.89048
2.2839
2.35831
1.52219
2.01372
1.56377
1.91723
1.5036
1.03602
1.75183
1.61505
1.47827
1.99753
0.90055
1.56673
1.53821
1.63766
1.18914
0.748112
1.12685
1.61587
1.48635
1.16804
1.13836
1.59594
1.79403
1.40297
1.49488
1.4579
1.82107
2.20538
1.709
1.02202
2.11133
2.04024
1.80001
1.80736
1.46068
1.6089
1.76945
1.27829
1.72163
1.2557
0.832304
2.00642
1.38714
1.18976
1.57205
0.995838
1.58721
1.24348
1.73758
0.569151
0.728134
1.19663
1.80774
1.16844
1.46324
1.97525
1.85594
2.23257
2.06614
1.46736
2.38555
1.34873
3.13784
2.57757
1.36119
1.87033
1.82169
2.32414
2.25051
1.92868
1.77411
2.5826
2.54996
2.18937
2.16798
2.32073
1.39522
2.23632
1.37125
1.28457
1.11735
2.10553
2.83408
2.69137
1.62955
2.33722
2.09873
2.00896
1.49367
1.56598
1.6907
2.0706
2.49506
1.43625
2.03524
2.75748
2.21504
2.66315
1.69431
1.75948
1.66265
2.12608
1.10131
1.30671
1.11145
1.55706
1.64316
2.08858
1.73133
1.15148
1.4989
1.8642
2.06903
1.70661
1.86748
2.04286
2.14726
2.4119
2.8575
2.95961
2.14239
1.74072
1.0241
1.83272
1.67401
2.66409
2.45882
2.33745
2.30491
2.8466
2.51157
2.72537
1.53268
2.45722
2.94229
2.67084
1.62963
1.68423
2.32942
2.19249
2.16897
2.32744
1.8848
1.86414
1.19743
1.10744
2.64685
1.95418
2.60686
2.47375
2.84471
1.93479
1.89972
1.91095
1.61489
2.33703
0.919335
1.55734
2.32041
1.71147
2.56534
2.47226
3.42872
3.68444
3.21579
3.58989
2.63252
3.41076
3.00044
3.55009
2.57839
3.03613
2.8392
2.4705
2.62498
2.94397
2.04729
1.64806
1.58466
1.35288
2.53157
2.39818
1.86732
1.28296
2.26908
2.13995
2.78487
2.74508
2.59703
1.96231
1.11874
1.4944
2.07773
1.4027
0.886201
2.44383
1.20803
1.57376
2.15339
1.84135
1.22113
1.67236
1.58647
2.04376
1.52724
1.75269
1.62742
1.53611
1.78309
1.66922
1.89339
2.89436
2.08174
2.09387
1.8249
0.603911
2.12208
1.6209
2.45786
1.79726
1.84123
1.07001
0.584214
0.734585
1.72978
1.16384
1.72452
1.81386
2.25587
1.92614
2.95215
2.69688
2.21735
1.37158
2.93415
2.01932
2.63647
2.1926
3.06874
3.42829
2.43016
2.58947
1.8812
2.67759
2.38862
2.22784
2.38237
1.71609
2.5292
2.23915
2.62467
1.79149
2.97693
2.73547
2.42297
2.14161
3.43356
2.89339
1.95029
2.55649
2.25127
1.94894
2.48821
1.94669
2.00499
2.45351
2.80374
1.90725
1.81271
2.34362
2.05466
2.79637
2.1392
1.94871
1.12699
2.00708
2.5271
2.62358
1.73748
1.68893
0.791664
1.2903
2.19578
2.55775
1.58568
0.819207
1.28014
0.349353
1.3127
0.515775
-0.409015
0.583972
1.1788
-0.53249
0.970048
1.0345
0.858336
0.530619
0.604914
0.726156
0.84157
2.17332
1.78461
1.71561
2.52491
1.85157
2.00391
1.45597
1.95565
2.37731
1.48099
1.65591
1.99901
2.18344
1.6619
0.973997
0.83896
1.15898
1.08431
1.15504
1.15805
0.80488
1.69659
0.79005
1.05754
1.35569
1.09393
1.06764
1.57388
2.16883
1.74896
2.12777
1.93237
1.26923
1.03751
0.361574
1.39085
1.20371
1.71262
1.23378
0.639155
1.57897
1.15955
2.27771
2.47955
2.39638
1.97982
1.92633
1.31746
2.38901
2.55208
2.22437
1.44371
2.12571
1.97306
1.67875
2.25995
3.13031
2.23514
4.25446
3.16953
3.21528
2.37774
2.76267
1.80184
2.12831
2.0374
1.68925
1.51548
2.66297
1.86961
0.735433
1.67019
2.18055
2.18413
0.930919
1.55257
0.957617
2.1052
2.1592
2.18881
3.05183
2.88461
3.20967
1.75497
1.78264
1.87987
2.36193
2.7767
2.407
2.09696
2.43041
2.15058
2.11936
1.42502
1.70027
2.13909
2.01992
1.8652
1.91107
1.57938
1.57844
2.87476
1.30545
0.943462
1.15662
0.928442
1.09021
1.76046
1.9582
1.89621
1.26338
1.65905
1.49681
0.80857
2.24783
2.62284
1.49763
1.69411
1.97177
2.11783
1.61168
1.86209
1.87643
1.11407
1.44852
2.28837
1.81131
1.30716
1.84183
1.49
1.92912
2.41722
1.81335
1.96883
1.99309
1.37747
1.74351
0.67271
2.09743
2.613
2.78394
1.54583
1.74432
2.14965
1.95616
1.68813
2.56223
2.23596
2.08448
1.90938
2.33685
1.75676
2.42016
1.39247
1.69396
2.4817
2.61735
2.35515
2.87799
2.11505
1.38022
3.39099
2.74271
2.04899
2.2627
2.11781
2.61878
2.22537
2.11919
3.69854
3.55015
3.62236
2.45305
2.44032
2.48863
2.48435
2.26476
2.61048
2.64578
3.05181
2.3747
2.96889
1.94696
2.36985
2.3018
1.71618
1.86533
1.81678
2.72199
2.32201
3.34481
3.87925
3.65287
3.57676
2.98098
3.38379
3.2565
1.5733
1.73138
1.83016
1.54191
1.54876
1.91169
2.66084
1.91213
3.15053
2.48475
1.78761
1.93475
2.75331
3.61111
3.29938
1.50376
3.06757
2.50316
2.83699
2.57524
3.92427
2.53174
2.77585
3.12957
1.8994
3.61067
2.78336
2.89004
2.96418
2.9299
3.02922
2.45524
3.16906
2.2626
2.06399
1.90478
2.00341
2.85442
3.17883
2.11917
2.30855
2.48813
3.00413
2.59987
2.77686
1.72216
2.83578
2.30449
2.81945
1.50503
2.09905
3.40601
2.32177
2.44645
2.06715
2.3784
2.19435
1.9686
1.16947
2.21023
2.13759
2.51018
2.01529
2.10261
2.16272
3.09362
2.50972
2.73609
2.74241
2.78385
2.17036
2.11689
1.89785
2.7707
2.83315
1.51118
1.72053
1.97211
0.967199
2.66519
2.69203
3.07292
2.21556
2.18865
2.53366
2.10497
1.45415
1.62393
2.51835
2.0489
0.378683
1.95854
2.01339
1.53824
1.71818
1.99378
2.071
1.89399
1.00906
1.57796
1.63481
0.308989
0.948657
0.0522871
1.32151
0.359541
1.78435
1.87753
1.42933
1.49965
1.39674
1.75547
2.13887
2.86141
2.1561
1.76678
2.19117
0.880555
2.10833
2.11066
1.81879
1.79054
2.40239
1.83402
1.43005
0.84173
1.2158
1.58229
2.10355
1.52559
1.58738
2.14553
2.03692
1.59263
2.59167
2.35472
2.6097
2.07423
1.58967
1.25649
2.00001
2.01418
1.90235
1.88051
2.79895
2.16044
1.83219
1.88007
2.16128
1.03373
1.49401
1.50717
1.5629
2.2785
1.96757
2.88147
3.35339
2.48987
1.8056
1.53351
2.18227
2.81151
2.25343
1.86236
2.63826
1.5798
1.1822
1.40693
1.43027
2.33061
2.08094
2.33388
2.51199
2.1254
2.94803
3.02935
2.86405
2.22617
2.17291
1.92129
1.08397
1.90842
1.83672
1.7925
2.5383
2.76478
3.19579
2.75411
1.31221
2.10526
1.01711
1.62982
1.5886
1.83411
1.35239
2.40653
1.84717
1.16015
2.12535
1.88265
2.65373
2.68217
2.05745
3.53689
3.34719
2.94918
3.43151
2.63694
1.97354
2.43121
2.49898
2.92846
2.83342
2.47261
1.93606
2.78706
2.7762
2.13204
3.16764
2.59918
2.67709
1.7752
2.92408
3.35128
2.49045
3.32062
2.63135
2.34743
1.89173
2.56161
2.76059
2.57782
2.1895
3.77967
2.80579
2.85741
3.32097
3.07737
2.47718
3.60895
2.45995
2.76637
2.11811
2.5524
2.14062
2.48176
1.79689
1.02914
1.85689
2.09896
2.00934
2.14384
3.64244
2.9033
3.15679
2.95913
2.16189
2.12858
2.014
2.63174
2.07897
3.4814
3.13883
3.42668
2.61841
3.49259
2.15306
1.73582
2.10811
2.08828
2.75276
2.505
2.09439
2.92147
2.96122
3.07377
1.8855
1.21169
2.65296
2.37229
2.34966
2.72366
3.25574
2.6848
2.81835
2.80484
1.82719
2.58603
2.79398
2.85084
2.15198
3.47875
2.10288
2.16879
1.76679
2.48154
2.2909
1.39414
2.25797
2.45249
2.10233
2.24118
1.30352
1.93146
1.82361
2.6631
2.45231
2.41104
2.06321
2.88745
1.8268
1.92493
2.72481
2.70862
1.41796
1.29003
1.7825
1.66597
1.27972
2.44222
2.14278
2.56933
2.76555
1.40906
2.60679
3.01321
4.24441
3.43811
2.26784
2.79659
3.37843
1.76839
2.64615
3.38446
3.4949
3.71695
2.70799
2.9943
2.82544
1.79848
1.58393
1.77129
0.962597
1.71582
1.63842
2.07798
2.60176
1.88299
3.79525
2.65279
2.91781
3.04188
2.79617
2.66964
2.5235
2.46655
2.31622
2.76114
2.62114
3.49966
3.50397
2.98911
3.27019
3.06942
2.43796
1.80348
1.66559
2.956
2.22546
2.58933
2.55985
3.52951
3.86509
2.64444
2.61693
2.84862
2.292
2.81499
2.48324
2.82812
3.37776
3.44339
2.65594
2.07881
2.28625
2.62011
2.18793
2.8185
3.04963
3.12608
3.29238
3.60593
3.50149
2.39143
2.34187
2.82629
2.96288
3.19653
3.11269
2.90523
2.5529
3.20366
3.52949
2.411
2.0289
2.95356
3.08888
3.54163
2.76222
2.97254
2.42449
3.1855
3.08417
3.85189
2.98536
3.96663
2.71518
2.78148
3.56826
3.12805
3.3421
3.20838
2.9984
2.88774
3.37354
2.93813
3.02916
3.47219
2.87366
2.99524
3.1081
1.76691
3.30501
3.86668
3.75524
3.49097
3.5451
2.35874
3.23846
3.55639
3.23553
2.77929
2.60838
3.36433
3.45282
3.089
2.81163
3.25912
3.12817
3.07315
2.13163
2.66473
3.40132
3.45489
2.71998
2.3138
3.43187
3.24955
3.17047
3.79963
3.81933
4.14406
2.87126
3.14692
3.22278
3.928
4.72511
3.78774
3.88762
3.56692
3.6127
3.03904
3.16443
4.08752
3.54429
4.38066
3.84097
3.99552
4.28431
3.94222
4.04993
3.94247
3.56928
4.58769
3.22625
3.18202
2.56652
3.26171
2.68376
3.01275
3.07181
3.26715
3.47316
2.76011
2.56994
4.10651
3.27105
3.35339
3.08653
2.91499
3.52067
3.50591
2.57594
2.71085
3.47786
2.81997
3.04346
2.33227
2.56325
2.50292
3.06004
2.49842
3.0024
2.65643
2.41455
3.17475
3.78717
3.83838
3.2276
2.74974
3.31761
2.77489
3.58304
4.17676
3.36643
3.66306
3.3565
4.29359
3.53534
3.12172
3.93152
3.29462
3.72414
3.69731
4.42473
3.75544
3.73024
4.6164
4.34117
4.80046
4.32915
4.25878
4.26366
3.45184
4.35365
4.58409
3.97135
3.23566
3.8046
3.90593
3.93629
4.35473
3.49282
3.40037
3.32445
3.79349
3.37905
3.30944
3.7154
3.00576
3.41356
3.29083
3.69652
2.56209
3.3967
3.19045
4.21913
4.04355
3.2495
3.44396
3.42735
3.49767
2.86916
3.24639
3.67873
3.48336
3.47128
2.86536
2.81453
3.36552
3.00492
5.00848
4.09124
2.92496
3.46643
3.29713
3.22059
3.05637
3.35281
2.36921
3.53613
3.28218
3.29958
3.3201
3.43297
3.64009
4.30161
3.42946
3.06029
3.0221
3.27958
3.87688
3.42579
3.26013
3.54314
3.50619
4.18882
3.38855
3.31351
3.81097
2.98929
3.14064
3.21791
3.92405
4.2836
3.0378
3.08274
3.44373
3.76788
3.80006
3.42974
2.92178
3.56174
2.67701
2.78301
2.70132
2.49056
3.37304
3.53583
3.33254
4.36588
3.6891
2.91706
3.31265
3.33857
4.14393
3.50287
2.92221
3.17518
2.41317
2.84223
2.72954
3.36403
2.92175
2.77895
3.51744
3.40498
2.99618
2.92851
3.20596
3.07742
2.88946
3.22611
2.55133
2.76002
2.31452
2.79341
1.90786
2.68289
2.77492
2.99796
2.42208
3.03416
3.6836
2.71212
2.53062
1.7084
1.21172
2.91769
3.37256
2.43475
3.62102
4.07777
3.0938
2.4252
3.25748
3.22524
3.9679
3.73095
4.15855
3.92671
4.25737
2.41949
3.74846
2.79609
3.47099
3.20694
4.2686
3.72928
2.81295
2.73362
3.85883
3.0281
3.83043
3.06984
3.96453
4.34449
3.83317
3.5722
3.49925
3.32845
3.58391
3.55597
3.16288
4.71431
3.96347
3.97135
3.26013
3.73692
3.43939
2.8529
3.23902
2.08472
3.8877
3.9442
4.02138
3.08463
3.92153
3.9683
2.99941
3.03452
3.21793
4.34828
3.71891
2.70066
3.02311
2.70236
4.24583
3.44361
2.35714
2.01843
2.82364
3.64623
3.55128
3.42928
3.89455
3.93813
4.35852
4.12995
3.85596
3.38551
2.11487
3.40139
2.65697
3.51945
4.03314
3.87353
3.58746
2.86674
3.86121
4.25749
3.41767
3.41046
4.39135
2.97493
3.27171
4.0417
4.15333
3.14646
3.2511
4.55566
3.31726
3.27886
3.29049
3.62831
3.11838
3.25289
3.63593
3.1645
4.10879
3.35574
3.25687
3.44169
3.50451
2.93404
2.78208
3.07641
2.73684
3.65181
3.75696
2.83235
3.1635
3.15952
3.61566
2.35582
3.23743
2.85897
3.47619
3.40846
3.43446
3.60058
3.45626
3.45144
3.53795
3.57137
2.78966
2.78867
2.19475
1.91511
2.40577
3.86337
3.38216
3.79619
4.42782
2.64228
3.15405
3.8811
3.64286
3.09094
3.54511
2.91149
3.51538
2.80273
3.12992
1.95326
3.04333
2.63293
3.33614
3.79542
3.28659
2.89508
3.90089
3.08147
3.42443
4.69046
2.94498
2.48322
2.1686
2.5651
2.52626
2.57409
3.2752
2.12926
2.96796
2.59337
2.38072
2.08768
1.95257
2.76201
2.99299
4.43173
4.29427
4.43151
3.96522
3.80522
4.239
3.9682
3.64982
4.0209
4.73096
4.21376
4.75514
4.57555
4.05268
2.81467
3.47769
3.9301
3.93455
4.02518
3.17026
3.84737
2.91888
3.61555
3.62042
4.03125
3.26455
3.29737
3.79387
3.54088
3.98022
3.41439
3.42623
2.8702
3.20821
3.96735
3.27563
3.07751
2.80205
2.79086
3.25396
3.29257
3.51662
2.36151
3.2501
1.99262
3.32975
3.51987
2.64538
2.80655
2.14359
2.7333
2.59336
2.35248
2.81818
3.73951
3.22535
3.59017
3.22714
3.49051
2.96195
2.85598
3.3279
3.60788
4.21065
2.70986
2.70909
3.72249
3.60513
2.80277
2.87497
2.16288
3.01076
2.49158
2.5855
3.16169
2.83458
3.7075
3.92568
3.23376
2.94521
3.69624
2.69203
3.48466
2.26654
2.43661
2.8026
3.17783
3.23386
2.9132
2.51785
2.31906
3.37283
3.30922
3.01008
2.64568
3.36352
2.36592
2.65777
3.2075
3.24907
2.87903
3.26094
2.01023
2.06767
2.62531
2.27834
2.7682
1.08352
2.129
2.81183
2.71402
2.91886
2.38935
2.89826
2.29459
2.45829
2.20484
2.31116
1.68932
2.06648
2.74532
3.0475
3.04905
3.86467
2.77905
2.40283
2.69073
3.48592
3.37735
2.66126
3.3083
2.18198
2.84343
3.26898
3.58617
3.70168
2.78433
2.92182
3.49954
3.08945
3.39387
2.31908
3.50082
2.70119
3.68472
3.1473
2.64698
2.35897
3.4375
2.433
2.68559
3.04568
3.19986
4.1435
3.29283
3.21817
3.26989
2.30257
3.04116
2.1449
3.16745
3.40974
2.77711
3.04881
3.0459
2.59813
2.97385
2.51329
2.91145
2.84873
2.99633
3.80306
3.81143
3.12281
3.51821
2.59967
2.44237
3.03513
2.74582
3.14994
2.99851
3.35711
3.46849
3.65842
3.92322
1.88481
3.47784
3.27178
3.2537
2.292
1.92521
2.16403
2.18596
2.66976
2.515
2.46001
1.84092
2.24718
2.41256
2.32684
1.8596
2.28226
2.24292
2.23467
2.78477
2.39235
2.94508
2.44735
1.8207
2.59051
2.64274
2.56498
2.25504
2.03431
1.35445
2.25063
3.02627
2.03038
1.53763
2.04324
1.80983
1.31898
2.57333
2.93069
2.51259
2.12639
2.54016
3.22674
3.38651
3.40499
2.70324
3.05674
3.39752
3.60625
2.32961
4.1992
4.03943
2.99856
3.83779
2.61743
1.92587
2.5204
2.68887
2.98064
2.33756
3.46132
3.00392
2.47087
3.60597
2.75594
2.78985
2.32911
2.9773
2.20767
2.48773
2.2266
2.55455
3.01999
2.07482
0.666007
2.0011
2.46021
1.74448
1.96226
2.59798
2.24991
3.39329
4.09374
3.98251
3.39028
3.7143
3.25625
3.23208
2.74665
3.9352
3.55864
3.82814
3.24013
3.40463
1.5852
2.86035
3.43584
2.3676
2.22611
2.03926
2.52627
2.62199
2.45403
2.61607
2.59747
2.66488
2.13314
2.00094
2.33857
2.36686
2.48546
1.97787
2.34429
1.9483
2.2705
2.06743
1.83631
1.57064
1.3872
1.57838
1.16966
2.0203
3.08617
2.45373
2.20537
1.58517
3.08714
2.77409
2.23898
2.06276
1.78261
2.09446
0.867027
1.7777
1.69017
1.61204
1.69973
2.55742
1.88782
1.88449
0.992004
1.48993
1.49445
2.47525
1.87878
1.1261
1.51856
2.78697
2.26152
0.802699
2.43924
3.11188
2.00004
2.70315
2.14433
2.84446
0.842707
1.4204
2.32215
2.76625
1.70283
1.12177
2.21016
1.23536
2.09015
2.87686
1.87365
1.22508
1.90344
2.25409
2.47558
2.59079
2.82343
1.13062
1.73294
2.36484
2.42223
1.9105
2.32553
1.99832
1.88944
2.25399
2.46001
2.55057
0.871873
2.71535
2.06703
1.71229
1.6606
1.71389
2.12996
2.3911
0.500384
0.815054
1.78527
2.44569
1.62569
1.77211
1.68415
1.3668
0.899205
1.29649
1.71272
0.77265
0.360461
0.911393
1.43093
1.50257
1.58142
1.3998
1.60871
0.453933
1.73956
2.05849
2.0938
2.10865
2.38608
1.8845
2.19052
1.43751
0.929921
2.29272
2.46423
1.87247
2.43386
2.72025
1.94564
2.47215
1.2946
2.31986
2.0935
2.95269
2.33223
1.72829
2.78163
2.58165
2.19762
2.38574
1.70942
0.822118
1.17266
2.4826
1.1295
2.02238
1.86251
1.61409
1.98565
2.04818
2.35611
3.43532
2.43595
2.29132
3.26787
1.6758
2.06559
2.25282
2.63127
3.40062
2.20843
1.62531
2.25042
2.08037
1.44451
1.36638
1.65107
2.02915
1.75213
2.83863
1.46253
1.33955
1.37511
0.877903
1.05263
1.41674
1.80164
1.77018
1.94173
1.60139
2.72173
3.29977
2.71209
3.67679
2.36669
3.57482
2.18227
2.0944
2.79126
2.45747
2.06604
2.38753
2.99919
2.10078
3.08629
2.37353
1.98788
1.68891
1.99665
2.33016
1.70125
2.43183
2.75207
3.25687
2.39358
2.63322
2.69364
1.9234
2.21614
1.63148
2.32555
2.94297
1.61525
2.6966
2.24758
3.50391
2.45891
2.40086
2.01635
2.47034
2.34058
2.61463
2.4235
2.53108
2.12835
2.13991
2.87595
2.80917
2.60908
2.01649
1.50873
1.04097
1.54959
1.92376
1.63663
2.52086
3.12565
2.7459
2.23444
3.2191
2.72544
1.85578
2.636
1.31459
1.7645
2.49167
3.07212
2.62227
3.36562
3.63051
2.99801
2.94348
2.12376
1.89228
2.12979
2.74195
2.80976
1.63992
1.79621
1.60603
2.83512
2.07691
2.38484
1.17406
1.11698
1.41675
1.87615
2.47537
2.01382
2.11083
1.22954
1.75192
2.18889
0.891798
2.52337
1.90605
1.47865
2.74956
1.73923
1.56347
1.99187
1.68543
1.82458
2.00066
1.56992
2.49543
2.8377
1.96266
3.11719
1.68241
1.84344
1.75686
2.05951
2.18043
2.53898
2.90429
2.575
2.43418
2.22968
2.55213
1.87764
2.56457
2.38735
2.40671
2.75758
2.60294
3.12188
2.46491
3.08004
2.21119
1.69143
2.9174
2.61488
2.34594
1.71818
1.63166
1.31521
2.10391
2.12866
1.83975
1.80327
2.36836
2.74784
2.76525
1.59359
1.46955
2.07798
2.412
2.54409
2.28463
2.82743
2.48267
3.08213
2.63406
2.01443
2.4088
1.34235
2.55353
2.00308
1.807
1.57863
1.37629
2.542
1.84022
2.39374
1.80202
2.37084
2.02191
2.55139
1.79569
2.2555
1.9339
1.25377
2.18863
2.23261
1.5095
2.35823
1.67095
1.66213
2.23805
1.77544
2.21538
2.54471
2.61334
1.59207
2.37194
1.6807
2.18329
2.47443
2.21425
2.20768
1.94104
2.39509
2.68025
2.39686
1.61532
2.03352
2.06241
1.93673
1.84823
2.18293
2.29376
1.40438
1.82857
2.93201
2.33542
2.92873
2.81728
3.10735
2.30949
2.53197
2.47002
3.21082
2.9264
1.80612
2.22103
1.86902
2.6399
1.96431
1.79887
3.15371
2.78256
1.91081
3.21749
1.34499
1.90809
1.86838
1.61655
2.53597
2.03347
1.78018
1.32487
1.97283
1.69543
1.77178
1.74631
1.36674
1.46511
1.84727
2.38392
1.82744
2.66303
2.9229
2.44725
2.50663
2.59623
2.2777
2.34536
1.43028
2.35574
2.43788
2.4471
2.90118
2.96488
3.1126
3.17445
2.56076
3.39607
3.04423
2.23855
2.40212
2.00422
2.70171
2.3883
1.76301
3.36112
1.89892
2.79347
1.75281
2.44574
1.92973
2.84154
2.1822
2.44946
2.6013
1.8532
2.12689
2.30163
1.49707
3.22577
2.24752
1.23535
1.21086
2.39358
2.316
1.83487
1.49687
2.77483
3.06508
2.38397
2.85495
2.94821
3.2606
2.8083
4.12869
3.29562
3.399
3.70854
4.06041
3.77251
3.21561
2.90129
3.11492
3.36361
4.10643
2.81206
3.37039
4.26575
2.68353
2.79498
2.70172
1.88113
2.30206
2.37001
2.05051
2.19823
2.44891
3.5621
3.09021
3.3128
2.85439
3.12974
2.68617
2.74376
2.59764
2.93664
2.62481
3.05634
2.62529
3.20051
2.75205
3.89281
3.50799
2.6817
1.57541
2.62486
2.55152
2.10569
2.33398
2.5359
2.68352
1.43036
1.75745
2.49188
1.96492
1.20101
2.17364
0.904593
1.7699
1.66338
1.39218
1.91457
1.99624
1.05619
1.57456
1.35544
0.710206
1.96967
2.01396
1.01916
0.948691
1.26105
1.818
2.4458
2.12099
2.19196
2.67033
2.86282
2.21159
2.17157
2.31779
3.44382
2.86759
2.39626
1.09286
1.04134
2.10753
2.51658
2.14487
1.28008
1.95829
1.43677
1.78282
1.8338
2.99589
1.94827
1.29729
0.907829
1.53885
1.58373
1.78099
1.18841
1.06123
2.00989
1.5319
1.59141
2.3732
1.74767
1.69906
0.798237
1.51438
1.67446
2.36321
2.58548
3.12209
2.82728
2.38723
3.07004
3.21342
2.52899
2.1706
1.78879
2.07684
2.09262
1.66685
1.93288
2.47775
2.95221
2.60051
2.57039
2.51181
2.41856
2.4061
2.29863
1.63565
1.74588
2.24916
3.06134
2.83933
2.07964
1.60842
3.31569
4.1998
3.13134
2.2748
2.69032
2.90743
2.55856
3.09193
3.11127
3.25387
3.32092
3.4566
3.31029
2.93041
3.44793
3.01339
2.97518
1.9907
3.57294
3.07816
2.94836
3.71617
3.85765
3.32248
2.46474
2.69022
2.61363
3.2786
2.301
2.21598
2.47055
2.64295
2.4285
2.59725
3.12084
3.39115
2.94253
3.3785
3.14497
3.36494
3.73647
4.05922
3.47206
3.91386
2.79852
2.20042
2.43659
1.94411
2.72539
2.00199
3.16421
3.11172
3.17793
2.85155
2.69099
3.00994
2.31033
1.57936
3.18135
2.36395
3.31314
3.09251
2.85633
2.98525
2.7276
2.56691
1.6292
2.90637
1.96691
2.88398
1.90022
2.51752
2.09193
2.75961
1.85858
1.46259
1.40325
1.9207
1.59755
2.02166
1.32574
2.66868
2.16069
1.38149
2.27387
3.22075
3.32639
3.59902
3.58462
2.82404
2.36721
3.68743
2.90989
3.04978
2.17998
2.49549
2.44872
2.54229
1.6747
2.58366
1.90136
1.98316
1.83442
2.08778
2.26092
3.87056
2.39463
2.24671
2.59074
3.01514
2.94051
2.19413
3.45403
3.50976
2.2054
2.63239
1.78023
2.21866
2.06599
2.80314
2.25595
2.71621
2.4525
2.64286
3.00994
2.98212
1.92599
2.45387
2.72186
2.83889
3.0063
2.74009
3.254
3.0239
3.34403
2.72739
2.64391
3.14653
2.32365
3.33358
3.25184
2.62235
2.15579
3.1342
3.68802
2.64813
3.17802
2.32553
2.72694
3.75003
3.82771
3.16418
3.35281
3.7504
3.30315
4.10514
3.39345
3.16977
2.75158
3.28542
3.07284
4.61267
3.82553
2.95576
4.4216
3.51317
3.17934
3.65493
2.58303
2.70394
3.455
3.46237
2.14948
3.20125
2.41401
2.60352
1.99604
1.50908
3.02962
2.53937
3.1804
2.87194
3.05954
2.80717
3.17661
3.55547
3.34202
2.84572
3.09777
2.33141
2.70828
2.60269
2.43164
2.61289
1.89076
2.57431
3.22277
3.23507
3.60719
3.26498
3.05255
3.16919
2.86424
2.78588
2.78114
2.2678
1.96843
3.35903
3.10726
3.24236
4.42241
3.34537
2.15165
2.24155
2.3216
2.58295
2.56099
2.99207
3.75561
3.68624
2.97265
2.91461
4.46052
3.65308
3.83926
3.45423
3.30122
2.79912
3.15485
2.71434
3.12835
3.30997
3.64388
2.43512
3.3005
3.39258
2.69347
2.60073
2.48025
2.88845
3.07893
2.71323
3.36149
2.94685
3.04539
3.08891
3.83537
3.45225
3.77361
4.17085
3.52024
3.41711
3.14121
3.6264
2.9415
1.13207
2.07381
3.61227
3.37879
3.22009
2.386
2.50859
3.10668
2.69109
2.15998
1.88776
2.30124
4.00349
3.10073
2.23197
2.17852
2.70717
3.11111
3.12066
3.76493
3.35094
3.06657
2.60088
3.10317
3.54015
3.87156
2.95728
4.1366
2.71503
3.8014
3.40021
2.74027
3.32333
2.94504
2.76593
2.35605
3.04528
3.61713
3.43755
2.96927
3.21621
2.76259
3.61851
3.31804
3.00291
3.8833
2.95239
3.11749
3.27775
3.07752
3.45693
3.84946
3.83558
3.93036
3.97193
3.38381
3.66391
2.53162
3.35348
3.59157
2.98706
3.68871
3.91127
4.36023
2.61638
2.71755
3.35483
3.95881
3.81395
3.51147
3.05509
1.74226
3.17722
3.80178
3.25392
2.76311
3.4433
3.06875
2.99739
3.26583
3.15533
3.26061
2.90087
3.4857
3.996
3.23019
3.14584
3.75774
3.78065
3.92161
4.46852
4.81386
3.4639
4.21301
3.31613
4.13413
3.65819
3.31004
3.7213
2.98541
3.11459
3.35458
4.05255
3.31801
4.21901
4.1332
3.65425
4.04045
3.90433
4.28136
3.96633
4.40429
3.7568
4.03848
4.80831
5.017
4.35762
4.13502
3.89343
4.44788
4.2884
5.25746
4.48685
4.3855
4.52056
3.49072
3.83909
3.45717
4.14208
3.82948
3.20953
3.56614
3.34025
3.38472
3.48292
3.93909
3.7134
3.24478
3.02877
2.35047
3.50851
3.21568
4.14837
3.62547
4.79865
4.91169
2.75403
3.11728
3.35926
3.33539
2.58421
3.86066
3.3948
3.04587
3.39079
3.89711
3.61788
2.62784
3.76139
4.20693
3.94444
5.02803
5.32539
4.44846
3.55537
3.95076
3.69077
4.29913
4.15355
4.30042
3.61805
4.01603
3.70452
3.81612
3.09267
4.92196
5.09909
3.93332
4.10733
5.27199
4.11223
3.87017
4.28547
3.51344
4.27113
3.57179
3.86314
3.61086
2.96901
2.20636
2.46031
3.5316
3.98776
3.95012
3.02242
3.41384
3.49736
3.44162
3.78847
3.82167
4.36847
3.99065
3.19452
2.76615
3.14928
3.42377
3.00199
3.55115
3.52313
3.7498
2.89397
3.678
4.32067
3.25627
3.83326
3.35716
3.21919
3.2452
3.37504
2.59585
3.49204
2.07227
2.64618
3.35362
2.69743
3.3999
2.27257
2.92198
3.09787
3.62979
2.72629
3.55844
3.96972
3.58281
2.93161
2.62195
2.70808
3.98967
4.05648
3.49967
3.66289
3.4481
4.16248
3.4956
4.72972
4.02306
3.88322
3.38637
3.67519
4.04244
3.28458
3.58639
2.62092
3.18353
3.1806
2.831
2.89145
2.88115
2.77426
3.66002
4.00871
4.53008
4.03547
2.56389
2.97421
3.62127
2.60047
3.11352
3.38923
3.89396
2.96085
4.24402
3.32561
4.04434
3.73103
4.11854
3.52252
3.94011
3.03814
3.11138
3.48212
3.23639
4.15945
3.98041
4.25424
4.3108
3.95637
3.55291
3.35506
3.19344
3.54052
4.0068
2.44956
2.9795
3.31151
3.36724
2.8002
3.59565
2.85262
3.16978
2.90131
3.3384
2.64233
3.85083
3.10125
3.19989
3.11424
3.62304
3.63905
3.88701
3.96086
3.83367
4.74279
3.92479
4.16305
3.61637
4.16028
4.24494
4.80658
4.34204
4.71892
4.58805
5.51267
4.36955
5.10029
4.30344
4.87175
4.32291
3.87921
3.90373
4.12683
3.63213
4.62399
3.8744
4.69636
3.79096
3.76562
2.94745
4.07909
3.67592
4.84257
4.68437
4.42442
3.94101
3.84047
4.34109
3.67707
3.69207
3.43615
2.91606
3.56342
3.55348
3.71596
3.42861
4.40597
3.95172
4.27261
3.59124
4.09776
3.41918
2.63061
3.38658
3.4167
3.08686
3.54674
3.42607
4.13487
2.80144
4.04277
3.48962
3.82257
4.03298
3.16855
3.12561
3.68024
2.82883
2.84198
3.91561
3.00029
3.17842
3.37733
2.71826
4.76403
4.7013
3.64374
3.62129
3.73025
3.90988
3.6886
4.76888
4.41668
3.68394
3.89435
3.87108
2.87301
3.272
3.34287
4.0077
3.01687
2.80869
2.69718
3.62573
3.18355
3.07844
2.79848
2.98594
3.31486
3.13383
3.11497
3.78343
3.16649
2.86088
2.75722
3.19959
2.92869
3.49835
3.3301
4.05386
3.6551
3.14298
3.94722
3.18008
2.74753
4.03832
3.89943
3.31913
4.02256
4.10508
3.15046
3.67031
2.23883
3.4861
3.45699
4.51253
4.29035
3.87263
4.37933
3.99011
3.40381
2.65239
3.57311
3.01606
2.79644
3.75431
3.67774
3.56848
3.54696
3.64569
4.29442
3.06135
3.5782
3.28628
3.34953
3.6498
3.33638
3.14202
2.26637
2.66311
3.13473
3.1972
3.01262
2.73465
2.8029
2.67952
2.54807
2.81648
3.74374
2.97319
2.67791
2.62182
1.73865
1.97851
2.39239
3.57179
3.36374
4.03556
3.98805
3.57024
3.38345
3.17531
2.34333
2.30218
1.93481
2.25477
1.40666
1.53756
1.8344
2.47564
1.64236
2.6423
2.59883
2.53855
1.4311
2.71103
2.53701
3.0293
2.63326
2.11376
2.79451
3.15822
2.48773
1.94199
3.19819
2.57741
2.68969
3.18923
2.88431
3.80404
2.99334
2.85583
2.88242
3.20727
2.7483
2.33353
1.60648
2.94463
2.86215
2.0321
1.22653
2.23868
2.4913
2.42772
2.08446
2.1694
1.78277
2.26709
2.51055
3.22654
2.37029
3.41916
3.54107
3.69267
3.17801
2.80535
3.71416
3.37292
3.29759
3.21602
3.6374
2.67884
3.68165
3.22751
2.6634
2.60516
1.92411
2.19319
1.85142
1.4288
1.61625
1.61196
2.35767
3.27681
3.68853
3.99996
3.58111
2.87988
1.50999
2.45734
3.11499
3.18814
2.76208
2.90029
2.35486
1.3768
1.69795
2.46203
2.68955
3.14589
2.70317
2.70666
1.81239
3.23618
3.00517
2.94755
2.51199
2.96936
3.34545
2.68704
3.46155
3.94579
4.20187
3.19287
4.09433
2.7415
2.71972
2.38658
2.69596
3.89858
3.26231
2.92187
3.17689
2.94921
2.74912
2.62886
3.58284
4.36302
4.10709
4.04793
3.18495
3.48713
2.99258
3.348
2.82178
2.47397
3.59742
4.42024
3.73194
3.07657
3.26688
3.62373
3.82151
2.17905
4.09138
4.68014
3.6358
4.69434
3.55856
3.12605
2.83152
2.88123
3.06541
2.78975
2.87676
4.2403
4.2576
4.75211
3.24545
3.49324
3.53179
2.79351
3.25167
2.80138
3.36669
3.22171
3.5215
3.53331
2.75816
2.51076
2.98252
3.48225
3.00311
3.4362
3.86065
3.02951
3.19018
2.88878
3.32765
2.97011
3.23957
2.31737
2.56022
2.95094
3.49103
3.20446
3.21383
3.23978
3.35252
4.15399
3.79036
3.03539
2.92417
2.97503
3.84581
3.87695
3.93977
2.97172
2.7687
3.66855
3.65497
4.22305
4.44294
3.88646
3.48736
2.95844
3.41004
1.96813
3.22854
3.71071
4.37935
3.67551
3.34509
3.58116
3.66603
3.49545
4.14005
3.85607
3.73181
2.87911
2.70547
2.42318
2.41522
3.20547
3.48866
3.5837
3.91249
3.21241
2.91207
2.49826
4.08812
3.51481
4.23747
3.20278
2.9864
2.99577
3.55831
2.8743
2.06402
2.89164
2.91967
1.85941
1.45365
2.63351
2.36796
2.42861
2.92347
3.29885
2.9017
3.31808
3.22288
2.44748
3.14439
2.43916
3.18879
1.92444
3.13415
2.73435
2.45446
1.77993
3.46174
3.37755
3.29538
2.77849
2.62195
2.58039
1.96088
2.04118
2.97804
2.64405
2.5139
2.71065
3.44092
1.37557
2.02413
1.89405
1.95537
2.25481
2.80753
2.5519
2.4562
3.20031
2.64036
3.45749
2.9005
3.12158
3.14202
3.28064
3.23639
3.18756
3.46815
2.85215
3.62173
2.93691
3.37217
3.10502
2.8755
3.29007
3.16436
3.17807
2.76945
4.19857
4.49311
3.99702
4.78057
3.5307
3.77356
4.5897
4.26778
4.03581
4.94597
4.10018
4.31077
3.43742
3.23483
3.00858
3.78359
3.16016
3.48377
2.99416
2.75243
2.97901
2.83191
3.14901
3.08231
4.02364
2.32321
1.92815
2.23363
1.40376
0.633387
2.92846
2.58
3.009
2.75489
2.69548
3.13382
2.45775
3.08496
3.27945
3.22553
2.15668
2.58755
2.43274
2.34347
2.73175
3.53248
3.32574
2.14747
2.476
3.31813
2.45093
1.8619
2.05794
2.55457
2.96057
4.09556
3.02951
3.32336
3.62662
3.90158
3.66791
3.26278
2.21863
3.17478
2.86084
2.28465
2.94115
3.10747
3.64742
3.48109
3.48609
2.58813
3.2331
2.38219
3.06143
3.14066
2.19794
1.62348
1.45094
3.35708
2.07002
2.26586
2.48782
2.99934
2.99189
3.64085
2.89369
2.54547
3.54841
3.28767
2.68876
1.8508
2.40798
2.00938
2.52762
1.19899
2.4691
1.96461
2.41362
2.30541
2.64684
2.40204
2.45914
2.30025
2.68766
2.13361
2.70364
2.69684
2.71275
3.16287
2.15663
2.23586
3.0454
2.14013
2.1469
2.45787
2.73597
2.29873
3.0655
3.50962
3.61426
2.67114
2.40965
3.21578
3.03351
3.25275
3.24904
3.28454
2.86228
3.21163
3.56657
2.97223
2.01702
2.20774
2.83416
3.11801
2.78855
2.29197
2.94662
3.39209
3.31684
3.24201
3.48432
3.85988
2.1117
2.60868
3.41187
3.22197
2.70208
2.85976
2.99427
4.0377
2.09417
3.33841
3.47891
2.05058
2.1687
1.93855
2.66914
2.55408
2.60213
2.59456
2.3427
2.31695
2.44654
3.03876
2.77016
2.05306
1.37791
1.47917
2.43436
2.9379
3.21683
3.4049
3.7081
1.94622
3.75079
3.14329
2.7148
2.4894
3.67643
3.26034
2.71321
3.16974
3.43326
2.96686
3.55722
4.82567
4.61097
5.34719
4.44971
4.60782
4.04135
3.48585
3.64071
4.27359
3.13599
3.43511
2.6461
2.99549
1.75672
1.91446
2.10378
1.78026
1.65618
1.80463
1.18642
1.9757
2.4017
1.79249
2.30338
2.53579
2.63787
2.23894
2.68768
3.24725
2.36561
2.79545
3.31993
2.94906
2.54609
3.09619
2.89249
3.33738
3.22921
3.18388
3.42464
3.9354
3.19004
2.36225
3.04778
2.6848
2.17682
3.06525
2.93282
2.69027
3.51784
2.67762
1.91852
2.08365
3.3894
2.49283
2.71159
2.35223
3.08275
3.9762
3.3759
3.86334
3.75526
3.99902
3.59352
3.65461
3.6769
2.58485
3.55516
3.00995
2.67736
2.8888
2.94218
2.46874
3.07059
3.66353
3.47408
3.74843
3.81711
3.53515
3.44914
3.49368
3.19564
2.61767
2.4914
3.28556
3.41463
2.22314
3.20037
3.82382
4.03876
2.34328
1.91578
2.57033
1.55148
2.01015
2.71728
3.666
3.303
3.22049
2.83814
2.84919
2.66673
2.90771
2.9003
3.52615
3.15245
2.4738
3.10815
2.37062
2.71233
3.07981
3.07523
2.65477
2.54591
2.95493
2.24456
1.94565
2.06049
4.21089
3.30785
2.4801
3.70364
2.86032
2.76404
2.16605
2.56421
2.73257
3.29582
3.17025
2.95141
2.93665
2.38343
2.38954
1.40386
1.95562
2.71247
3.04139
2.71029
2.61771
2.68498
3.42996
1.92944
2.60076
2.59267
2.34324
3.01086
3.10956
2.1917
2.18193
1.66448
1.09708
2.17031
1.4851
1.05173
1.86787
1.5633
2.03454
1.8269
1.99379
1.39923
1.72716
2.73805
2.03027
2.41238
1.46041
2.05641
1.70549
2.83395
2.56106
2.49958
2.42438
0.823813
2.2475
1.71302
2.2379
2.40906
2.2756
2.03107
1.34818
1.35545
1.85836
1.24052
1.55236
1.38976
2.97205
2.15284
2.3511
1.63281
1.59786
2.1945
2.7159
2.57729
1.29021
1.33202
1.64371
2.24883
2.27438
2.75289
3.01453
3.1695
3.92616
2.6811
1.99128
1.73122
2.22267
2.12533
2.08344
3.69175
2.47642
3.27094
2.29355
1.80772
2.36105
2.01862
2.75172
3.42753
2.5068
1.74125
0.743971
1.1974
1.82474
1.57871
2.85377
2.48486
1.91834
2.22997
3.54019
2.49941
1.86114
2.75232
2.51432
3.01391
2.64587
2.35746
2.14076
3.06431
2.31559
2.76996
2.46889
2.90677
2.59265
3.23529
4.00437
3.13917
2.89003
3.13041
2.44577
2.08716
2.95615
2.10482
2.06935
3.05254
2.72736
2.9982
2.66967
2.88608
2.2929
2.44447
1.82475
2.06711
2.58766
2.16341
1.77857
2.14064
1.71715
1.29533
2.11819
1.86583
3.28712
2.7046
3.41295
2.88246
2.88329
2.83278
3.45692
3.64847
3.74251
2.80807
3.1121
2.901
3.75736
3.16423
4.33106
3.16773
2.67038
2.7211
2.57677
4.20331
3.74832
3.64091
3.7362
3.39289
3.5863
4.14286
2.70844
3.57554
3.93271
3.2221
3.17497
3.97397
3.58177
2.79316
3.1017
2.79343
2.14996
1.7647
1.90497
3.48606
3.22989
3.38466
3.15099
4.19048
3.60039
3.51218
3.56006
3.05417
3.58093
2.91495
3.60199
3.13572
3.64884
3.1883
2.47944
2.38285
2.53352
3.04102
2.61197
2.73014
2.7396
2.7021
2.27357
3.47539
3.28119
2.56464
3.10133
3.01721
3.44338
2.75746
2.63083
1.97281
2.02407
1.33322
2.06881
2.64609
2.26184
1.92283
2.41879
3.25894
2.35022
3.24509
1.97256
2.51615
2.26452
1.80474
1.98936
2.39306
2.55272
2.43368
2.937
2.885
2.8588
2.97046
2.45283
2.35463
2.83684
2.60397
2.98894
2.17966
1.57093
2.67192
2.06493
2.2969
2.71892
2.34235
1.63587
0.950264
1.66274
1.86909
2.95085
2.05874
1.6388
1.68371
2.29127
3.06498
2.28924
2.59777
3.26908
2.49261
1.70392
2.27834
1.75672
2.3168
2.19527
0.710847
0.632225
1.91708
1.42256
1.21345
2.14406
1.94916
2.02243
1.29179
1.66262
1.42938
2.8415
2.49961
1.44204
2.20551
2.47506
2.58922
3.41715
2.91485
2.57761
2.37777
2.4826
1.80087
2.73647
3.30425
3.22499
2.27142
2.59762
2.60655
3.15229
2.27254
2.21114
2.2537
2.46535
1.83302
1.814
1.85581
2.05572
1.78319
2.26586
2.7251
1.65304
1.11581
2.15123
1.66399
2.71545
2.33222
2.5695
2.10018
2.0693
2.8345
2.42354
1.73148
2.8544
1.44355
1.24164
2.21907
2.51926
2.88989
2.33211
2.16596
2.46725
2.54482
1.86084
1.66766
2.95815
2.94085
3.08985
1.94323
2.09996
0.908958
1.32888
2.38872
3.19888
2.66486
2.54971
2.57494
2.56366
2.39516
2.56505
1.63613
2.38349
2.33906
2.03452
2.29717
1.78673
2.4698
2.33431
1.89442
2.59911
2.265
2.76708
2.82666
2.34269
2.25778
2.5678
2.07909
3.64091
2.45559
2.48961
3.11918
2.44257
1.90178
2.0582
2.47959
1.81183
1.59909
2.27686
2.27122
2.30984
1.86126
1.74763
3.20757
3.90247
2.03243
1.82472
2.83999
3.85697
2.34171
3.15565
2.64393
3.40163
4.19283
2.68843
2.54045
2.62331
2.39457
3.0143
2.7772
2.58308
3.12219
1.96599
1.32303
2.12825
0.789379
1.63166
2.26309
2.29449
3.30437
2.50185
3.04663
2.12397
2.36932
2.86244
2.44467
1.60522
1.16829
1.32535
1.73344
2.38995
2.14501
1.90281
1.69868
2.02676
2.13497
1.80529
2.08963
1.46162
2.16041
2.49551
2.16681
2.13902
3.19086
2.6886
2.81229
2.53091
2.00075
2.29455
2.2248
1.97119
1.30421
1.73448
2.30686
1.66052
2.58544
2.481
2.52666
3.85885
2.47271
3.20362
1.90363
2.23857
2.30657
2.25093
2.13347
1.72248
1.48261
2.61517
2.16942
2.52735
2.29592
1.54517
2.75058
2.84341
2.18772
2.83833
2.05103
2.48117
2.31889
1.39603
2.35369
2.12043
2.16334
3.12051
3.08249
3.39587
2.6146
2.43903
2.71321
3.11242
3.22919
2.79499
3.22647
3.07651
2.92669
2.85987
3.46357
2.54587
3.80128
3.04693
2.91034
2.14334
4.37367
3.86229
3.20437
2.11149
2.11134
1.98742
3.11171
2.51005
3.15713
3.03093
3.81703
3.15635
3.65113
3.22764
2.23136
3.80391
4.42711
3.84181
3.66436
3.40975
3.19728
2.69509
3.14296
2.44899
3.28794
3.21753
2.98105
4.15336
2.38702
2.94848
4.20049
4.34503
4.16028
3.76053
3.24621
2.66851
2.07931
1.23346
1.86629
2.37161
2.6307
1.68772
2.34393
3.92567
3.21132
3.23807
3.43146
3.38239
2.91579
3.15588
2.58168
2.45874
2.95363
2.09935
3.20179
2.95289
2.95497
2.81762
3.4992
3.43524
2.86801
2.14841
2.80692
3.65783
2.71059
2.83159
2.74693
1.99532
3.89535
2.07956
2.86917
2.36915
3.43788
2.71271
2.43394
1.86806
2.62297
2.62779
1.84655
1.74604
2.04902
2.94316
2.16314
3.70734
1.62607
2.6681
1.86906
1.43174
2.56381
2.78905
2.42578
3.02427
2.32997
3.0129
2.3648
2.78995
2.45509
2.36381
3.26309
2.25207
2.56575
3.43384
2.29602
2.11477
2.45649
2.10706
1.17198
1.52484
2.01207
1.82986
0.915408
1.21714
1.35559
2.39278
1.81666
1.40054
1.70628
1.78633
1.35399
2.03849
2.70236
2.39165
3.23232
1.86108
2.15368
3.17754
2.37256
2.68953
2.82919
2.64967
2.06186
2.86193
2.6812
2.36092
3.07222
3.0363
2.03916
2.10683
2.16647
2.61332
1.60825
3.13673
3.43765
3.28586
3.41086
2.18069
3.10756
2.72016
1.93421
2.45776
1.42872
1.30099
1.35737
2.00202
2.71068
3.06825
2.61561
2.2741
2.07957
2.1741
1.04095
2.03814
2.58178
3.09834
2.89164
2.78871
2.65498
2.10925
2.20672
2.51505
2.51641
2.06019
2.43173
2.31363
2.46424
1.83416
2.8447
2.75799
2.26468
3.1345
3.08693
3.31618
3.16666
3.56304
2.74945
3.60825
3.32819
4.02442
3.53491
3.49874
3.47315
3.7703
3.71539
3.52641
3.09238
2.91184
2.74301
3.57542
3.61223
3.37806
1.82605
1.44286
3.67979
2.57351
2.542
2.45939
2.94667
3.20509
3.01876
2.70816
2.88333
1.25518
2.19988
2.50065
3.6528
2.92271
3.20617
2.57781
3.26945
2.3898
1.52144
1.82997
2.83639
2.4766
2.91987
3.13436
2.99381
3.96854
3.6536
3.25068
3.01511
1.80978
3.34313
3.02515
2.57956
2.88675
2.85823
2.96025
2.73952
3.24563
3.57645
2.29262
2.74563
3.32684
3.12541
2.29765
2.66556
2.7961
3.42304
3.54757
2.75256
3.80801
2.57641
2.88161
3.08323
3.10604
2.8619
2.79528
3.8365
2.12782
2.07094
2.63962
2.25558
2.6946
2.48747
2.30295
2.11155
2.45929
2.66608
2.63905
2.55755
1.97807
1.20525
1.67918
1.9108
2.25451
2.4192
1.63964
1.80702
2.51726
1.59211
2.39594
2.9632
2.7217
2.27171
1.98522
3.13437
2.36169
2.42236
2.10211
2.94502
1.82875
1.97446
2.28985
2.87943
2.34768
2.95782
2.77218
2.81594
3.11871
1.89809
2.40802
2.62322
2.399
2.62802
1.91242
2.80977
2.3517
1.67958
2.54227
2.6154
2.77413
2.80482
2.84719
2.18983
1.38643
2.25743
1.47521
1.93481
2.36549
2.30426
2.30816
2.4124
1.27333
2.12286
2.60986
2.10075
1.64278
1.68848
1.89508
1.23859
1.77432
1.56469
1.52029
1.56978
1.87204
2.29121
2.10847
1.85705
1.55106
1.75009
0.698957
1.61212
1.29446
1.58487
1.89701
1.74761
2.49114
1.8539
1.85464
2.72058
2.22764
2.6486
2.20038
2.09284
1.46596
2.21972
1.90987
2.80806
3.37781
2.53792
1.98136
2.49868
1.77304
1.78573
3.08256
2.90651
3.1814
2.78268
1.8619
1.46358
1.3268
2.49387
1.92867
2.46692
2.11618
2.21542
1.94854
2.01821
3.69403
3.47428
2.46731
1.99141
1.47003
1.2214
2.10699
2.54136
2.80785
2.97986
3.11099
2.52559
3.06768
2.44692
3.08018
2.33914
2.74248
2.46523
2.6319
2.49908
3.08226
2.22016
2.95684
3.55692
3.16753
2.8797
2.6647
2.25397
2.38017
2.38068
2.79575
2.18256
2.94451
2.56938
3.24902
2.94065
4.50147
3.20579
3.66237
3.12957
3.6823
3.99979
3.7302
4.11758
4.08075
3.47343
3.11139
3.39906
2.94061
2.78502
2.82668
3.41785
3.18891
3.44621
3.39554
3.54587
3.36527
3.14677
3.13762
3.14143
2.91817
3.37809
2.34193
2.8075
3.22541
3.30763
3.37851
2.80323
2.90815
2.63844
2.95333
3.5722
3.45917
3.26451
3.56657
3.53318
3.15008
3.78631
1.90586
2.94299
3.27237
2.53753
3.22413
2.65024
2.84674
2.36138
3.05737
2.8165
2.2636
2.48328
2.35375
3.15727
3.1859
1.98356
3.02921
3.35138
2.44092
2.06844
3.50118
2.32183
2.61141
2.59387
3.85044
3.54302
3.47735
3.30889
2.85491
2.11176
3.27261
2.79011
3.30155
3.29707
3.30933
2.76154
3.60571
3.28423
3.0789
3.92536
3.34573
3.62455
3.07591
2.63865
3.093
3.13309
3.62415
2.81352
2.89079
1.9655
2.24206
1.66763
2.39033
2.742
1.95665
1.20063
1.09833
1.73833
1.87943
1.68042
1.84744
2.00552
2.90004
2.96526
2.60498
2.85532
1.51067
2.79087
2.19637
2.2425
1.60723
2.62307
3.341
2.27009
2.15068
2.39997
2.23468
2.75343
3.08981
3.24502
1.89308
3.27239
2.43958
2.39457
2.02038
1.5973
2.58168
1.89022
2.03593
1.69418
2.7403
2.12581
1.70714
1.69123
2.34943
2.41554
2.05698
2.20995
1.87134
2.21367
2.70222
2.39408
2.60224
2.14298
1.97331
1.79658
1.78841
2.17984
2.557
1.0281
1.47239
1.87208
1.1308
0.903275
1.43583
1.94107
2.47651
1.83659
1.46457
1.82932
2.0573
2.75764
3.07055
2.31947
1.96746
1.23381
1.72394
1.07626
2.31351
1.45457
2.51125
1.99073
1.56213
2.5536
2.44901
2.94851
2.93058
2.32227
2.65762
3.14281
2.66738
2.67495
2.15551
1.90586
1.82526
1.31972
1.82584
2.34683
1.85163
2.20557
1.64373
2.10328
2.21839
0.933472
2.39891
2.23718
1.04433
2.25708
2.58447
2.20257
2.30316
2.40381
2.65166
2.79985
1.69292
2.10077
1.80362
2.31221
2.60671
1.97725
1.84291
2.65847
2.0222
2.57405
2.28993
2.05085
1.89355
2.38274
2.2383
2.21144
2.0305
1.79354
0.968766
2.11981
2.07611
2.34392
1.97645
1.04642
2.27914
1.86005
1.68441
2.32933
2.10135
3.15221
2.24416
2.58218
1.85997
2.40642
2.46459
1.8479
2.21172
1.71501
2.61351
2.59387
2.27052
1.78721
1.50158
2.13717
2.8266
3.36376
3.15372
3.22474
2.66538
2.92205
3.48902
2.4611
2.89116
1.75729
2.77627
2.65155
1.92833
1.84755
1.62049
2.36954
2.46895
2.4634
2.75782
3.45697
2.50475
2.41146
2.42878
3.29628
3.58741
3.17108
3.8433
2.57318
2.4038
2.48833
2.26136
2.65528
2.3751
2.34804
1.61494
2.41686
2.58996
1.82042
2.07878
1.69903
1.08642
1.33594
2.25941
2.53515
2.18323
1.99149
2.56196
2.17509
1.83019
1.36869
2.09805
3.22572
2.96519
2.8378
1.70005
1.86361
1.50148
1.91517
2.25548
1.68811
1.71325
3.12601
2.58934
3.12433
2.39722
2.72383
1.82745
1.56626
2.63013
2.24543
2.1081
1.8175
2.23409
2.92032
2.85215
3.14198
3.35913
2.22192
3.19216
2.78466
2.76233
2.71644
2.0975
2.07438
3.22973
3.73891
3.42717
3.30572
1.36699
2.40387
2.71205
2.31609
2.1521
2.21294
2.34207
1.55692
2.07016
1.75529
1.55989
2.17582
1.39622
1.26119
1.26414
1.72066
1.72367
2.71654
2.74926
2.23534
1.55748
1.17985
1.58013
1.15315
2.16018
1.46078
0.414039
2.25113
1.51853
1.89435
1.5941
2.03886
1.64993
1.87327
2.14019
2.41159
2.03775
1.85692
1.11693
2.42269
2.91434
1.27384
1.44573
0.832242
1.0679
3.15492
2.2349
1.90019
2.59189
2.04667
1.3217
2.12977
2.45066
2.54814
3.61581
2.39786
2.51692
1.71083
1.59706
2.13771
1.64999
1.39625
1.29866
1.75717
2.30072
2.91049
2.50564
2.6381
2.94449
2.51927
2.93775
2.36521
1.61821
2.36742
2.87117
2.18978
2.08993
1.99652
2.93672
1.48814
1.61848
1.97422
2.36002
1.85451
1.98132
2.30768
2.63965
2.54306
1.89858
1.8102
2.3631
2.05454
2.52354
3.43303
2.91296
2.80915
2.01483
1.85664
1.4329
2.45462
2.11737
2.76804
2.27038
1.98795
2.81136
3.25489
2.23012
1.9379
3.53452
2.92025
2.70298
2.92726
1.96065
1.79928
1.49071
1.37025
1.85661
1.44627
0.970931
1.47201
1.94423
2.71849
2.7976
1.86624
1.8222
2.18592
2.96796
2.89024
3.31551
4.4633
2.83673
2.69484
3.8806
3.30597
3.13635
3.16607
2.9587
2.77379
1.95803
3.19427
2.68537
2.45512
2.31585
2.74838
2.78897
3.44279
2.62984
2.62285
3.16007
2.97236
3.12517
2.64721
2.14742
2.52188
1.21571
1.73797
2.05296
2.44885
2.4954
1.73293
2.30162
2.73248
2.94021
2.46273
1.8917
2.68845
3.29168
2.62759
2.69855
2.37247
2.349
2.40322
2.65608
2.3428
3.49244
3.44919
3.1477
2.60289
3.34736
3.28717
3.00178
2.54406
3.12348
3.04675
3.76296
2.29045
3.43933
3.66459
2.82667
4.08954
2.59544
2.45205
3.10366
2.54087
2.77375
3.30638
3.57562
2.0873
2.87249
3.81621
3.13941
3.35965
3.34503
3.82533
4.5284
3.84788
3.43654
3.63024
2.77446
3.65514
2.84791
3.46728
2.77471
3.05886
3.90207
2.59626
3.04471
3.00474
2.55345
3.74367
3.49973
2.60885
3.07161
2.30224
1.48733
1.91683
2.10643
1.79875
2.36627
3.06916
2.40079
2.58892
2.83728
2.97947
2.43432
2.72116
2.17017
2.00831
2.93746
2.84681
2.17461
2.9207
1.49711
2.49544
2.05488
1.90043
2.23257
1.74521
2.43618
3.12169
3.58655
3.13146
3.20191
3.82628
3.30012
3.80585
3.36681
2.71086
3.39127
3.6437
2.76528
2.74475
3.78013
3.05026
3.17462
2.70112
2.35879
3.2647
3.5993
3.51024
4.00702
3.27124
3.14726
3.42286
4.46764
2.90272
2.50879
2.25582
2.11448
1.77014
2.39992
2.38878
1.68507
2.96832
2.68415
1.98807
1.84283
3.13807
1.11617
2.2006
2.49426
3.0102
2.7447
2.26824
2.80771
2.83161
1.50497
2.5128
3.13803
2.73484
3.51106
2.78873
2.95133
3.01538
3.67277
3.57726
2.47744
2.23091
2.40279
2.91693
1.46684
1.92185
1.87812
3.09495
2.13026
1.76194
1.77937
3.24814
3.18534
2.95499
2.61776
2.19498
2.5569
2.35466
1.91393
1.90717
2.31132
2.16063
2.07063
1.71362
2.85839
2.61616
2.28205
2.2715
2.04418
2.3327
2.26881
1.74931
1.64784
1.95777
3.0791
2.08926
2.76119
1.79851
2.79926
2.40463
1.96438
1.66761
2.59645
3.78561
2.27987
2.37644
2.66805
2.92507
2.41502
2.57955
2.51538
2.65903
2.96914
2.55144
1.772
1.68374
2.38856
3.34351
2.92144
2.67404
3.21589
2.60921
1.98497
2.41496
2.97398
3.31881
4.05464
3.7264
3.92035
3.69061
3.54578
2.20756
2.09244
2.40207
2.52672
2.96857
2.82099
3.49476
3.04946
2.0026
3.12735
3.0349
2.76345
3.00064
3.52499
1.92277
2.11156
2.62312
1.94763
2.31919
1.69602
2.06421
1.50496
1.75102
2.39703
3.16468
2.56712
2.14691
1.37409
2.62306
2.42847
3.53008
3.45905
3.11092
3.39575
3.32858
4.57771
3.38681
3.23879
2.31268
2.16387
2.1975
3.25213
3.06739
2.54718
2.5755
3.37169
2.42042
2.7866
2.05596
3.85805
2.59969
2.74117
3.94529
3.27506
2.16634
1.92935
2.50212
1.56904
2.83759
3.32631
2.3022
2.75313
3.15274
2.96872
2.26475
2.49339
3.00082
2.24931
2.87351
4.40179
3.35325
3.84223
3.15968
4.34584
3.54892
4.05463
3.59104
3.18827
3.16831
2.88664
3.01224
3.4823
4.43629
3.85312
3.72946
3.22145
2.80023
1.72115
2.44826
2.89695
3.24152
2.66961
2.91243
2.77531
3.2723
1.89285
2.1489
2.92265
2.26955
3.65852
3.53207
3.05346
3.46401
3.69529
1.58023
2.50945
2.46895
3.34771
2.58303
2.81955
2.48244
2.94235
2.75625
2.81471
3.12996
2.02283
1.68711
3.30459
3.71428
3.94139
3.75884
3.31167
3.72044
3.05189
3.15635
2.91868
3.20175
2.7493
2.99132
2.77335
2.93714
3.08008
3.00194
2.85729
3.46546
2.70238
3.20463
2.5678
2.26803
2.8049
2.70438
3.09312
3.20115
3.47035
2.79299
2.72542
2.61225
2.23524
2.91964
2.41543
2.71056
2.85952
1.88612
2.95127
3.75341
3.61595
3.14403
3.29646
3.05496
2.8702
2.33628
2.84274
2.51174
3.27555
3.26637
3.17322
3.58066
2.83512
2.11065
1.85499
2.96519
2.77168
3.11277
2.63395
3.17041
2.63113
2.65915
1.57014
1.78797
2.4422
2.04354
2.26134
3.08751
2.60721
1.41408
2.05154
1.96604
1.8196
2.2914
2.89649
4.06232
3.56313
4.10197
2.86095
3.05924
3.99537
2.89482
3.1317
3.70093
2.96947
4.42484
3.21954
2.48786
3.07901
3.62151
3.03636
2.16037
2.93947
3.42854
2.84485
3.12048
2.22468
1.4497
2.68183
2.67176
2.13457
2.19469
2.3009
2.62535
3.31765
3.18915
2.44251
3.32944
2.96884
2.95223
2.96064
3.17391
3.24229
2.27254
2.17359
2.23015
2.79275
2.87497
2.64046
1.90366
2.00395
2.52501
2.5506
2.70762
3.03382
3.61099
2.93486
2.77833
2.25585
3.70541
4.51196
2.97821
2.34551
2.74255
2.73287
2.85325
3.03812
3.08002
2.82688
2.33602
1.66646
1.60461
1.14501
1.79621
1.92484
2.57137
2.93132
2.55294
2.16323
2.55565
1.70274
2.04542
2.6043
2.5529
2.89483
2.91755
2.38469
1.66276
1.93792
2.45249
1.94508
3.04619
3.15752
3.05323
3.55926
2.64206
2.15397
2.64633
2.25734
2.50467
2.56384
1.98912
2.07888
2.71928
2.87596
2.93818
2.70629
2.6187
3.11478
2.82855
2.94919
3.13806
2.58919
2.13948
2.19407
2.13059
1.94758
2.54397
2.92778
2.71026
3.41701
2.45406
3.0085
3.53949
2.12514
3.50847
2.49893
3.50974
4.09182
3.12144
2.87891
3.4193
3.09063
3.03962
3.41559
2.37786
3.38205
2.966
2.07532
2.40559
2.60655
3.4773
2.9652
3.66008
3.37415
3.12898
2.51139
2.95749
2.79029
2.38674
2.3197
2.095
2.51059
2.79085
3.31218
2.12531
2.30188
1.69155
2.01655
3.32032
3.24075
2.83136
2.56843
2.92982
2.82307
2.76979
2.63921
2.99598
3.33584
1.76287
2.3674
2.55055
1.66712
2.86732
3.85892
2.93302
3.14149
3.31161
3.57504
3.37753
3.49922
3.77141
3.36047
4.9323
5.55925
4.70639
3.53818
3.45302
3.396
2.80018
1.72445
1.87413
3.03195
2.62735
3.05082
2.82807
2.37092
2.54198
2.54592
2.74329
2.37202
3.03359
2.94819
2.5592
2.45249
2.5112
2.32874
3.098
3.24677
3.18407
2.90257
3.00233
3.73744
3.74915
3.48066
3.73286
2.99695
3.57043
2.49344
2.00304
2.73638
2.96344
2.24454
3.87555
3.00302
3.16824
2.42061
2.83034
3.64048
2.93074
2.44553
1.94412
2.62208
2.62127
2.78024
3.41209
3.10273
2.0558
1.9589
1.438
2.8755
2.90771
3.61374
2.64417
2.43969
2.67665
3.08353
2.51717
2.54754
2.23704
0.68601
1.57312
2.60857
3.10904
3.59108
2.68163
2.79128
3.10218
2.83799
2.74518
2.91692
3.49623
3.82376
3.10026
3.19723
3.60178
2.90019
2.78335
3.05016
3.17895
3.46719
2.29415
2.28657
3.26004
3.20963
2.77092
3.34163
3.1909
3.89992
3.14101
3.06146
2.73362
3.11895
3.17021
3.76325
3.11596
3.83656
3.68481
3.67602
3.8479
3.42349
4.28405
2.80648
3.40951
3.24233
2.96359
3.45758
3.19518
3.16117
3.74611
2.59804
2.58051
2.426
2.80311
3.0294
3.10571
3.45706
3.4273
4.12846
3.29215
3.26903
2.94315
2.13786
2.38209
2.85289
3.91175
3.55478
3.65685
3.43084
3.59927
4.43524
3.29703
3.46227
2.74136
3.61209
3.17411
3.88002
2.34799
2.88619
3.28702
3.14348
3.34939
2.97319
2.46008
2.91165
3.47676
2.61928
1.751
1.86591
2.02851
1.52094
2.52583
2.54782
2.44239
1.76057
2.1206
2.94833
1.59461
2.1897
2.42018
2.76581
2.67297
2.9391
3.44326
3.40679
1.7466
3.323
2.94667
3.48672
3.12069
2.84531
2.30151
3.21203
2.45309
1.89693
1.98811
2.60392
2.95955
2.09086
3.3981
2.33435
2.56001
3.19888
3.55404
3.39002
1.95455
2.42128
3.4132
3.64431
2.26419
1.8709
2.41549
1.69238
2.93888
2.73096
1.86349
2.48742
2.77465
2.87318
2.2804
2.82743
2.45762
3.2041
2.90393
2.9969
3.78773
3.11764
2.88854
3.20805
2.87308
2.3288
2.64429
3.76422
2.21752
2.6141
2.98415
2.46335
1.55051
2.61222
2.48478
1.73459
2.26059
1.52495
1.24452
2.99302
2.62399
2.93176
1.10983
2.44483
1.29676
1.24637
1.76198
1.49537
1.92876
1.68221
2.11188
2.31874
1.66828
2.61398
2.42829
2.34729
2.30401
2.25385
2.90996
2.5263
2.70286
3.30945
3.21548
1.54565
2.25985
2.3321
3.8311
2.93641
3.12329
2.34899
1.96565
2.15276
2.51258
2.08631
1.71862
2.79767
1.95629
2.84988
1.42784
2.02615
1.73297
1.52332
2.90933
2.438
2.78203
2.49338
2.46353
2.94818
1.96483
2.15415
2.03522
1.95335
2.35485
2.7974
2.03985
2.18298
2.69898
2.69027
2.76101
2.21328
2.95929
4.10194
2.51308
2.73513
2.85473
2.39451
3.21425
2.85377
3.75899
3.1341
3.51076
3.43428
3.48351
3.95002
3.35423
3.25617
2.96408
2.63891
3.11405
2.57612
3.30063
2.73388
2.27559
3.77094
3.42606
2.14421
2.31121
2.10164
2.30731
2.67673
1.75439
1.11015
1.35244
1.78025
2.32106
2.73543
2.68594
1.30584
2.21568
2.82791
2.61431
2.93048
3.83594
4.23083
2.42881
2.39079
3.38158
3.19231
2.76825
2.56553
2.07041
2.10778
2.53393
2.05379
3.27773
3.598
3.75759
2.4702
2.64465
2.9432
2.48597
1.92435
2.44436
1.64686
