2.42559
1.63991
1.33724
1.53666
1.34885
1.93838
2.26829
1.71536
0.518035
1.30543
1.40547
1.22634
2.27088
1.01569
2.54082
1.66866
2.18704
2.51088
2.7586
2.11319
2.56848
2.41882
1.3672
1.44393
2.81817
2.15252
2.27697
1.86272
2.42079
1.40067
1.60035
1.62474
1.79074
1.67241
1.53229
0.59244
0.724565
1.92004
1.46179
1.16339
1.37578
0.36757
1.23692
1.15892
0.295047
1.37994
1.10886
0.538224
0.94884
1.08315
0.885701
1.38434
1.48384
0.834797
0.119464
-0.307806
1.32861
0.496686
0.230037
-0.0324403
0.813625
1.2073
0.940018
0.933502
1.75964
0.407932
0.525402
1.24074
1.89259
1.57786
0.86634
0.500641
1.56346
0.681175
1.20679
0.372758
0.604641
0.83473
0.810947
1.05082
0.43465
-0.096738
-0.626665
-0.244471
0.603957
0.469836
0.37872
0.424197
0.0281401
0.508155
0.316343
-0.683465
0.38286
0.517341
1.04954
0.256643
-0.139555
-0.540061
0.081116
-0.0819535
-0.170298
-0.0582664
-0.568025
-0.60942
-0.426468
-0.837182
0.119913
-0.464616
1.24852
1.08729
0.359948
0.265502
-0.554354
0.337177
-0.474991
0.45011
-0.330249
0.354194
-0.650842
0.0706277
0.487218
0.905443
1.60218
1.70498
0.527493
0.18434
0.320072
-0.216817
-0.247316
-0.0873869
0.49133
0.929573
-0.0752259
-0.0323128
0.844482
-0.176756
0.63698
0.681071
0.892346
0.935111
0.0887833
0.0641225
0.256722
0.235627
-0.109859
-0.332957
0.103809
0.182205
0.668622
-0.836707
-0.47405
0.0209291
-0.326091
0.500769
1.30259
0.318374
0.219651
0.941545
0.427428
0.307203
0.606172
-0.10176
1.0607
0.114799
1.08136
0.840301
0.8433
0.918895
0.918578
0.55084
0.46539
0.835397
0.358507
0.749918
2.44147
0.878221
1.96862
2.4159
1.90499
2.26707
2.26586
0.859379
1.52129
0.785228
0.413385
0.363707
1.46043
1.63408
1.36394
1.00558
1.81685
0.692569
1.27938
1.24505
1.16288
1.88051
1.83056
1.13241
1.56525
1.25157
0.914242
-0.198733
0.527362
0.652724
0.722964
1.10343
0.703731
-0.24419
0.968846
0.38995
0.757614
0.708841
0.0606162
0.366624
0.711203
0.0346485
0.0483945
1.63962
1.00357
0.226845
0.61615
0.453263
0.147831
1.04777
1.10044
0.408996
-0.289124
0.395816
0.63966
0.0152923
0.979106
0.55426
0.982991
0.706392
0.444007
0.202765
0.629021
1.28948
0.887661
0.220571
1.15402
0.2571
0.467953
1.2393
0.917672
1.51117
1.84436
1.42207
0.819414
0.824704
1.11718
1.36664
1.58323
1.19441
0.915431
1.45048
0.745984
0.639767
0.264925
1.10612
0.582159
-0.146626
0.524241
0.907125
1.01869
0.830798
0.608318
0.964524
0.670451
0.591829
0.194277
0.576635
-0.332233
0.370749
0.88806
0.812149
0.870361
1.75551
0.753893
0.534327
0.39082
0.0369003
0.0322022
0.275672
-0.217335
0.207509
0.72523
-0.0871097
0.560538
-0.0296129
0.69688
0.569921
0.292913
1.57914
1.24187
0.97831
1.2238
0.514098
-0.273319
0.556789
-0.189035
0.207971
1.06177
0.896671
1.23113
1.52347
1.60243
1.10195
1.87413
1.47188
-0.194105
0.392332
0.735564
0.487537
1.75054
1.33181
1.47219
1.02909
0.604076
0.817991
0.603089
0.621738
0.802192
1.46117
1.34446
1.57534
2.09447
1.04963
0.417608
-0.136329
0.556861
-0.229247
0.581759
0.529711
1.08356
0.842655
0.70892
0.814274
0.328632
0.745875
1.06771
0.461455
0.794582
0.410904
1.16482
0.510077
0.637787
0.0503902
-0.537618
-0.102209
0.103442
0.855088
0.960896
0.0643769
0.953846
1.12711
0.952061
0.484176
0.0833565
1.26045
1.06325
0.374509
0.60557
0.657708
0.884277
1.76928
1.56232
1.18378
1.22587
1.49782
1.05848
0.57772
1.20035
0.318796
-0.511145
0.00967648
0.421377
0.388102
-0.56332
-0.195065
0.791427
1.58822
1.41707
1.09265
1.55025
0.792213
1.52508
1.30164
1.7594
2.02533
1.51053
0.659619
0.620204
0.871223
0.537958
1.10622
0.576551
0.896377
1.23484
0.868839
2.14106
1.457
1.14982
0.539749
1.27608
1.43079
0.587357
1.79137
0.723446
1.62304
0.870747
1.12079
0.834754
0.554276
0.591014
0.784397
0.569446
0.352029
-0.470685
-0.47229
0.158438
0.0620952
1.28418
0.787667
0.00365266
0.766574
0.666839
1.21274
0.395369
0.334159
-0.286699
0.789305
-0.316743
0.330755
-0.159175
0.437014
-0.590239
0.129806
0.162162
-0.210732
0.533752
0.902396
-0.355433
0.288961
0.256707
0.108992
0.450639
0.133455
-0.0393715
1.18293
-0.336894
0.766614
0.330901
-0.640253
-1.13354
-0.621239
0.711491
-0.387235
0.0767476
-0.296375
-0.0183674
0.539656
-0.597169
-0.139361
-0.022389
0.281521
-0.982866
-0.102896
0.00201572
0.292868
0.742625
1.37365
1.2328
1.08519
1.17042
0.297335
2.25336
0.893157
1.05188
1.65843
0.967199
0.448924
-0.664947
-1.08945
-1.01929
-0.745789
0.43874
0.441302
0.772667
1.23024
0.721226
1.02191
0.858832
0.60276
0.262108
-0.0822049
0.233526
0.665207
0.76557
0.310372
-0.133792
0.655535
0.244783
0.0841086
-0.530813
0.294903
0.114906
0.483594
0.940616
0.207224
0.0556069
1.10901
1.60215
1.10935
0.740542
-0.0937309
0.374863
0.21009
-0.252426
0.80052
0.311432
0.316643
0.627276
-0.101725
-0.180809
0.668434
2.28599
1.81503
-0.104024
0.266188
0.791355
0.708397
0.266073
1.20084
1.88365
0.407459
0.522383
1.58862
0.989055
0.232772
0.292227
0.0766698
0.374184
1.43448
0.98645
0.0533607
1.49956
1.41874
1.71859
2.02744
1.87919
1.20935
1.54908
1.81166
1.08989
1.25647
0.598231
1.26222
1.52278
2.2034
1.87209
1.83682
2.53008
0.541001
1.09335
1.54326
1.18544
1.95312
1.68707
1.99438
1.72899
1.9862
1.37061
1.83339
1.35735
1.79172
1.06182
1.58539
0.222556
0.742464
-0.0448054
-0.0687586
0.318248
0.400283
0.960646
-0.0996128
1.15183
1.22948
1.26198
0.438843
0.843674
1.12404
1.08259
0.730521
1.3194
1.24305
1.23288
0.603901
0.599645
0.955228
2.08158
1.14343
1.44883
1.19567
2.09898
2.05412
1.19908
0.831462
1.27213
1.75795
0.885703
1.92407
1.92741
1.51057
2.14073
0.402583
1.83967
1.75712
1.70495
2.02727
1.02802
0.82829
2.11417
1.84164
1.40472
2.10587
1.50586
0.846979
2.11632
2.23451
1.94958
1.94545
1.86827
0.297299
0.123867
1.37444
1.37894
1.29188
1.71924
1.12098
2.70538
1.67706
1.59937
1.74485
2.00493
1.96013
1.61023
1.05164
1.07207
1.74487
1.49856
1.42575
1.99488
1.30094
1.48373
0.834447
1.01739
0.359175
0.509976
0.584484
0.868273
0.633296
1.65997
1.10067
1.22306
0.168525
1.13458
0.687826
0.533258
0.526986
1.26673
1.716
1.64515
0.351346
0.80053
0.39177
1.13527
1.77841
1.72227
0.984035
0.353963
-0.122394
0.441902
0.607228
0.862665
0.8674
1.52313
1.5373
1.34985
2.29799
1.33721
0.133209
0.772783
0.424817
0.827561
0.452326
0.462552
0.199754
0.121368
1.31749
0.486107
0.382357
0.345981
1.39502
0.581494
0.0669061
0.201904
0.972338
0.916281
1.59698
1.23825
1.90638
0.455166
1.10042
0.702438
0.87045
0.183584
0.971632
0.841694
0.895281
0.854728
1.49534
0.397247
-0.117396
0.359411
0.376137
0.11436
0.76772
1.06929
0.544779
0.103737
-0.957842
0.754484
0.408198
0.713746
0.179452
-0.133872
0.548526
-0.0101762
-0.3026
1.49429
0.657857
-0.0847097
0.632112
0.256371
0.796297
1.08488
0.814227
0.174731
-0.0342465
0.796508
1.24894
1.71081
0.133645
1.13588
0.472442
1.113
0.318698
-0.00672436
0.729272
0.356205
0.21919
0.812348
0.901494
-0.0695004
0.0313844
0.985632
0.123827
0.654174
-0.00138979
2.3997
1.20394
0.432546
-0.832136
-0.204506
-0.0453673
0.0626897
0.33522
0.300645
-0.651347
0.042112
-0.00503228
-0.207812
1.10511
1.45344
0.385157
-0.752529
-0.0284769
0.0903967
0.721567
1.25089
0.827633
1.30242
1.50174
1.50498
1.38304
1.22756
1.33892
0.621065
0.298526
0.554974
0.310919
0.753041
-0.154521
0.343169
0.71826
1.39348
0.289837
-0.15372
1.17094
0.820518
0.801435
1.12478
0.87675
1.26611
1.54841
0.245523
0.137707
2.47711
2.01089
1.60561
0.628905
0.877904
1.44111
1.24062
1.43494
2.39189
2.30934
0.898173
0.596052
1.15841
1.92729
1.91358
0.930198
1.34824
1.14949
1.70753
1.68235
1.44432
2.59015
1.55615
2.34901
1.46835
1.80243
1.415
1.43347
1.61684
1.17162
1.51156
1.97682
1.75755
1.76265
2.36097
1.80233
1.54685
2.24522
3.46612
1.88981
2.03176
1.84459
2.00703
0.723707
0.855498
1.32222
1.9405
1.37693
0.996311
1.42232
1.1567
0.592917
1.25139
0.741672
2.13434
1.30364
1.1646
1.18094
0.895963
0.342536
0.416066
0.391309
0.890535
0.626349
0.436364
0.976517
0.888545
0.506198
-0.297972
0.529833
0.300522
0.379231
0.55847
-0.0182932
1.153
1.36536
1.09057
0.935388
0.923079
1.86473
1.73102
1.07857
1.2203
0.799132
-0.119382
0.86879
1.22426
0.615163
0.821429
0.371004
1.18652
1.08047
0.993184
1.83273
1.84967
2.43973
2.07795
2.37056
2.0357
2.06613
1.46614
0.948771
0.871523
1.40044
0.891772
0.70076
0.739847
0.949653
1.03456
0.718946
2.2205
1.65997
1.88832
1.0114
1.70637
1.21552
1.29329
0.951493
0.803313
1.25227
1.18053
2.04275
0.475355
0.728846
0.628519
1.73605
2.20288
1.5611
2.04954
1.31336
1.1672
1.41202
1.73922
1.537
0.827199
1.46825
0.81414
0.821817
1.37711
0.9634
1.43935
0.738284
1.23441
1.03171
0.747099
1.05238
1.91871
2.61263
1.01087
0.937578
1.38224
1.59743
1.43482
1.67623
0.783297
1.63769
1.1702
1.04764
0.729911
1.1399
1.15957
0.495218
1.13383
1.25913
0.524555
1.24638
0.873443
0.251322
1.10614
-0.343864
1.09859
0.514275
1.13571
1.09702
1.46587
0.875979
0.314979
1.19018
1.91721
1.60785
2.62076
1.52054
0.427142
1.73698
1.51584
1.53609
1.22577
2.00463
1.87784
1.10389
0.429744
0.57535
1.25906
1.97338
1.33677
0.861315
1.17988
2.03006
0.79394
1.3511
1.22588
1.02927
1.05691
1.08491
1.55238
1.42409
1.9451
1.25241
1.19976
1.20341
0.519355
0.685814
0.137559
0.649308
0.825889
0.465809
1.28279
1.01768
1.75
1.16784
1.60526
1.63123
0.682129
1.384
1.28712
1.47857
2.49577
2.18454
1.6396
1.97076
1.62282
2.50562
1.80674
1.93591
1.67166
0.998599
1.47152
0.718424
0.481708
1.19898
1.54703
1.79687
0.477663
1.55632
1.23802
1.65506
1.04621
1.50515
1.77403
1.52304
1.25769
2.66262
1.53772
1.72051
1.95678
1.79191
2.52632
0.830691
1.12916
-0.0257941
0.415833
0.974073
0.447276
0.475096
-0.0030772
-0.0547979
0.496943
-1.3212
-0.55333
0.129006
0.289789
0.400713
0.621858
1.34275
0.393696
-0.0211185
-0.141451
0.541862
-0.252621
-0.402517
-0.0167074
0.946926
0.591708
0.250651
0.272231
-0.00805657
-0.371751
0.115531
0.719941
0.505867
-0.160493
0.757552
0.32824
1.25055
-0.0502552
0.143065
0.620541
-0.126914
0.0457393
-0.596619
0.241297
1.18603
0.628379
0.752649
0.725299
0.387308
0.982568
0.863375
0.799289
1.18643
0.958613
1.10998
0.930972
0.77509
0.802046
0.680098
0.479754
1.64484
1.30928
0.751454
0.433163
0.52189
-0.158198
0.504056
0.817695
0.46868
0.569253
1.56603
1.65961
1.3134
0.393776
0.761564
1.19112
1.04293
1.92544
1.81153
1.25054
1.58461
1.29777
0.711374
-0.00402098
1.20966
1.01987
1.01363
0.904038
1.31068
1.45489
1.40687
1.58608
1.90881
0.719128
1.677
1.72181
1.06088
2.08108
1.69157
1.95813
1.55638
0.753516
1.30097
1.19733
0.648837
0.156776
0.599043
0.782797
0.831388
1.35
1.29243
1.15588
1.9891
0.738704
1.07074
1.27297
-0.174934
0.856893
0.67551
0.394307
1.29465
1.11844
1.30272
1.66992
0.838941
1.15848
1.23758
0.92172
0.0789682
0.778799
1.22755
0.607968
0.532964
0.00250838
1.04933
0.650329
1.49776
0.355418
0.575123
1.41513
1.70682
1.37028
1.49282
1.1242
0.48163
-0.384221
0.920003
0.884732
1.75172
0.858121
1.52577
0.830284
1.40905
0.676263
0.902004
0.031446
1.30375
0.203192
0.0588897
0.828652
0.869071
0.808309
0.0723893
0.56027
1.0341
0.082625
1.29937
0.62712
0.518823
0.626203
1.4098
1.98225
1.97339
1.49707
1.39016
2.14036
0.598175
1.37109
1.2553
0.776755
0.769788
1.84279
1.26899
1.20472
0.851851
1.20243
1.65731
1.43931
1.02282
1.35169
2.30223
1.12554
0.508431
1.25349
1.72109
1.23601
1.85962
1.51821
1.51238
1.42139
2.55372
1.42256
1.21669
1.53358
1.31473
2.19764
1.76551
1.45818
2.49246
1.63539
0.194586
1.53043
1.35561
1.91636
1.64721
1.27821
1.0374
1.29765
1.29686
2.15709
1.64904
1.57778
1.94233
0.954441
1.1383
0.87427
0.915811
0.953521
1.81278
1.92111
2.26047
0.702165
0.8663
1.25034
1.48541
0.703618
0.908029
0.208869
1.01065
0.184652
0.681986
0.682503
1.13875
0.99296
0.828518
0.836623
0.423291
0.5733
0.263202
1.28445
0.911959
0.859086
1.43469
0.816379
1.162
0.771261
0.344955
1.39237
1.20533
0.748582
0.698516
0.873565
1.59457
0.938173
1.02279
1.72581
1.37444
1.55648
1.16504
0.671495
1.42048
1.19658
1.44196
1.28629
0.291393
0.401445
-0.441594
0.502644
1.12924
1.29204
2.04939
1.29401
0.726675
0.400979
1.31267
1.76656
1.58874
1.85376
1.73052
1.33128
0.293129
0.924487
1.1982
1.21416
1.36534
1.05739
1.32376
0.729197
0.936164
0.92763
1.2542
2.05925
0.517899
1.10859
0.258136
0.403801
-0.633243
-0.290767
0.598882
0.323101
0.638259
0.928171
1.44079
2.33464
2.42267
2.42141
1.75479
2.24942
0.14237
1.28796
1.29793
1.4579
0.782836
1.87026
2.83442
1.72722
2.362
3.18107
1.46832
0.914563
1.16321
0.992316
1.46127
0.182588
1.13889
1.77053
1.58463
1.96114
1.5718
1.28599
1.09307
0.739053
1.11595
1.11277
-0.282599
0.690027
0.515903
0.803781
-0.456132
0.474763
0.675936
1.98229
1.5563
0.95656
1.32282
0.666067
0.939851
1.8022
1.71599
0.876478
0.8195
1.87691
2.3052
1.67074
2.6205
1.49431
0.846655
0.908468
1.34032
1.85599
1.63543
1.42025
1.28935
0.726556
0.716712
1.7355
1.61923
0.53637
1.99722
1.16885
1.06972
1.01445
1.66131
1.05072
0.772686
1.05635
2.05242
1.15321
0.317681
0.900862
0.952276
0.836623
2.21682
1.28921
0.575101
0.842172
1.00168
1.12227
0.825305
1.45241
1.64869
0.869478
1.80713
1.68207
2.03063
1.51534
1.45378
1.55846
1.19343
1.22457
1.67056
2.17328
1.36227
1.17556
1.87735
1.46383
0.856423
0.594943
1.3838
0.653848
1.19099
1.54483
1.82882
2.02903
1.55956
0.421616
0.788083
1.93531
1.86308
1.91823
1.35388
0.61925
1.46982
0.97727
1.13129
0.856604
1.67018
0.613291
1.33984
0.59338
1.38578
1.50634
1.95711
2.10106
1.61116
1.34105
1.20136
1.23782
3.021
1.49803
1.89169
2.16328
2.70176
1.5588
1.5221
2.00792
1.32503
1.75548
1.73509
1.67486
2.43567
1.73576
1.04789
1.1321
0.855782
0.974179
1.74886
2.17788
2.21198
1.11133
1.65115
0.970902
1.77588
1.96782
1.99347
0.837474
2.23048
1.97691
1.86912
2.52298
0.56779
1.89313
1.91687
1.92723
1.84758
2.28784
1.6649
1.17452
1.45065
1.30771
1.46991
2.04804
2.2369
1.47219
2.32817
2.13499
2.40474
2.7635
2.62796
2.46763
1.64689
1.52493
0.833004
1.95832
2.16458
1.39393
2.29884
1.95532
1.34493
3.07549
2.17896
1.82094
1.92238
2.27628
2.36295
2.99909
2.59303
2.61822
2.8736
2.02492
2.58663
1.6212
1.4003
2.40273
2.63892
1.85786
1.95325
2.19649
1.13233
1.51604
1.41745
0.707504
1.42948
0.994177
1.11875
0.956246
1.91788
0.845214
0.683601
1.84861
2.69816
1.52027
1.49159
1.08103
0.56728
1.83498
2.49803
2.03324
1.32399
1.82649
1.28225
1.84534
2.32376
2.21535
2.16262
2.11294
2.82739
2.04533
1.48409
1.92964
2.16566
0.871903
2.28158
2.37288
2.36457
2.02806
2.35289
1.9797
1.77271
1.06134
1.84543
2.31902
2.18049
1.51563
1.45223
2.389
2.14167
2.59518
2.04363
1.78782
2.04752
2.68722
1.28575
2.31959
2.15607
2.67518
2.313
2.21198
1.97585
1.59954
1.92758
1.89617
1.25038
2.20402
1.41184
2.42588
2.11049
0.787885
1.00413
1.73028
0.809248
2.01841
1.7481
1.78389
1.61301
2.2377
0.861366
-0.509427
0.752412
0.382244
0.233716
0.653824
1.0354
1.82917
0.569856
1.00155
1.45799
1.47325
1.87502
0.726998
2.20397
1.80236
2.05045
0.789874
0.0358394
1.6366
1.19744
1.32477
1.82465
1.54785
1.64517
1.92376
2.6755
2.54887
1.98799
1.74868
1.20045
0.724402
1.11202
1.64577
1.40469
1.01719
0.389719
1.30239
1.20695
0.660423
1.28984
0.742984
1.71142
1.50096
2.69728
1.40658
0.539394
1.60904
0.884821
0.790189
0.904578
0.989226
1.18464
0.833934
0.597675
0.502761
0.761566
0.535032
0.901963
-0.117553
-0.391236
0.332289
1.03656
1.24391
1.74487
2.50333
2.56936
2.37683
1.26314
1.93725
3.07157
2.3601
1.81132
1.12521
0.525745
0.92669
2.64133
2.44703
2.80112
1.78531
2.08746
1.74408
1.69845
1.72425
0.86543
1.67121
2.27529
1.5172
0.981495
2.28839
1.44929
0.736032
1.08123
2.02239
2.16071
1.6072
1.15364
1.72809
1.15154
0.362912
1.50821
1.36565
0.49062
0.0866199
0.833602
0.902862
1.41554
0.796324
0.717695
1.43686
2.41334
0.677397
1.54907
1.50283
2.44855
2.04278
1.71479
1.00675
1.47495
1.21526
1.21801
0.771243
2.21441
1.66723
0.699899
0.751291
1.20494
1.45607
1.41242
1.10258
0.757078
1.40264
1.1967
0.362808
1.45476
1.18796
1.1935
1.54805
1.96432
1.78508
0.904822
1.83631
1.03382
1.05232
1.14316
1.12055
0.557288
0.846685
0.446329
0.775782
1.22191
0.856942
0.647292
0.741472
-0.032096
1.37644
1.34139
2.04227
1.88108
1.41273
1.1223
0.690159
0.796287
1.51037
-0.037232
0.798262
1.27972
1.04212
0.488538
1.58989
0.898517
1.67142
1.11931
1.03587
1.19684
0.0587066
1.09418
1.09795
0.667918
1.31742
0.348679
0.768993
0.219624
0.0654659
0.523387
1.74001
1.08587
1.7259
0.407608
0.762206
0.847239
0.422447
1.37366
0.178933
-0.0014577
1.63069
0.439522
0.345952
0.0950833
0.397489
-0.00782523
1.34682
-0.0202811
1.11218
1.18906
0.501777
0.70789
0.776344
0.999903
0.407465
0.870588
0.137878
-0.562692
-0.088525
0.131484
1.06866
0.810875
0.750578
1.30346
1.61242
0.630056
1.20863
0.616603
0.84386
0.697211
0.0136826
0.355055
0.216032
1.04122
0.187613
0.808008
1.35411
0.760145
0.843382
0.828891
0.924074
1.33152
0.768293
1.40503
0.719136
0.216022
0.0682817
-0.397058
0.222656
0.724207
0.857414
1.51974
0.723351
1.1123
0.762873
-0.282495
0.282875
-0.374426
0.238121
0.85305
0.0944629
0.165656
0.496614
0.330795
1.36634
0.825214
0.311853
-0.828974
0.571108
0.988538
1.21832
1.13832
0.903441
1.56489
0.191763
0.693
0.325896
-0.541701
0.849452
0.347962
1.39687
1.45106
1.02305
0.311492
-0.120529
1.21433
0.66034
0.698049
0.512936
1.11755
0.326173
1.16499
0.68474
0.963176
1.16001
0.724698
1.4555
0.737823
1.25004
1.61424
0.148629
-0.0931958
0.866971
0.395918
0.145075
-0.123271
-0.0211617
-0.551799
0.122483
1.09277
0.90132
0.964949
0.783417
0.889281
0.924226
0.377759
-0.0243543
0.79486
1.05291
1.16309
1.09942
0.996307
0.627975
-0.208846
0.181435
0.578487
0.489985
0.464766
0.399393
0.459279
-0.00401606
-0.211329
1.18608
0.62589
0.0471878
-0.106169
0.770309
0.883221
0.661453
1.35963
1.83127
0.928313
1.08217
1.505
1.14738
0.619439
0.358919
-0.121463
0.281439
0.928214
1.28185
0.104346
0.268287
0.450856
1.49579
1.55898
0.108065
0.769515
1.4686
0.834247
-0.0214557
0.0178133
-0.20908
0.472596
1.11467
1.40636
1.55643
0.558889
1.3276
1.27878
0.81569
0.717235
1.13456
2.27084
1.76015
2.06514
1.00433
1.14531
1.12215
1.55549
0.949184
1.39825
1.57258
2.029
1.66137
1.36729
0.963122
1.19881
0.0880482
0.0670616
1.03077
1.06762
1.66064
1.21825
0.58258
0.812945
0.995928
0.798989
0.663688
1.59845
1.17887
0.219171
0.949404
1.09845
-0.114931
0.146308
0.141841
0.607608
0.969387
0.873513
0.384315
0.473163
-0.0337795
-0.769512
-0.208916
-0.207348
0.0171917
0.574403
0.268118
0.791696
0.970876
1.12199
0.229167
-0.0744246
-0.0248599
0.142932
1.21046
0.707995
0.366189
-0.0726633
-0.527677
-0.327717
-0.743983
-0.673595
-0.812627
-0.861129
-0.109772
0.255429
0.135722
0.348472
0.634006
-0.0184693
0.184047
-0.0503171
1.34985
2.06293
0.531578
0.648333
0.565743
0.566434
-0.351452
-0.421343
0.339493
1.31653
0.674048
0.406908
-0.143354
1.06377
0.452984
0.408787
-0.105854
0.383384
0.423635
-0.595175
-0.494444
-0.120148
-0.854032
-0.258888
-0.184541
-0.168294
0.609724
-0.340548
-0.137852
0.538091
-0.950483
0.0793205
0.137092
-0.0697181
0.257791
-0.681155
-0.0384088
0.239067
-0.496992
-0.0147262
-0.225691
-0.7842
0.129531
0.210398
-0.41388
0.0373005
-0.131674
0.677039
0.350048
1.07377
0.523016
-0.545694
0.247576
0.265059
0.125658
0.143803
0.613078
-0.388039
0.352101
0.774435
0.0778586
-0.568822
-0.43961
0.414267
0.201724
-0.104059
0.152572
0.665314
0.624253
0.824868
0.312495
1.00903
-0.13422
0.427857
-0.558942
0.292746
-0.107813
1.09464
0.103588
1.06453
0.563013
-0.0611895
-0.362449
-0.451364
-0.263263
-0.525377
-0.259783
-0.0956912
-0.813544
-0.158824
-0.560366
-0.0746673
-0.0641085
0.197775
0.0902724
0.689329
0.823431
-0.164578
-0.462102
-1.10013
-1.01831
0.273209
0.283827
-0.316099
-0.0706981
0.237845
-0.711896
-1.76963
-0.782781
0.175327
0.243144
0.633643
-0.0577476
0.171562
-0.103131
-0.111025
-0.326338
0.281601
-0.412502
0.425565
1.08065
0.815063
0.887154
0.165703
0.282979
1.01834
0.931684
1.07566
-0.247199
0.505513
0.0588691
0.067921
0.897441
0.73605
0.226589
-0.594042
0.439224
-0.351936
-0.000219697
-0.464522
0.721455
-0.322206
1.2538
0.829579
0.533188
-0.35293
0.203721
0.740277
0.686058
-0.804042
-0.705459
-0.261471
-0.968509
-0.297083
-0.00198264
0.0751436
0.582621
0.658756
1.28237
1.52309
0.466559
0.879486
-0.0865311
0.004191
0.437969
0.802208
0.226161
0.841253
0.381537
0.190728
1.07152
0.334302
0.605721
0.0237242
0.593097
0.977695
-1.24182
-0.0561641
-0.207454
-1.2074
-0.256144
-0.240427
0.264467
-0.971571
-0.892691
-0.900299
-0.515086
-0.0729631
-0.0457635
-1.10574
-0.584477
-0.717854
-0.988235
-0.375585
-0.649693
-0.807967
-0.372222
0.0372928
0.754987
0.260734
-0.721648
-0.719472
-0.133067
0.78643
0.453639
0.0563327
-0.497742
-0.302874
-0.0136016
-1.10781
-1.11001
-0.432265
0.382846
-0.732512
-0.724526
-0.992858
-0.782727
-0.426256
-1.08093
-0.568465
-0.167972
-0.0604827
0.13961
-0.0862039
0.700796
0.0501212
-0.385396
0.0459184
-0.224161
-0.163853
-0.180359
-0.641761
-1.09383
-1.38342
-0.760815
0.27284
-0.310388
-0.274115
-0.121431
0.162118
0.862756
0.0280299
0.472048
0.357091
0.299236
0.229798
-0.644694
0.433428
-0.271008
-0.485276
-1.05665
0.0512565
-0.960548
-0.957583
-0.140709
-0.169217
-0.423291
0.0817654
-0.243017
-0.9352
-0.510567
0.18284
0.406275
-0.836218
-0.283328
-0.676845
-0.297635
-0.934308
0.197631
0.0332678
-1.36519
-0.453593
0.0501882
-0.917655
0.549046
0.648054
0.0318076
-0.205734
0.0639433
0.354243
0.96693
0.196892
1.35726
0.440772
0.103625
0.989496
-0.0981509
-0.598074
-0.0810874
-0.93126
-0.450012
-0.456909
-0.34259
-0.542814
-0.407552
-0.918306
-0.277902
-0.751327
-0.292998
0.171257
-0.310741
-0.293353
0.235333
0.321419
-0.56328
-0.147055
-0.312434
-0.387483
0.103466
0.786353
-0.801978
-0.308633
-0.252737
-0.776322
0.544013
0.608216
0.841902
1.03103
0.673158
0.823923
0.508252
1.25847
1.49796
0.946288
0.382521
0.481051
-0.18287
0.489762
0.481805
0.834378
1.02979
1.21539
0.108774
-0.0230103
0.114876
0.0342396
0.355435
0.567634
1.17544
0.401089
0.459828
1.2948
0.734559
1.14609
0.954428
1.23279
1.35603
1.01969
0.693968
0.181231
-0.173843
-0.694536
-0.806897
0.527318
0.618726
0.410682
-0.223027
0.280913
1.57234
0.387001
0.714437
0.995853
1.5616
0.906859
0.602544
0.244113
-0.280813
0.32621
-0.0876749
0.525427
1.35132
1.18062
0.673217
1.58926
1.7397
1.6788
0.594051
0.586957
0.113694
0.417139
0.906424
1.25478
1.20445
1.49918
1.43179
1.20524
0.375998
1.14502
0.863281
1.84022
1.71803
0.949904
0.334543
1.33072
2.41677
1.27428
1.23724
0.846356
-0.134202
0.818451
0.851554
0.311513
-0.00198745
0.999082
0.0185064
0.331763
0.500222
0.508914
0.597767
0.593875
0.805654
0.0572327
0.499951
0.474294
0.811036
-0.260724
0.72703
0.339408
-0.152837
1.14748
1.56582
1.18192
1.00509
-0.122113
0.078443
0.0439468
0.742057
0.390202
0.457586
0.646009
0.207867
-0.0450743
0.570216
1.6116
1.62255
0.859223
0.521034
0.0745285
0.307084
0.083658
0.644544
1.06189
1.89523
1.32873
0.948121
0.988797
1.12797
1.1048
1.02749
2.0523
1.24775
1.45736
1.45518
0.982575
1.04362
2.17147
2.49093
1.35962
1.16011
1.29182
2.1688
1.74145
0.93472
2.06993
3.44303
1.65293
1.36528
1.78829
1.29777
1.77984
2.29463
2.29082
1.61261
1.2179
1.21734
2.159
1.89282
3.16115
1.78293
1.40458
1.1152
1.4497
1.2982
0.499876
1.56743
0.709316
0.789881
-0.23208
1.18936
0.664467
0.395534
-0.578815
0.888343
0.225456
0.305164
1.0477
1.44075
1.21637
1.15055
0.761978
1.34403
0.563906
0.452925
0.398168
0.835087
0.506459
0.315841
1.17021
1.05918
1.5682
1.07982
1.55667
0.047434
0.466061
0.137042
0.0850502
0.920998
0.682254
0.430463
2.12211
0.714035
1.85791
1.4318
1.31379
1.54581
1.79082
1.78959
2.00768
0.329352
0.269559
1.03096
0.790565
1.29696
0.556101
1.17394
1.66583
0.833169
1.39699
1.06536
0.0022835
0.530834
1.39582
1.12537
0.969608
1.3356
0.529386
-0.0599111
0.0232736
0.466848
-0.228698
0.561843
0.425949
0.853894
0.0416496
0.0175974
-0.137618
0.200175
0.478107
0.861535
1.29367
1.51384
0.0819745
0.379599
0.520951
0.866783
0.416608
1.33329
1.37718
1.36913
1.32963
1.09254
1.78128
1.14736
0.0988933
0.605217
0.515245
1.28491
1.05392
0.693461
1.2007
1.3694
0.995793
0.476601
0.287905
0.277676
0.89125
1.21457
-0.470565
-0.386423
0.122372
-0.469814
-0.0906907
-0.404372
0.868086
0.958415
0.986357
1.46951
0.34674
1.23459
0.811877
1.28718
1.17532
1.44163
1.21882
0.703686
2.75632
2.44651
1.30484
1.35939
2.66734
0.996659
2.24668
0.477373
0.439339
1.0157
0.837477
0.446114
1.18108
0.903559
1.03304
1.46135
1.15443
1.15526
1.07971
1.77683
1.15617
1.56271
1.6917
1.27531
1.62903
2.01502
1.9201
1.32791
1.48346
1.85064
1.34753
1.25301
1.46126
0.771192
0.559317
1.36872
1.35948
1.3814
0.813411
1.0991
1.24066
1.26613
2.02892
2.30774
1.27893
2.12488
2.15011
1.07095
1.59519
1.04563
0.532331
0.640815
0.449486
0.130056
1.2972
0.982773
1.02912
1.27603
1.4836
1.77431
1.79859
1.61893
1.42133
0.755955
1.12045
1.37387
1.52564
2.25913
2.71281
1.52395
1.58676
2.01416
3.45826
2.34248
1.92568
2.00827
1.7161
2.31766
1.37271
0.585784
1.86329
0.935339
0.990466
-0.382723
0.0161989
1.22729
1.37291
1.56172
1.6234
1.91007
2.43012
1.41154
1.41875
2.02682
1.68031
1.53498
1.5969
2.10565
1.71134
2.78703
1.93041
1.87133
2.4722
2.05476
2.0151
1.50065
2.0724
1.2686
1.30052
1.25836
1.74214
0.942572
0.279865
0.107811
-0.340667
-0.433921
1.13527
2.00822
1.00122
1.18328
0.599026
0.592257
1.06137
1.69062
1.1823
1.11316
1.40405
1.73391
1.55514
0.470029
0.326659
0.0632789
0.908668
0.722161
1.03606
1.49368
1.67665
0.695829
1.15989
1.65003
0.683585
1.0634
1.36975
1.36555
0.61153
0.501204
0.901291
1.89493
1.21121
1.27688
0.818593
0.806073
1.37403
0.907123
0.874418
2.11056
0.852856
1.13917
0.800682
1.22883
0.869698
1.75073
1.84805
0.619696
2.15795
0.929491
1.28602
1.19693
1.04012
0.222565
0.452665
0.440012
0.290118
-0.28052
1.00928
0.680076
1.57429
0.0857451
0.25231
0.636267
0.664934
0.505009
1.36602
0.865767
0.884803
1.3289
1.25434
0.720005
0.977779
1.15437
0.296376
0.82416
1.30277
0.752817
0.772609
1.67471
1.2079
0.362874
1.58173
2.05826
2.13878
1.77799
0.790996
1.19183
1.20082
1.19965
0.624987
1.1877
0.511106
0.864084
0.497421
0.40169
0.0212817
0.981455
0.469516
0.711944
0.624924
0.740179
0.514934
0.107599
0.216973
0.306067
0.825895
1.33159
0.364052
0.358406
0.918442
0.690312
1.29216
0.895578
0.816101
0.575481
0.74099
0.99593
0.525127
0.107314
0.0383135
1.81602
0.990272
0.635194
1.27111
0.402213
1.17786
0.528638
1.29794
0.850666
0.203935
0.028923
0.402615
0.441463
1.41085
-0.218403
-0.556382
1.63989
1.69581
1.94894
0.524454
0.070026
0.792499
-0.403286
0.0729062
-0.0735043
0.0451541
-0.551621
0.708158
0.557394
1.04562
-0.251538
0.568401
1.06172
-0.211192
0.549758
0.504999
0.768765
0.0140065
0.55838
1.47757
0.93442
0.349989
0.950365
0.213401
0.578182
1.5077
0.457847
1.51726
1.98177
1.24629
1.11065
-0.162791
-0.0153517
1.2184
0.432022
0.591639
0.505752
1.19209
1.11271
0.257734
-0.047385
0.642001
0.42748
0.695874
-0.0151639
0.751861
1.33386
0.793214
0.56763
1.27591
0.421654
-0.255865
-0.154014
0.293565
-0.0678938
-1.13474
-0.763506
-0.131914
-0.750581
0.480704
0.275965
-0.28102
-0.544558
0.54367
-0.892789
-1.30727
-0.351682
-0.961686
0.813358
0.15889
1.14472
0.370689
-0.522675
0.833299
0.957628
0.741848
0.777204
1.60941
0.353896
0.216413
-0.30854
-0.341175
-0.612944
-0.29304
0.292858
-0.790426
-0.239524
0.300969
0.674074
0.0188441
0.0684971
0.095095
0.0526038
0.248152
-0.272534
0.883575
0.63735
0.610801
0.931587
1.7001
0.645736
0.397533
0.769946
0.313678
0.149146
0.595533
-0.300089
0.0738457
1.0998
-0.38291
0.653041
0.12576
-0.237727
-0.339286
-0.489808
0.501027
-0.151828
0.108976
0.453565
0.207232
0.332221
-0.366887
0.509189
0.86861
1.06064
1.82623
1.06554
0.883939
0.45774
0.507151
1.12527
1.29295
0.543813
-0.744469
0.538728
0.556694
1.10686
1.51216
0.988427
1.1589
-0.322109
0.354915
-0.524887
-0.849264
-0.178333
0.858843
0.837787
1.20837
1.14842
0.398008
1.27828
0.0779046
0.366893
0.766463
0.4799
0.601035
0.874282
0.295337
0.969225
0.605815
0.604648
-0.340829
-0.101432
0.588936
0.380163
0.740489
0.57001
0.50113
-0.425565
-0.167647
0.108123
0.677121
0.391279
0.0980576
0.908759
0.738301
0.396832
0.161372
2.24743
1.49631
1.7534
2.97541
1.50062
1.76238
2.58252
1.27596
1.65082
1.16332
1.89126
2.07953
2.01252
3.13355
2.33417
1.37209
0.885912
0.802307
0.774386
0.0522877
0.395958
0.510502
1.28658
0.0046884
0.338182
0.494043
0.656332
0.840574
0.460454
0.758028
1.09937
1.20981
1.00834
0.992301
1.14766
1.44943
0.872258
1.0423
0.0913619
0.715584
1.36894
-0.106765
0.395934
0.750823
1.20695
0.00399847
1.17731
-0.0917015
-0.455681
-0.249563
1.13271
0.406232
0.617769
0.456496
0.119919
0.458615
0.582372
-0.388664
-0.100791
0.641413
0.717235
0.0809027
0.362284
-0.325406
0.242656
0.162355
0.065527
1.13773
1.36116
0.372385
0.4146
-0.55517
0.264742
-0.986477
-0.711042
0.027269
0.374438
-0.414863
0.0978492
-0.0692244
-0.868998
-0.235355
-0.173556
-0.178511
0.485729
0.592745
0.117773
-0.872136
-0.371111
-1.55187
-0.667675
0.811611
0.386632
0.742094
0.450957
0.164873
0.405864
0.355399
-0.370463
-0.515385
-0.385226
-0.227936
-0.00219963
0.334128
-0.124959
0.545619
0.708735
-0.139429
0.701045
0.353376
1.05388
0.376319
0.651351
0.516052
0.509135
-0.521385
1.54694
0.231782
-0.0102354
-0.066483
-0.0973763
-0.525207
-0.589656
-0.401066
0.0158655
-0.19806
-0.548142
-0.312985
0.322104
0.437777
0.631667
0.587659
-0.200112
0.515077
0.309467
-0.0610208
0.216789
1.53444
0.2979
0.768883
0.996129
-0.22429
0.710223
1.56266
1.06456
1.34179
0.337956
1.07866
0.921953
0.84937
0.893036
0.943682
2.39824
0.857904
1.26493
1.0425
2.34298
0.627219
0.897195
0.645373
1.18012
2.17286
1.63363
1.34282
2.41459
1.70347
0.95758
0.961729
1.09973
0.812515
1.05482
0.519289
1.42542
1.71755
1.54266
1.47598
1.51833
1.55771
1.48092
1.31874
1.68243
1.39945
0.627149
-0.55057
0.523368
0.629669
-0.0991397
0.219102
-0.296703
0.57121
0.934216
0.296571
0.433029
-0.522099
0.52492
0.123838
0.542213
0.378136
1.3206
1.93941
0.728086
0.9721
0.452752
1.01073
0.867083
1.08274
0.602642
0.854498
1.54826
0.707388
0.874582
-0.448151
1.45075
0.886687
0.313697
0.540505
1.34044
0.584559
1.33656
1.47581
1.10143
1.63598
0.283567
0.592898
0.644293
0.660258
-0.255293
0.595705
0.28432
0.738883
0.26989
0.789041
1.03838
1.09398
1.70663
0.742986
0.753988
1.86486
2.19814
1.42258
1.00764
1.37934
1.32736
1.48179
0.704063
1.54224
0.790911
0.267972
-0.217198
-0.409561
1.56946
0.239407
1.37603
1.59313
0.472253
1.52439
0.409444
1.9692
0.753711
1.44912
1.85858
1.95146
1.75111
1.10919
0.770914
0.783473
0.617836
0.581001
0.480619
0.475348
1.14556
1.8798
1.53404
0.641178
0.544351
1.75497
1.28877
1.29995
0.90272
0.440816
1.33962
1.64146
1.53233
0.827365
1.51964
1.02953
0.475461
0.381338
0.872048
1.06107
1.37703
0.578296
-0.0196223
-0.102404
0.188732
0.936273
0.309845
1.01269
1.10017
0.898995
0.772914
0.881658
0.0191128
-0.0957845
1.8501
0.551107
0.355384
0.755639
1.74774
1.65478
1.42116
0.0916664
-0.00260872
0.927491
0.660478
0.773839
0.806705
0.0200103
1.24782
0.880586
0.272798
0.779121
-0.349293
0.151982
1.21518
1.49661
0.834221
1.13999
1.21663
1.16658
0.741024
0.90516
1.40446
0.709204
0.63561
0.246277
0.229576
0.3948
1.11751
1.12932
2.94529
1.95304
1.01059
0.980763
1.10894
1.04566
1.54879
0.260741
0.00143089
0.888688
0.836242
0.496142
1.01801
-0.280233
0.875844
0.147912
-0.20557
0.445303
0.191954
0.910249
-0.152251
0.825588
0.719624
0.801763
0.533556
0.768817
0.124416
0.859037
0.13973
0.465495
0.800916
0.381103
0.765818
0.430801
0.690416
0.735469
0.887926
0.0599561
1.20086
1.48986
1.46459
0.889065
0.712367
0.40039
0.750857
0.68591
-0.0931476
0.300449
0.631799
0.12514
0.457665
1.84569
1.9536
1.29693
1.63177
0.557969
1.20346
1.1262
1.24548
0.872581
0.42868
1.27697
1.04154
0.906379
1.48828
0.56481
1.90704
0.98579
0.190189
0.23096
0.0845463
0.15265
0.923424
1.13319
0.830113
0.735154
0.0236531
0.562369
0.989716
1.92972
1.68912
1.915
2.29166
2.18193
0.847908
1.54893
1.0243
1.25075
1.64937
1.74181
1.49772
0.731903
1.86351
1.99296
2.05428
1.7331
1.81712
2.18625
2.29984
2.132
2.18325
2.80004
3.7661
3.13674
2.74767
2.32015
2.25498
3.40608
1.76605
3.1014
2.88115
1.5504
2.85782
2.3759
2.05175
2.55227
2.8678
2.63294
2.73127
2.97211
2.69541
2.71937
2.38008
2.36065
2.12475
2.07088
1.20112
1.39466
1.7906
1.49849
1.77395
2.14882
2.02414
1.35069
1.72228
1.22198
1.74641
1.98298
1.19033
1.83733
1.22124
1.89036
1.64467
1.35344
1.34049
0.897559
0.897281
1.07755
0.257949
0.265763
0.0783997
0.815
0.945203
1.21503
1.21419
1.35094
1.42728
1.45892
1.12228
0.482083
1.34992
2.37217
2.36479
1.66084
1.39383
0.626683
0.55539
0.543203
0.763815
0.919134
0.625185
0.717829
1.20872
1.9455
2.55217
1.22039
1.59212
0.877961
0.872117
0.277205
1.92222
1.70906
0.689256
1.25316
0.743716
1.56784
2.21255
1.26469
0.904878
1.79153
1.84743
1.87863
1.4989
1.71516
1.29167
2.67913
2.27318
0.443081
0.413347
1.22603
1.94439
0.557083
0.885452
1.17728
1.61578
0.970692
1.98052
2.11455
1.0013
1.60347
1.78644
1.13947
2.34244
2.2141
2.02002
1.44406
1.34566
1.74249
1.57419
2.2754
1.12889
1.96948
1.99979
1.20708
1.02415
1.71032
1.88086
1.96175
2.1147
1.55408
1.67379
1.34471
1.6738
0.289981
1.11888
1.97375
1.75207
1.84415
2.57492
2.04951
1.83538
1.44745
0.654923
1.44823
1.34257
0.578591
1.67949
1.26424
1.56022
1.65338
2.17023
2.6667
2.45148
1.25094
1.31537
0.932936
1.65069
1.65131
1.3036
0.315551
0.979138
1.46567
2.14085
2.20154
1.17431
1.3783
0.668526
1.54044
1.81703
1.01488
1.22216
1.14802
1.96968
2.20809
1.78016
1.77765
1.75479
0.880347
0.539301
2.36689
1.10738
1.07189
0.668712
1.90943
1.5752
0.466919
0.901258
1.42374
1.41428
2.0193
2.24875
1.39547
1.25902
1.9409
2.04622
1.83177
2.2922
1.53584
1.71271
2.68878
1.53423
1.14976
1.89306
1.03103
1.59982
1.59162
1.86618
1.78994
1.75136
1.67996
1.27061
2.28982
1.76681
1.46095
1.3662
1.89153
2.50106
1.59644
1.17555
2.38233
1.45209
1.43698
1.27469
1.66627
1.8536
1.38421
1.81312
1.38289
1.88983
2.16999
1.56975
2.06423
1.70651
1.82403
1.38065
2.54745
1.08714
1.08742
1.98634
1.86613
1.15876
1.34778
3.38455
2.91248
2.9011
3.23135
2.85175
2.80749
2.27414
2.18871
1.85687
1.64268
1.86349
2.51566
1.06801
1.94356
2.31941
2.73318
2.71246
2.9087
2.10296
2.12305
2.63815
2.60605
3.56832
2.38167
2.43548
1.46107
1.98382
2.05654
2.01005
2.64614
2.79717
2.60508
1.98172
2.63841
3.00849
2.54493
2.59782
2.03298
2.00307
1.61745
2.38
2.47557
2.20657
1.98745
2.61886
2.58554
2.26245
3.15791
1.97261
2.03007
2.14645
2.06308
2.12398
2.18268
1.86992
1.57536
1.29745
2.24742
2.24003
1.79939
1.60022
2.01607
2.68058
2.74624
2.92354
3.02955
2.90523
3.00196
2.18648
2.20066
3.58666
3.28932
2.496
2.25862
2.68524
2.5054
3.51707
2.64441
2.23726
1.64013
2.04563
1.08811
0.870935
2.56561
2.01093
2.20292
1.53059
1.13944
2.88831
1.74159
1.90488
1.90657
1.67862
2.31249
2.18641
2.3677
2.87974
1.96404
1.80189
2.50203
2.29243
2.12744
1.92428
2.65277
2.82507
2.77008
1.95431
1.59451
1.87573
1.53666
2.07617
2.09832
1.70941
1.71115
2.03314
2.6137
2.10391
2.84003
2.44333
1.61912
1.83509
2.21785
2.50291
3.03675
2.6557
3.31018
2.3313
1.71511
1.926
4.19108
3.70173
2.6838
3.19927
3.41518
3.75686
4.00353
4.28171
3.25499
3.23496
2.95427
2.50417
3.32304
3.60482
2.85134
3.86846
4.30775
2.68318
2.66934
2.6574
1.66286
2.50925
2.98647
2.09576
2.22379
2.67622
3.80271
2.24591
3.51015
2.39051
1.98221
1.72035
2.51038
3.50826
1.74837
1.97182
1.60696
1.50315
1.24819
1.87041
2.66789
2.02145
2.52478
1.53898
1.47794
1.8433
3.59941
2.26868
0.913598
1.31479
1.95194
2.45557
2.61349
2.69202
1.66799
1.90142
0.982418
1.8291
2.0687
2.48235
2.12714
2.57688
1.96907
2.17437
2.36029
2.09925
2.10321
1.30534
1.36654
0.970829
0.554587
2.02842
1.49542
1.59902
0.899528
2.0007
0.308705
0.310559
0.813207
1.62894
1.15127
1.91752
1.31931
2.09186
2.30407
2.45366
2.82932
2.24689
2.80843
2.09408
1.78919
1.59836
1.70171
1.53925
1.85671
0.706023
0.608664
1.84597
1.08922
1.34665
2.09697
1.54288
0.878664
1.49597
1.26685
1.41464
1.16436
1.60143
1.83269
1.27609
1.71473
1.49776
1.07161
1.16346
1.49381
1.5966
2.01745
2.06206
2.01687
1.73083
1.91142
1.91811
1.03384
1.70619
1.77477
1.3574
1.03207
0.720282
0.786702
2.41417
1.45841
1.69112
2.11532
3.51989
2.23853
0.944716
1.26072
0.586367
0.395945
1.35661
0.991673
1.51184
2.07705
2.72488
0.488874
0.988669
1.40468
1.30226
1.58887
0.57402
1.81552
0.794934
2.23493
2.20819
1.27946
2.25618
2.22008
1.55079
1.02092
2.3861
2.43994
3.0562
1.92594
2.76372
3.44354
2.30115
1.61331
2.35802
1.57062
2.10212
1.11762
1.37206
1.58928
2.23516
2.20276
1.63085
1.41495
1.101
2.42458
2.61206
1.24386
1.35764
1.11971
2.15536
1.68213
1.97645
1.46968
1.82667
1.91272
2.75132
1.95871
1.34304
2.00135
2.21316
2.43663
2.4742
2.67559
1.97632
2.5314
1.57359
2.41144
1.96487
2.31161
2.51889
2.15875
1.78763
2.08148
1.71866
1.2459
1.80103
1.63884
2.04259
0.775761
2.49041
1.87794
1.397
0.490448
0.846348
1.05733
0.976779
1.74626
2.70907
2.06092
2.52859
1.96593
1.84615
1.88765
0.993244
1.65248
1.71225
1.71684
1.89823
1.36422
2.21931
1.74553
1.90431
1.24456
1.50292
2.00297
1.31869
2.57476
1.29255
1.22109
2.28988
1.39033
2.34863
1.55465
2.04554
2.81474
1.35961
1.29203
2.01151
2.46915
3.08455
2.54715
2.3601
1.80469
3.46282
2.25906
1.92525
1.77834
1.32231
1.79109
2.11034
1.93703
1.38548
1.12473
2.10465
2.31482
2.14311
1.58959
1.34086
0.755325
1.26788
1.08452
0.930191
1.26784
1.61245
1.21806
2.79106
1.44288
1.18429
0.805737
2.43156
1.41716
1.35212
1.5214
1.96123
1.15028
2.31449
1.27974
1.31202
1.56685
1.95787
2.16636
1.1612
1.3596
1.39785
1.61848
1.96303
1.39706
1.27853
1.74487
0.997433
1.97323
2.21711
1.11514
2.45243
2.83479
1.43782
2.70183
2.28662
2.71885
1.9643
2.00409
2.82916
2.09089
1.43153
0.670606
0.977186
0.731106
1.77251
1.2885
1.27397
2.65149
2.2679
1.33218
2.1308
1.69635
2.32519
1.30285
2.73134
2.04993
2.49037
3.21112
2.33811
2.4462
1.58837
2.36443
1.84604
2.1764
1.90977
2.23662
2.08265
0.856051
2.28651
2.98672
2.66203
2.8313
2.99022
2.77396
2.88303
1.84209
1.89355
0.802257
1.98689
1.60394
1.69638
2.47112
2.90535
2.26891
2.21013
1.24463
1.86542
1.45332
0.819303
1.89606
1.46243
2.4863
2.24738
2.28389
2.42888
1.78268
1.5331
0.60252
0.980053
1.32413
1.87666
1.29765
1.6572
2.45278
2.07192
2.02078
2.35589
2.17716
2.12508
2.14424
2.00785
2.74439
2.66013
1.96028
3.03517
2.35596
2.13612
2.40662
2.309
1.74722
3.09485
3.00782
3.10073
1.79597
1.83224
1.58087
1.50555
2.28378
1.88372
2.49987
2.46564
1.71523
2.25577
1.04375
1.30864
1.2345
1.82787
1.89687
1.53227
1.73402
1.77521
1.8509
1.90588
1.32122
2.77678
1.90687
1.91069
1.03403
1.90552
1.74413
1.73454
1.95993
1.93482
1.5422
2.90532
1.58871
1.4003
2.05572
2.39571
1.18647
1.7747
1.75263
2.01888
1.64324
1.73303
1.6298
1.80448
1.48386
1.41693
1.17055
1.1073
0.212287
1.23833
2.11861
1.67696
1.0678
1.11472
1.98442
1.68659
1.59457
1.59888
1.21953
1.01653
1.50509
1.06569
1.61603
2.14644
0.829897
2.25367
1.93645
0.826317
1.99647
1.14165
1.14539
1.60185
2.21061
1.60956
0.803284
1.4229
1.49553
2.49294
1.30904
2.83288
1.61377
2.33624
2.69887
1.35582
0.94062
0.964096
1.44992
0.616311
0.864158
0.951493
1.54034
1.47592
0.972814
1.05642
0.811228
0.587319
1.19887
0.984932
0.526112
1.65953
1.70756
1.12267
1.92136
1.43293
1.82595
1.06426
0.757303
0.501602
1.8295
0.952585
1.71086
1.43784
1.81863
1.52448
1.2551
1.88181
1.84893
1.80504
2.50818
0.998907
0.985785
1.48287
1.10514
0.454955
0.595382
1.25086
0.83563
1.54617
3.03096
3.04964
1.64092
1.58875
1.69661
1.99717
1.49134
1.57984
2.27563
0.87882
1.34551
1.42318
1.38896
1.79644
2.2853
2.87871
1.92202
1.86231
2.75704
2.78551
2.19612
2.53714
1.8031
2.57939
2.61706
2.3807
3.11217
2.43452
1.63816
1.28686
1.22302
1.53602
2.64288
1.85432
2.07641
2.31305
2.42715
1.77931
2.97722
3.08162
3.35863
2.84645
3.29257
3.29252
3.50689
2.76217
2.70899
2.2373
1.71179
1.66021
1.56609
2.57325
2.25339
2.76973
2.49927
2.11445
1.90002
1.351
1.3532
1.98656
1.35384
2.26139
1.70241
1.73587
2.13283
2.05921
1.66774
2.0088
2.32734
1.76631
2.48873
1.6922
1.29119
1.95685
1.07017
1.26884
0.818045
1.76283
0.947429
0.95691
1.6057
2.15904
2.47035
2.39184
1.82356
0.995282
0.752649
0.788873
2.01687
1.58756
1.50566
1.30427
0.449669
1.87674
2.27291
2.44659
2.20299
1.95537
3.24047
2.07534
2.07443
2.79276
2.61183
2.27572
2.26796
1.906
2.84726
3.26907
2.95663
2.14341
2.01158
2.15342
2.62115
4.09194
3.31818
2.90034
3.01322
3.18349
1.31992
1.52989
1.51519
1.48785
1.84662
2.11448
1.9808
2.84389
2.55018
3.41071
2.26554
2.8574
2.4945
1.93695
2.20584
1.49878
1.75408
1.58236
1.81485
1.53915
0.796339
0.580002
1.28431
1.62512
1.75258
2.08858
1.64081
1.30571
1.65581
1.77666
2.20039
1.35343
1.85377
2.70856
2.25998
2.19568
2.35825
2.46472
2.61546
2.86311
2.36335
2.43149
1.80157
1.67785
1.89726
2.14063
1.91129
1.9502
1.67835
2.51249
1.96893
2.65958
1.93813
1.91269
2.25756
2.33125
2.20528
1.54177
0.738157
1.86229
2.50936
1.68273
2.19875
1.83488
2.04745
2.12696
1.05253
1.3132
1.53124
1.27017
1.65438
2.0332
1.39717
2.31885
2.45307
2.53289
1.92645
1.73952
0.454696
1.36357
1.80802
1.20266
2.46873
1.519
1.42085
1.94496
1.61415
1.74408
1.04789
1.98422
0.965123
0.647124
1.16786
1.37599
1.23209
0.766725
2.18521
2.40039
1.71989
1.83753
1.94172
2.05105
2.63805
2.55185
1.83231
1.4675
2.80898
2.57213
2.91461
3.4986
2.73047
2.50423
1.45095
2.10712
2.04095
2.77899
3.10003
2.76544
2.75762
2.0165
3.34057
2.39831
2.27061
1.86312
2.99311
2.17645
2.63268
2.39372
2.15804
1.97044
2.45774
2.51287
0.809934
2.02366
1.56624
1.63807
1.28266
2.39007
1.8997
1.47326
1.21478
1.0882
0.717934
1.30641
1.6853
1.32074
1.48256
1.94695
2.07345
1.88587
1.98592
1.62187
1.93773
1.69468
2.26654
2.72784
3.91464
3.06556
3.20673
2.45912
2.36443
1.86992
1.38083
1.5901
1.8962
2.46973
1.25486
1.09971
1.85084
2.50436
1.79399
2.75772
2.74167
2.71531
2.23996
2.83176
3.10568
2.50215
2.56598
2.63833
2.87518
2.90221
2.52028
3.12835
2.04345
2.6682
2.78024
3.29157
2.21509
2.40207
1.91951
3.25563
3.21025
3.24055
2.21579
2.93939
1.76749
2.59548
2.7954
2.67886
1.82911
2.33325
1.51903
0.938795
2.18104
2.00039
1.92209
1.75329
1.60716
2.75875
3.81944
2.29649
3.03571
0.934394
1.87051
1.46675
2.85027
1.83773
2.38715
2.59307
1.42597
1.30728
1.69218
3.2585
3.13892
3.47186
2.27099
2.03102
2.99949
2.56418
1.63198
1.58124
3.03872
3.2064
2.10336
2.79335
2.90954
2.93711
3.17192
3.66023
2.55568
2.87724
2.11388
2.36071
1.63732
2.16556
2.7167
2.94799
2.46971
1.73425
2.02991
2.60476
1.89582
2.1264
1.99155
1.95412
1.48852
1.64584
2.25998
1.48461
1.44385
1.67332
2.12749
2.33708
2.31013
1.45194
1.95355
3.0952
2.43841
1.70229
1.93365
2.76722
3.18372
2.37392
2.02472
2.91825
2.46037
1.45123
2.35607
2.71755
2.75848
2.66101
2.14504
2.60934
2.89315
2.94869
2.3989
2.85538
3.48018
2.94381
3.91287
3.31353
3.54801
2.79229
3.48451
2.9628
3.15098
2.96642
3.32432
2.54766
2.49999
1.95407
2.66143
2.30992
3.12878
2.06231
2.54829
3.38589
2.55783
3.49807
3.56451
2.79493
3.26338
2.39322
1.75753
3.12397
2.57878
4.34182
2.95511
2.83621
2.46033
2.51646
1.82951
2.84188
2.82475
2.49573
2.73947
2.42673
2.91797
2.59216
2.94106
2.13568
1.74942
2.30137
2.22891
2.86781
2.85033
2.05705
2.57356
2.48072
2.90481
3.07713
2.81364
3.41947
3.34047
2.64214
2.27683
2.13646
2.49172
2.77867
2.08847
1.94753
2.97156
2.23793
2.53041
1.59689
2.57778
1.79062
1.83851
1.99636
1.32141
1.93934
2.46807
2.36583
2.46267
2.32819
1.48211
1.30037
1.74536
1.32969
2.2785
1.39373
1.68177
1.47193
2.03008
1.90667
1.99898
1.42486
2.33836
2.78934
2.04636
1.87412
1.45352
2.77161
2.30254
1.6346
1.29369
1.66174
2.30247
1.79637
1.6054
2.0243
1.55425
2.31416
1.82908
1.63031
1.4707
1.78882
2.39939
1.88548
0.500205
1.49602
2.34121
0.870932
0.836118
0.404637
1.14029
1.64136
1.72379
1.4688
1.27391
1.37814
1.17842
1.99921
1.80754
2.34325
2.20291
2.14348
2.21179
1.38579
2.75657
2.99979
3.38654
3.25229
2.82808
3.0638
3.47154
2.32425
2.60254
2.23926
2.51264
2.81796
2.84178
2.20262
2.69593
2.76842
2.33041
2.32703
1.69939
1.67852
2.91534
2.65514
2.22574
2.47658
1.91857
2.50846
1.92302
1.8379
2.21604
2.54311
1.50516
2.94508
3.15436
2.71646
2.68913
3.45309
3.94603
3.91035
4.44645
2.77635
3.17135
4.13768
3.24929
3.56878
3.12328
3.74269
2.71625
3.1169
3.56589
2.41278
1.74736
2.71298
2.35801
2.49877
2.05922
2.05619
2.72247
2.67015
2.56884
4.08543
2.57896
2.7633
2.90208
2.97059
3.22533
2.8893
3.30255
3.51507
3.64981
3.17967
3.11256
2.66479
3.99026
3.35093
2.74643
3.18808
2.70025
3.20352
3.97371
2.97585
3.56735
3.40595
3.76721
2.65454
3.91402
3.84885
3.42167
3.16864
3.54586
2.87139
2.37154
2.55934
2.58213
1.94684
2.0548
1.6828
3.58758
4.15692
3.22309
2.6958
3.58972
2.78387
3.03202
2.97825
2.74876
2.93982
3.02817
2.56435
2.9439
2.64804
3.31851
3.45923
2.76884
2.2977
2.34959
3.31148
2.90148
2.86599
2.8515
2.71468
2.54728
2.31919
2.29227
2.09225
2.15903
2.08723
2.20579
2.24503
2.48036
2.39888
2.23368
2.47992
1.97679
3.12654
2.07179
1.77469
2.15519
2.81131
1.24752
2.29434
2.38998
2.40713
2.60848
1.88242
1.02097
2.37478
1.08019
1.03037
0.870098
0.740696
1.11742
0.900919
2.23814
2.42869
2.28032
1.68758
1.2916
1.60833
0.880401
1.77406
1.58076
1.57198
1.34724
1.85462
1.53667
2.078
2.22325
1.60059
1.47538
2.0013
1.2219
1.35755
1.93818
1.80376
1.69447
1.49107
1.80812
2.42663
2.54767
1.94046
2.16664
1.739
1.94349
2.74731
2.52101
1.82886
1.7204
2.24966
2.20295
2.18024
1.87839
2.27242
0.84269
1.15709
2.48323
2.42907
1.44536
1.08445
1.95943
2.16424
2.42801
2.76331
2.74516
2.95126
2.15242
2.02089
2.37557
1.44578
1.06553
0.505232
1.00608
1.45641
2.29712
1.99854
2.91615
2.3976
1.8783
1.79736
1.85612
2.99166
2.68068
2.66123
1.96679
2.26112
2.05836
2.71283
2.50503
2.79165
2.84711
1.83139
1.86411
2.07351
2.46365
2.07492
1.52589
2.7549
3.03715
1.8244
2.71903
2.77219
2.8646
1.58936
2.98628
2.20799
1.9197
3.08474
2.74386
2.22475
2.18018
2.05682
2.08853
1.61453
2.03109
2.20004
2.43098
2.2957
2.46107
2.21033
1.1445
1.26533
1.54882
2.24936
2.51919
2.16589
1.95151
2.33519
1.59549
3.05402
3.9779
2.16886
2.59069
1.79398
1.32622
2.3533
2.63622
2.22995
3.32537
3.30401
1.58518
2.05755
1.92455
2.41451
1.8532
1.39671
2.32935
2.93933
2.12424
2.88142
2.92095
3.32745
3.28939
2.86562
2.78955
2.95143
3.14399
2.03128
2.95652
2.58735
2.10557
2.89718
2.87582
2.75555
1.281
2.16095
2.09748
2.97583
2.2064
1.51763
2.68789
3.11084
2.36567
2.69088
2.62338
2.67623
2.51681
1.85624
2.25486
2.82654
2.69075
2.3782
2.27716
2.43988
1.37427
1.5211
2.54524
1.73457
1.62388
2.07677
1.67807
1.76717
2.12695
1.12704
1.66233
1.68524
1.58101
1.31164
1.94657
2.64615
1.87414
1.44415
1.64436
2.57676
2.34148
1.82648
2.60837
1.63702
2.12638
1.18848
2.21347
0.623432
0.897072
0.862469
1.71674
1.72849
1.79626
1.80701
1.3313
1.69793
2.07892
1.78063
1.30643
1.43521
0.838047
1.37115
1.62962
1.65879
1.3689
1.30775
1.26145
2.15098
2.41498
3.10744
1.59974
2.34337
1.68377
0.855107
0.89481
1.55145
2.10547
1.40578
1.35573
0.147987
2.56316
1.68539
1.28995
2.09411
2.26824
2.15028
2.33876
3.04248
1.65303
1.66542
2.43556
2.56165
2.67904
1.04734
2.20104
1.76785
2.90921
2.50545
1.73615
1.31726
1.91054
2.47892
2.38966
1.63443
2.14319
2.31153
2.81053
1.90687
2.0679
1.7554
1.85757
1.32706
2.02938
1.90299
0.906224
1.02798
0.71587
0.608825
1.43555
1.61191
2.19299
1.77909
0.879068
1.12894
1.8988
1.36183
2.93447
2.33353
1.82746
2.07496
1.92493
1.55313
2.08226
1.03371
0.616177
1.56078
0.511025
1.23761
1.22058
1.97928
1.53226
2.20775
1.98905
1.8508
3.00871
1.36147
1.50597
1.49907
2.98667
1.75762
1.89854
0.836764
1.31545
2.24811
2.47707
1.38667
1.67931
1.62352
1.94095
2.21164
1.24608
2.75587
2.34717
2.44991
2.40282
2.18597
2.58374
2.01481
1.36274
1.53749
1.31712
1.9743
2.73074
2.43039
2.81349
2.55942
2.68688
3.0964
2.18235
2.49114
1.89245
2.56352
1.70614
2.22644
1.7089
2.00169
2.16008
2.64155
1.28804
1.46506
1.2064
2.14191
2.68725
1.58412
2.33592
2.38839
1.76291
3.21048
3.33491
2.81695
3.05001
2.09516
2.31336
2.09965
2.66896
3.22694
2.58122
2.14159
2.79273
3.31199
2.35465
1.72524
2.2868
2.71463
2.75945
1.75955
2.36376
2.59479
2.22504
2.72953
2.16757
1.9494
2.36107
2.32608
2.03836
2.3433
2.35174
2.68788
1.78073
1.60537
3.14244
2.4685
2.13019
2.95394
2.34571
3.11458
1.94899
2.16527
0.985139
1.60337
2.23875
1.86055
2.47179
1.90041
1.64704
2.42398
2.00585
1.03569
1.11803
1.6921
1.38066
1.63636
1.28151
2.19974
1.56063
1.38833
1.60652
1.8171
2.10023
1.23199
1.94593
1.77928
0.979378
2.46872
2.07335
1.88145
2.05005
2.6528
2.64703
1.03138
-0.0989679
1.61329
0.0847435
0.533208
1.18314
0.897098
1.91788
0.457578
0.993969
0.98312
2.45004
2.39932
1.73797
2.43991
1.77766
1.79888
2.08701
1.88074
2.28812
1.70002
2.27342
2.43923
0.97814
1.71798
1.56111
2.09474
2.43201
2.24654
1.99883
2.56457
2.45606
1.67654
2.1431
1.93676
1.85199
1.33406
1.20653
0.760975
1.49082
2.01765
2.0783
1.59284
1.53506
2.01459
1.54671
1.3271
0.616497
1.94169
2.20866
2.44974
1.75106
1.35125
1.52027
2.95491
1.66362
1.52946
1.75485
1.7627
2.10319
2.30567
1.85202
1.54919
1.81306
1.26469
0.656788
1.75966
1.49902
2.10817
1.19034
2.17348
1.81081
2.23769
1.23877
2.49467
2.14732
1.75967
1.23943
0.776939
0.741208
1.19812
1.26102
0.734138
0.966949
1.47143
1.43549
1.48219
2.0678
1.95281
1.04518
0.531253
2.14352
2.023
1.7748
1.7169
1.6407
1.77084
1.10263
1.42028
2.52406
3.32034
2.55676
2.07772
1.95284
1.88766
1.88568
1.39973
1.77203
2.0633
0.635459
1.51383
1.53367
0.654337
0.198428
0.547182
1.1414
0.659624
0.724315
2.56175
1.79725
1.70823
1.48838
0.680385
0.886574
1.82837
2.11531
1.76979
1.21547
1.65487
2.31177
2.05342
1.3574
1.24666
1.88985
1.84781
1.62876
1.1948
1.97287
1.47081
1.70806
1.35887
2.37423
1.75811
2.67182
1.45811
1.14195
1.07216
1.5784
1.52151
1.66068
1.48786
2.48351
1.07563
0.828622
1.73717
1.46428
1.70701
2.33664
2.14252
1.9537
2.22562
1.55564
3.36832
3.18408
3.25682
1.88104
2.88065
2.12938
1.72604
1.71572
1.38629
2.10358
1.38559
2.19756
2.19608
2.14891
1.97818
1.79225
1.78029
1.4698
1.23856
2.52658
3.58424
2.00476
1.17592
0.69605
0.683754
1.62769
1.34975
1.81635
1.91591
1.79865
1.48964
2.83022
2.79037
2.40411
2.76821
2.42819
1.8939
1.76226
2.52464
2.81204
1.70896
1.24611
1.11184
0.639277
1.85788
1.6971
2.86409
0.702522
2.20962
2.19651
1.30569
1.82924
1.20113
1.91971
1.09096
1.88177
1.2327
1.07087
1.79621
0.52414
0.32911
1.86508
0.983262
0.398053
-0.112357
0.159818
0.956981
0.900312
0.489523
0.470034
0.127529
0.797099
0.992747
1.87234
1.63011
1.03782
1.63055
1.87347
1.36166
1.47457
1.72993
2.00986
1.61207
1.65864
1.47591
1.26825
1.58625
1.37932
2.7537
1.44519
1.46964
2.6531
2.06559
0.162037
1.0359
1.52788
1.80131
1.9641
2.34252
1.96607
2.38834
2.65091
0.756633
1.58126
1.76837
2.38222
1.78173
1.65889
1.78983
1.94732
1.6294
2.11268
1.96159
1.64785
1.05497
1.36779
1.84897
1.98726
2.1461
2.37542
2.46508
2.8051
1.56056
1.99081
1.32171
1.9138
1.57743
1.91833
1.88128
2.20143
1.4523
1.56027
3.10952
1.74892
2.56153
1.98765
1.10611
1.56608
2.09931
2.11745
1.34553
0.936794
0.697242
1.67755
0.587051
1.76721
2.9789
1.32433
1.39203
2.33191
1.76998
0.784672
0.629694
1.33496
1.09954
1.33869
2.2794
1.32463
0.826603
1.16323
1.23014
0.767407
1.28385
2.07983
1.87868
2.15082
1.66981
1.44553
0.808836
1.30926
1.49114
1.87542
1.58086
1.92888
1.53572
2.03206
1.94927
1.95672
1.85978
2.16111
1.71059
1.71117
1.22961
1.10165
1.60348
0.255626
0.815387
1.64121
0.564968
1.17999
0.20295
0.92665
0.984211
1.38731
1.65236
1.6634
0.994747
1.80457
1.11349
1.80141
1.09683
0.149751
0.703071
0.5676
1.479
1.45893
0.746462
-0.544021
0.709181
1.77845
1.17031
0.156587
0.202044
-0.508894
0.455609
0.365424
0.711746
0.748386
0.0908234
1.1645
0.486858
0.477997
1.10084
1.28073
1.86639
1.04528
1.64186
1.02618
1.19569
2.19991
1.74203
0.865859
0.10186
1.03508
0.292995
0.587793
-0.0903711
-0.100199
-0.0740137
0.721242
1.07719
0.680358
0.534359
-0.0267185
1.57347
1.58754
1.33905
2.47571
2.05314
1.11292
0.845809
1.51416
1.08096
0.635763
0.269906
0.118411
0.464663
0.788461
0.655516
0.701824
1.09467
0.46938
0.42255
0.603443
0.884438
0.30827
1.31519
0.894489
1.40604
0.972295
0.744234
0.421369
-0.298871
0.285423
1.04695
0.804242
0.646685
1.33698
0.651031
1.47302
-0.275041
0.704668
0.72264
1.44525
1.56881
0.659046
0.337315
1.05343
0.839545
0.112786
0.589613
0.530029
1.09798
1.3835
0.859334
0.45904
0.924213
1.09067
1.51149
0.779357
0.588133
0.947625
0.792452
1.09175
1.4835
1.41882
1.72289
1.48588
1.15213
1.19651
0.726903
0.214131
0.561155
0.954004
0.343129
-0.246199
-0.15624
0.724415
1.28111
0.244871
0.915871
0.69144
0.718265
1.53444
0.471284
1.06543
1.11387
1.5288
0.482865
0.758286
1.2834
0.793202
0.779361
1.66997
1.55923
0.854952
0.864085
1.10199
-0.0442232
1.02489
0.60918
0.857391
1.50958
1.001
1.4703
0.708288
0.871671
0.672573
1.01303
-0.191767
0.448544
1.38973
0.880339
1.01772
1.5109
1.6306
0.955063
1.85621
0.924499
0.613252
0.993768
0.684149
0.307324
0.610486
0.739921
1.64437
2.14222
1.64427
1.19429
1.64149
1.98732
1.74282
1.72067
1.52432
1.36733
2.63399
1.4942
1.87594
1.98649
1.79243
1.62428
1.32766
1.9021
1.54415
0.755533
1.2806
2.18259
0.934607
1.2661
1.86034
2.30045
0.85486
0.810691
0.177331
0.140388
0.15797
1.10373
0.747258
0.272395
0.397956
1.11134
0.586382
0.955003
1.42224
1.74166
2.59814
0.721965
0.51276
1.63123
2.06835
1.0281
1.4105
0.913344
0.932352
1.26377
0.589967
0.840993
1.314
1.19682
1.03689
0.601302
1.20621
1.20314
0.8919
-0.1181
0.258301
0.512502
0.656868
-0.0293345
0.706454
0.16713
1.37153
1.75916
0.206445
0.493236
0.613593
0.928214
0.927125
1.53669
0.849107
0.90275
0.225314
1.26079
0.399313
0.740079
0.680793
0.282951
1.0132
1.864
1.50321
1.57055
1.05148
2.06534
1.06008
1.84214
0.376255
0.545025
-0.0224268
-0.269795
1.1061
0.385351
0.321112
0.548247
0.198002
0.0603
0.42999
0.217426
0.228485
0.650185
1.1973
0.178598
0.463712
0.417696
0.618001
0.970228
1.67281
0.995631
0.880665
1.45006
0.403805
-0.200146
0.866669
-0.337256
1.24213
0.173028
-0.638593
0.0175958
0.508675
0.750914
0.501792
1.08817
0.323241
0.891856
0.0713965
0.817536
0.355924
-0.106203
0.504719
0.212927
0.336658
-0.538023
0.0370939
1.28941
0.359252
1.05242
-0.00131151
-0.485363
0.245078
0.0912469
0.588834
1.0605
1.1924
0.437268
0.77795
0.41028
0.0091324
1.52642
1.39064
1.2485
1.30109
0.48844
1.20391
0.938562
1.05877
0.679796
0.690431
1.533
1.10404
1.07838
0.976176
1.26044
0.0364815
0.335152
0.521295
-0.0809591
0.578132
0.191177
0.521935
0.501025
-0.376152
-0.0308209
0.401662
-0.433086
-0.365833
0.603686
0.0886995
0.644661
0.476589
1.38905
1.49772
0.949941
1.42103
1.38211
0.992746
0.905512
1.22014
0.690141
1.42611
1.82605
0.920672
2.15199
1.5878
1.28783
1.55737
1.04559
0.747611
1.31876
0.793416
1.32822
1.03301
1.50385
1.53183
0.263974
1.38305
0.93743
1.3692
2.15978
0.875929
0.99581
1.04157
0.376167
0.629912
0.673275
0.600494
1.47952
1.42466
2.05738
1.56863
1.92562
2.60149
2.03153
1.56673
2.29544
1.49562
1.71872
1.38498
1.87954
2.41753
2.48052
1.96164
2.178
2.05485
2.30689
1.913
2.63278
2.45991
2.39655
2.71506
1.87312
1.56845
0.830332
1.03598
0.756126
0.426518
1.43597
1.58384
0.938625
2.18677
1.5537
2.00815
1.24702
1.29846
0.94311
1.30797
1.21801
1.46188
1.12322
0.739757
0.0991534
0.292172
0.169775
0.172605
1.21345
-0.121452
0.784701
1.39017
1.23874
1.46427
1.63406
1.0696
1.27389
1.14174
1.11473
0.778102
1.22226
0.815227
1.37436
0.371204
1.06246
0.996159
0.233537
0.921615
-0.463152
-0.291244
0.833169
1.10846
0.813154
-0.340269
1.53909
1.06725
1.61605
2.06138
1.24359
1.33627
1.38304
0.807317
0.897818
1.26954
0.995815
0.180813
0.255224
1.0225
0.206828
0.0897585
-0.0254253
0.210633
1.17387
0.607531
0.629912
0.715319
0.541072
1.00158
0.573756
-0.101874
0.370099
-0.00646901
0.439584
0.23462
-0.481271
-0.933711
-0.826012
-0.497356
-0.358686
0.353038
0.201872
0.251412
0.452598
0.48456
1.34681
0.68174
0.514345
1.12948
0.432566
0.725952
0.079876
0.325001
0.715661
0.769012
0.926395
1.51019
0.842135
1.66603
1.27016
1.29794
2.10203
0.90907
0.32438
-0.149742
0.383078
1.64383
1.62357
1.64357
0.726592
1.36335
0.221073
0.701328
0.904394
0.947878
0.0948891
0.922647
1.48385
0.779029
1.15078
1.12002
1.57803
2.26742
1.80587
0.74987
1.42754
2.12223
1.81159
1.897
0.96829
0.666206
0.23849
0.892641
1.82068
1.14001
1.47693
0.394655
1.20862
0.432946
1.08787
0.817627
0.318743
1.67208
1.56095
1.28717
2.52302
0.375887
0.730076
0.986176
1.79711
1.66698
1.08229
0.597291
1.20795
1.16726
1.38043
1.42594
1.39563
1.21512
1.88838
1.66677
2.24508
1.19893
0.813567
-0.15784
0.666267
-0.788993
-0.191486
0.269388
0.426478
0.0452843
-0.143523
0.721764
1.37877
0.844454
0.942926
0.452009
0.368214
-0.160477
-0.509855
-0.361383
0.311277
-0.0854473
0.700578
-0.0692909
-0.125736
0.991605
0.744887
0.697977
1.45823
0.69818
1.53185
0.943629
1.36597
1.33594
0.892396
1.94035
1.17851
1.33236
0.979268
0.263542
0.884638
1.99948
2.15828
2.67909
2.08521
2.71281
1.55203
0.876606
1.96697
1.34745
0.815935
1.87256
1.90686
1.14368
0.905733
0.907427
0.289653
0.112303
0.741088
1.51199
0.977424
0.856805
0.611382
0.853303
1.18508
1.63502
0.843739
0.702556
1.55776
1.49849
1.79929
1.00084
1.37901
2.09433
1.40971
2.10183
1.68641
1.27542
1.85995
1.93996
1.95927
2.09956
1.54199
0.981847
1.82914
2.17676
1.7018
0.734209
0.672452
0.700254
0.0511813
0.367045
0.359144
0.312705
-0.579497
-0.804372
-0.0682532
-0.0357446
0.316815
0.944391
0.904829
0.873808
1.03546
0.908167
-0.0808744
-0.199334
-0.210079
0.84848
0.575189
-0.444512
-0.153246
0.0864206
-0.837875
-0.534381
0.578409
0.26107
1.49898
0.799557
0.855123
0.571235
1.06082
1.05945
1.03366
0.624445
0.827867
1.60825
0.125392
0.852591
0.56272
0.979038
1.04895
0.245948
0.138901
0.0919472
0.872917
0.200885
0.0932933
-0.416369
-0.323012
-0.150179
-0.109798
0.326376
0.767442
0.709713
0.108074
0.286073
0.177247
0.0336598
0.4669
0.836644
0.717973
-0.226854
0.509727
0.403094
0.101213
-0.199034
0.734012
0.88461
0.767284
1.42709
1.42676
1.70922
1.62512
1.81748
1.03752
1.04909
1.50263
0.900472
2.10536
1.10945
1.08833
1.05729
0.453032
1.15922
1.22108
-0.0791038
0.0707531
0.667565
1.25753
1.54479
1.59174
1.46152
0.731128
1.85497
1.94603
0.86637
0.494137
0.491769
1.06425
0.411592
1.11409
0.377659
1.91121
1.06907
1.50244
0.942326
1.50564
0.435793
0.87827
0.374724
0.119319
0.847316
1.26211
1.58813
0.33971
1.30268
1.27331
1.33233
1.14079
0.161757
0.769172
0.903746
-0.135172
0.771968
0.210941
0.657075
-0.638809
-0.611737
0.797046
0.831242
0.484119
0.182188
-0.225155
1.25285
0.896312
0.374628
1.25859
1.14791
-0.090341
1.04856
0.0510347
1.57969
1.64422
1.79631
1.54214
1.3003
0.894774
1.52979
1.04862
1.19152
0.695941
0.482801
1.92989
1.80119
0.0783329
1.10683
0.847919
0.910927
1.36869
0.775071
0.628947
1.1059
0.706684
1.06126
1.25127
1.57366
1.83668
1.58673
0.809966
0.872879
-0.184915
0.813984
1.45507
1.94526
1.56136
1.52372
0.808378
1.16148
2.61494
1.73391
1.30715
1.49533
2.28078
1.94966
2.07726
0.752537
1.48785
2.07211
1.04988
1.56788
1.22951
2.04689
1.18854
1.90797
1.8309
1.26123
1.94555
1.11642
0.60184
1.16354
-0.0168798
0.434508
-0.739964
0.461819
0.0119689
0.791858
0.589208
0.610154
0.217302
1.14803
0.130304
-0.281127
0.355187
0.568134
0.111549
0.320497
1.25293
0.982242
-0.300272
0.434257
0.521234
-0.342611
-0.250153
-0.437866
-0.376113
-0.0565778
-1.01567
-0.150065
0.642072
0.710779
0.647337
0.591067
0.487895
0.197672
0.246702
-0.216838
-0.616361
-0.791952
0.00886087
0.119095
-0.331883
0.211932
-0.753854
0.600125
0.510069
1.46171
1.41402
0.91398
0.698648
0.604037
-0.400298
0.38242
-0.000155677
0.908335
0.4626
-0.104979
0.113108
0.25209
-0.293314
0.584434
0.981332
1.254
0.355906
1.22741
0.95596
1.13137
0.757185
0.182807
1.77757
0.971835
1.03479
1.69716
1.37445
1.91789
2.03409
2.27097
2.77707
0.771276
1.18236
0.585144
0.718893
0.608971
0.814126
1.08623
0.188943
0.31959
-0.261283
0.0899794
0.635918
-0.102763
-0.0944337
0.893937
0.198428
0.50802
0.983956
1.19829
1.28757
1.18426
1.05364
0.525662
0.537674
0.174776
0.424948
1.05089
1.00635
0.776358
0.583017
1.1526
0.775183
1.00106
1.8991
1.36272
0.586512
0.967862
0.931218
0.892454
0.279164
1.723
1.58363
1.18215
1.26991
1.78247
0.818905
1.13164
1.89939
2.03299
0.59221
0.466756
1.60345
0.650807
1.36588
0.499558
0.585444
1.40928
0.642828
1.52089
1.04461
1.5718
1.02555
1.53731
2.20523
1.19466
1.92881
0.255704
0.161327
-0.116821
0.916672
0.588705
0.394374
0.587194
0.58043
0.997758
-0.103068
-0.231553
0.616791
0.117742
0.594792
0.757965
0.252892
0.332838
0.706295
0.183349
0.567946
0.874556
0.430664
0.169101
0.750689
1.01995
0.896517
0.838289
0.844773
0.458264
0.889126
0.757377
0.775042
0.189728
0.997775
0.405674
0.346849
-0.180505
0.420989
0.959653
2.09803
1.47363
0.690787
0.487109
1.00428
0.954517
0.702151
1.07924
0.98898
1.13843
1.08978
1.24995
0.701669
1.04225
1.60315
0.947571
1.65659
1.65618
1.1665
1.87149
1.59914
1.02922
1.30206
1.53115
0.73838
0.782173
-0.140265
1.14035
0.575752
0.152739
-0.285744
0.102684
0.258304
0.930557
0.671082
0.986841
1.22275
0.96607
0.846677
0.798527
0.604401
0.559024
-0.0364803
0.326252
0.689594
0.161253
0.847955
-0.0517554
0.210999
-0.884146
0.535423
0.510808
1.35933
0.852509
0.833252
0.964498
0.204622
0.652943
1.23764
1.00795
0.869343
1.72623
2.20798
0.918895
1.2389
0.605889
0.756894
1.34473
1.40497
0.786002
2.61553
1.68521
1.52581
0.102259
1.28136
1.15073
1.41855
1.94093
1.25731
1.54851
0.820523
1.42305
1.10666
1.56345
1.14688
2.05215
1.24753
0.824442
1.5688
2.10867
0.926669
1.23925
1.22488
0.229778
1.41312
0.733059
1.3468
0.677905
1.16776
-0.0435602
0.22129
0.658643
0.58164
0.758305
0.285942
1.37247
1.55473
1.28718
1.66142
1.51611
1.55012
0.370179
1.39053
1.73835
1.56854
1.61257
1.93649
1.18615
1.61605
2.80862
2.42683
1.93439
2.41036
1.67799
0.141115
1.6986
1.34511
1.47543
1.31664
0.826828
1.66246
0.904517
1.56684
1.50527
1.40373
1.03593
0.922957
1.22838
2.14676
1.24049
0.880356
1.00569
0.846488
0.971058
1.53114
0.520036
0.602373
1.41389
2.52808
2.07026
1.91448
0.860939
1.67817
1.69379
1.74052
1.70726
0.820801
1.64272
2.07818
0.629301
1.04771
1.50668
0.773871
2.29647
1.29462
1.57614
1.29844
1.18764
0.847529
1.13894
0.800878
1.48461
1.84965
1.0298
1.55074
0.522735
0.687608
0.68173
0.689863
0.88263
1.30095
0.635913
0.342779
0.655516
0.310816
1.42418
0.559048
0.533555
0.899558
0.537348
0.240843
0.16364
-0.0580256
0.306453
-0.47678
0.85855
-0.229418
0.646601
-0.298041
-0.533844
-0.517549
-0.0300729
0.20161
0.413122
0.436578
0.522753
0.645933
0.564687
0.49428
2.27558
1.29246
1.00809
1.88313
0.887061
1.36504
1.03413
1.33577
0.415525
1.59539
0.621138
1.46165
1.6404
1.12584
1.22763
0.522614
0.992188
0.0556038
0.345
-0.554067
-0.546063
-0.588247
1.1279
1.7475
0.955733
1.02003
0.339911
0.989766
1.05373
0.974589
0.80938
1.22922
0.839249
1.03393
-0.155541
0.455241
-0.154026
0.807912
1.08726
1.1991
0.767929
1.39665
0.493035
0.589217
1.07233
0.0253691
-0.110378
1.50702
0.891574
1.12774
0.756364
0.0534781
1.23513
1.14
0.0867175
0.555291
0.483868
0.37288
1.25081
0.218785
0.698848
0.558829
-0.114869
0.993863
0.410227
0.81259
1.14774
0.837663
-0.743854
0.631654
0.572565
0.627273
1.85648
1.41716
1.73928
1.04431
2.00954
1.67648
1.13729
1.14391
0.620206
0.239418
-0.0592055
1.15917
1.72868
0.696595
1.01254
0.668392
2.39603
1.44279
2.02522
2.54215
2.07766
1.90981
1.64589
0.895086
0.88804
1.69025
0.270905
0.686683
-0.0390359
0.052466
1.17116
0.98234
1.10639
1.65645
1.22049
1.14038
1.70619
1.55584
1.38538
0.294265
1.30478
1.99638
1.98239
1.4258
1.02893
1.82288
1.6528
1.96768
1.7735
0.801708
1.34534
0.982899
1.10227
2.24404
1.38594
1.19122
1.92066
1.84917
0.968266
1.58638
0.701746
0.866735
1.59847
2.10174
2.61816
0.977883
1.14526
1.42646
2.23882
1.7933
2.07247
2.01002
2.04976
1.39496
0.289074
1.0954
1.11665
1.00591
1.13427
2.12181
2.10395
2.5058
2.77329
1.4233
1.0504
1.65529
1.32804
2.42061
1.93113
1.81685
2.11112
2.76322
2.87125
1.17257
1.59597
1.56976
1.77977
1.92201
1.12836
1.3311
1.72686
1.65978
2.24848
2.02706
2.44315
1.79031
1.30449
1.18432
1.38443
2.14458
1.41489
1.49198
1.6687
1.52345
1.41346
1.78471
1.91256
1.65492
2.06342
2.65867
2.88792
2.44851
3.04572
2.18833
2.12288
2.45226
2.19687
1.82483
2.08608
1.81248
1.63842
1.35379
1.28797
2.05153
1.36631
1.42621
2.35363
1.37789
1.35895
0.850984
1.12702
0.565147
1.54751
3.12944
1.64816
0.773537
0.87391
1.36399
1.30073
0.663282
1.70396
1.42587
1.30651
0.962656
0.709431
0.711463
0.879041
1.10813
1.08715
1.33604
0.859206
1.96294
0.778197
0.824373
1.16549
2.02111
1.0579
1.37739
1.15471
1.26014
0.32809
0.720741
0.671315
0.937058
0.721568
0.822251
1.73631
1.37097
1.76392
1.3707
1.98237
1.22438
1.7357
1.6469
1.39046
1.21304
1.05954
0.429139
1.28296
1.42094
1.28259
2.21448
1.84906
2.46192
1.42136
0.897086
0.960371
1.53891
1.5424
2.35783
1.4626
1.90518
1.1508
1.24365
2.54094
0.87046
1.55848
2.03417
2.07203
1.87655
2.1311
1.86378
1.78409
2.50602
1.41647
1.55826
2.15144
2.13575
1.61559
1.22932
1.12904
1.87993
1.59469
2.53635
1.70871
1.78397
1.58706
0.965028
1.64189
1.22703
1.34362
2.56475
1.68677
1.43588
1.89929
1.52456
1.89961
2.15446
2.01298
1.3598
1.26246
1.57813
1.55973
1.63861
2.32547
1.71467
1.34116
1.6549
1.88054
2.15261
1.93329
2.34417
1.32772
2.09298
1.54607
1.57382
0.750678
0.013418
0.182916
1.23045
1.38069
0.169329
1.42445
0.61864
0.33964
0.201354
1.28198
1.24275
1.18784
2.34108
1.2522
0.621181
0.655098
1.36409
1.70284
0.149576
0.55681
1.55724
1.26284
1.53832
1.42204
1.06471
1.68252
1.92722
1.36697
1.591
0.0353874
0.536065
0.529955
0.569794
0.467581
1.41837
1.24959
0.507388
1.06806
1.06324
0.543442
0.783531
0.782161
0.725025
0.779188
0.379928
0.498641
-0.276093
0.0252233
0.91791
0.381731
1.38296
1.12145
1.3624
0.815532
0.996197
1.39359
0.0550937
-0.17774
1.35616
0.702533
-0.841514
0.346866
1.10692
0.397352
0.690523
0.475748
1.286
0.998496
1.10453
1.31142
1.12305
1.00517
1.14704
1.82916
2.13934
2.48769
2.12137
2.18224
1.78457
1.06264
1.01365
0.560941
1.45236
1.78484
1.29713
1.49103
1.39572
1.44282
1.29376
1.14297
0.80876
1.08025
0.43617
1.7864
0.192676
0.477049
0.851062
1.16511
1.11245
1.40967
0.211041
0.996175
-0.217094
0.198336
0.684134
1.1648
0.861149
1.88097
0.568811
1.24103
1.83961
1.79128
1.50825
0.786781
0.30719
2.08971
0.27802
0.592852
1.07898
1.16632
0.878604
1.46622
0.966204
2.10444
1.92124
1.63269
2.11469
1.59385
1.56627
1.32519
1.51703
1.18184
0.668813
0.989145
0.831099
1.01878
1.56859
1.49498
0.786502
1.65823
1.62631
0.978298
1.53043
1.10147
1.0142
2.57767
0.629352
2.15067
0.991043
2.93275
2.90068
2.39083
2.29404
2.61621
2.3295
2.02609
1.84039
1.75221
1.40183
1.54797
2.56212
1.88371
1.67956
1.83794
1.98342
1.23544
1.08878
1.34076
1.04096
1.92759
1.31808
1.50187
0.542208
0.940201
0.890487
0.913869
0.482006
1.38072
0.571889
1.0024
1.46143
0.109881
0.738841
0.838467
1.25485
1.0057
1.07183
1.87262
1.80325
1.53579
1.82049
0.88065
1.00584
0.387339
-0.0216384
0.436254
1.7161
0.806844
0.941265
0.376009
-0.109565
0.150561
1.57578
1.55505
1.53544
0.448798
0.783124
1.31376
1.8421
0.644624
0.870117
1.11632
0.823339
1.03644
0.104938
0.480459
0.797192
1.0926
1.78511
1.65292
1.83583
1.13515
1.8796
0.598684
0.691912
0.544437
0.622713
0.0941102
-0.245285
0.243315
0.28497
1.55388
1.20866
1.38812
1.35692
0.775365
0.768527
0.993146
1.17143
1.30508
0.662081
1.27872
0.290009
0.731731
0.670523
0.974942
0.730621
0.752159
0.0284502
0.561133
-0.387392
0.654064
0.644866
0.00208249
0.4884
1.55286
1.08193
0.774244
1.36346
0.93151
0.924137
1.03883
0.601901
0.818793
0.936514
0.460328
0.180331
0.799696
1.24943
1.28443
1.36417
0.974455
0.849265
1.24238
0.583087
0.673436
0.940908
0.455395
0.211422
0.601252
-0.217539
0.724117
1.20715
0.502112
1.54314
0.66842
0.658658
1.0482
-0.101242
0.963397
1.78003
-0.149235
0.559339
0.798672
-0.10766
-0.456226
-0.219656
-0.53165
-0.123577
-0.786616
0.126678
0.53345
0.100412
0.121431
0.425415
0.359999
-0.167931
1.01871
1.42475
1.13788
0.993989
1.35534
0.942612
1.1553
1.3966
1.26599
1.33357
1.70316
1.01511
-0.193552
0.415003
0.35175
0.321752
0.623381
1.30384
1.43552
0.706101
0.862379
0.823722
1.27435
1.735
1.95559
2.14804
2.57701
2.08976
2.44347
2.30135
1.93018
1.88721
2.26744
2.42761
2.41449
2.497
2.39517
1.64359
0.943872
2.1318
2.11888
2.82283
2.42143
1.87869
2.19351
1.93748
2.39121
1.46906
1.47709
1.42052
2.02619
1.45583
1.91711
1.81285
1.30862
1.40848
1.73375
1.4964
0.990933
1.86486
1.84876
1.34071
1.53862
2.09861
1.41997
1.74818
1.45245
2.5987
1.4025
1.18061
1.56438
1.20997
0.894156
0.657719
2.42735
2.07575
1.20969
2.23643
1.09565
1.42493
0.273272
0.711204
1.71948
0.925485
1.18657
1.05352
0.813517
1.47348
1.35093
1.58032
0.969879
0.661898
0.135484
0.495749
1.49899
1.65202
0.318299
-0.0137991
1.27602
1.58055
1.27577
0.179132
0.776996
0.936846
1.21752
0.797993
0.599158
1.58114
2.1353
2.33717
2.16014
1.53934
1.05076
1.70052
1.9483
1.58077
0.878365
1.20688
1.10198
1.41148
0.283288
1.28311
0.737775
2.3005
0.544044
2.46104
2.08598
1.61265
1.05026
1.33979
1.68131
1.24138
1.88885
1.64983
0.753299
1.31318
1.43046
2.35394
1.60842
1.17909
0.969063
1.03886
1.36983
1.41987
1.60182
0.759283
2.09807
1.83505
1.8086
2.33236
2.48224
2.00427
2.52112
1.51026
2.18705
2.17766
2.4029
1.29049
0.870588
1.27829
2.28421
2.37307
2.52518
2.61859
1.63696
2.36135
1.59334
1.1187
1.60912
1.88223
1.20448
2.1357
2.03239
2.28314
2.16628
1.18397
1.65859
1.68708
2.7403
2.35993
2.43765
2.86222
2.4659
2.46917
2.58307
2.5904
2.05939
2.41598
3.45851
2.63568
1.76352
2.12609
2.43246
1.90493
2.7887
2.73471
2.62239
3.25257
2.91814
2.69963
3.11408
2.56971
2.9531
3.91645
3.65942
2.38227
3.76582
3.14945
2.82985
3.29956
2.57979
2.48451
2.32693
2.23675
2.50956
2.28159
2.21389
2.17625
2.78115
2.45466
2.62499
2.43812
2.68311
2.23594
1.39932
2.34429
0.944202
1.66338
2.00879
0.72017
1.35383
1.80601
1.64537
2.43645
1.92855
2.00045
2.13001
2.53294
2.19622
2.53169
1.8026
1.61668
1.27074
0.932626
1.22668
2.05863
2.46217
1.68699
0.808816
2.10863
2.3814
2.02521
2.37011
0.840542
1.21138
0.709784
1.54307
1.25729
0.0903835
2.51324
2.0682
0.92297
1.60491
1.15881
1.98013
1.6482
0.96513
0.858208
2.14719
2.24004
1.99092
1.39756
0.941021
1.49327
1.54974
1.55043
2.86806
2.40175
1.60842
2.36717
1.77111
1.45608
2.05819
1.34722
1.48861
2.13587
1.1018
1.83665
1.36366
1.11345
0.747749
0.925339
0.197557
1.03013
1.10761
1.02252
0.641616
1.25361
2.37902
0.56868
0.185291
1.68281
1.00231
1.10454
0.671958
0.387057
0.488922
1.38253
0.805162
0.307427
0.622928
0.0483308
0.797958
1.71214
2.00438
1.30522
1.07812
2.3488
1.43073
0.917956
-0.0769938
1.27261
0.56898
1.03069
0.226597
0.74473
1.71464
1.37507
1.39626
0.837259
1.6527
1.42541
0.875488
0.502084
1.5193
0.627533
1.00634
0.846871
0.561648
0.655894
1.29395
1.02193
0.749612
0.218919
1.2486
0.43352
-0.208005
0.169366
-0.212033
0.379834
1.28461
0.814117
1.83668
1.37375
0.610399
0.285649
1.37848
1.19288
1.07008
1.03883
1.31261
0.331434
1.30756
0.843614
0.828034
1.79836
2.03681
0.989422
-0.0330013
0.862044
0.659016
1.69855
1.21466
0.968812
1.2262
1.4979
0.785431
0.749997
0.928353
1.28501
2.10601
0.782191
1.63783
1.26814
1.23401
0.621504
-0.334895
0.467709
1.23349
-0.0260727
1.02761
0.249629
-0.105854
0.569541
1.3656
1.17853
1.11284
1.89732
2.07407
1.37022
1.20745
2.02198
2.21073
1.00109
1.33142
0.866825
1.68694
1.40649
0.798904
1.48046
1.06484
0.855033
1.22886
0.500646
0.709436
0.881766
1.04763
1.24239
1.15858
1.1589
0.408953
1.45635
0.930022
1.54024
1.97908
1.13182
1.37874
1.46554
1.27721
0.649708
2.09028
1.34819
2.4707
1.01434
1.00422
0.541585
1.44966
0.870461
0.893933
0.434083
1.00744
0.582004
1.1852
0.366231
1.12986
0.891374
1.478
1.4168
1.27077
1.74208
1.43135
1.81745
1.98326
2.17576
1.85992
1.80888
1.89527
2.17613
2.02896
1.35038
1.79267
1.36065
1.52985
2.31369
3.06719
1.88825
2.37255
2.09033
1.52944
1.81078
1.24735
1.22714
2.76103
1.52329
0.910126
0.498837
2.10901
2.11313
0.412786
2.04121
1.43153
2.63814
3.41252
1.61835
1.93531
1.48518
2.22576
2.68324
1.67689
1.70493
2.21745
1.82434
1.204
1.12979
0.301371
1.94181
1.76288
1.70816
0.494258
2.17847
1.28618
1.05696
1.07216
1.44222
1.84692
1.79181
1.41705
1.40569
2.33167
2.53159
1.59736
2.36494
1.74264
1.57615
1.05021
0.754171
1.55159
2.3711
2.74883
2.77621
2.66761
2.46815
1.69934
1.66924
3.16434
2.91909
2.55341
2.3313
2.8075
2.14662
2.45922
2.23892
2.33901
1.81195
2.69785
2.55056
2.21094
2.36598
2.0452
2.67685
0.993441
0.68121
2.14056
1.42435
2.89497
3.52232
1.80233
2.35019
1.84496
1.47563
0.697604
1.7912
1.25994
0.553653
1.10514
1.34164
0.424633
1.47984
2.02392
2.26563
2.25832
2.72188
2.90972
2.20515
2.36489
1.52094
2.06755
1.37784
0.973555
0.754057
2.03273
1.3488
1.78432
2.94295
1.58926
1.38223
1.47776
1.32079
0.138388
1.80107
1.58101
2.0068
1.61149
1.73225
1.16364
1.50716
1.38517
1.86461
1.49814
1.48274
1.31145
2.35725
1.857
1.99248
1.59183
2.15492
1.64864
1.37642
1.94315
0.823621
1.437
2.00942
1.74163
1.89618
1.92022
0.993876
1.39401
1.09967
0.121642
0.841073
1.18942
0.92109
1.05845
0.111228
0.554655
0.223272
0.352504
1.3444
0.83396
0.700788
0.297936
0.412266
0.749028
0.630438
0.85971
0.898695
1.33607
1.05851
0.734465
1.84128
1.9177
2.06328
2.66535
1.47218
2.61928
1.54034
2.75522
2.76507
1.14189
2.65815
2.21523
1.72344
2.2074
1.51624
1.87288
2.02308
1.27165
1.39545
2.46123
2.42356
2.69101
1.85168
2.82215
1.55287
1.5389
1.11792
1.0091
1.87202
1.17951
1.70488
2.01143
1.65641
0.960548
3.27653
1.87592
0.938246
1.68542
2.54675
1.81182
0.795246
2.18025
2.38797
2.45059
2.74679
1.88243
1.86154
1.61979
1.86462
2.15005
1.64205
1.64257
1.20166
2.80708
1.11887
1.80586
1.79387
2.10148
2.1448
1.05682
1.50633
1.15769
1.25395
1.12447
2.27639
1.58732
2.42358
1.90618
1.47183
2.56717
2.19919
2.2829
1.91003
2.05378
1.60214
1.9927
2.39299
2.35862
2.18035
1.17502
2.34735
2.47122
2.2988
1.38325
2.4503
1.41905
2.69801
2.70929
2.53503
3.23593
3.26731
3.0025
2.84833
3.0632
3.2474
2.52528
2.97262
3.27076
1.66293
2.37316
1.54676
1.54406
2.19099
1.76784
2.40708
2.39557
3.08623
2.49149
2.28931
2.53005
1.77033
2.72281
3.37748
3.17791
3.48293
3.23818
2.66024
3.33757
3.37629
2.76532
2.7716
3.05114
1.76189
2.51687
3.16022
3.04828
3.09223
3.21283
2.5679
2.79013
3.05923
3.64526
4.08979
3.92724
3.04863
3.1326
3.59033
2.69632
2.56211
2.75319
2.73538
3.12026
3.20468
2.97674
2.57554
2.91998
1.90957
2.99757
3.08625
2.36247
2.87912
2.54978
3.2853
2.03876
2.51631
3.5365
2.25255
3.07456
3.04534
2.99337
3.10848
3.83484
2.93878
3.69436
2.95539
2.16565
2.05412
2.72612
2.20662
2.37796
2.32648
1.66504
1.90228
3.53581
3.49776
3.60954
4.10507
2.48559
3.54305
2.90082
2.76791
3.63415
3.94008
4.02549
3.5384
2.62435
3.13284
3.1335
2.61465
3.42161
2.77687
2.77584
3.47339
2.62367
1.38263
2.30679
3.15382
3.38504
2.81116
3.1168
3.27514
2.83331
3.27585
3.05988
3.39138
3.07965
3.08441
2.66081
2.4844
2.10959
2.32092
2.16807
2.57149
3.67981
2.95575
2.74387
2.46531
2.81028
3.44251
3.75762
2.78516
2.13265
1.40462
1.95805
2.42306
1.54105
2.34717
1.34613
1.70299
1.19697
2.54148
3.22274
3.08921
3.42278
1.78757
2.72213
2.16141
2.10939
2.53736
2.68112
2.85535
2.93077
3.01823
3.01099
2.22784
2.74004
2.47913
3.06054
3.19309
2.66398
3.01344
2.38059
2.45396
2.87023
2.58502
2.52778
2.32064
2.61677
3.42661
2.70204
3.62149
2.94438
1.98144
1.87241
2.4271
1.94539
2.46544
2.16403
2.7308
1.87527
2.29211
2.11095
3.05661
3.37924
4.18929
2.83081
3.02742
3.74321
2.5919
2.6391
2.63023
3.27358
2.92443
3.08222
2.19323
2.36125
2.40246
2.33701
2.22219
2.55133
2.08604
2.10977
2.86261
2.37025
3.06583
2.33205
3.04399
1.75385
2.58889
1.75747
2.41005
2.13118
3.06962
2.99976
3.51855
3.27423
2.36037
2.8515
3.73878
2.40722
3.12591
3.52796
2.88367
2.74431
2.91199
3.29521
2.61339
2.44748
3.32629
2.2841
2.74433
3.08921
2.36445
2.93096
2.35102
1.43976
1.79928
2.35183
1.9203
2.27477
1.55556
0.952687
2.63719
2.33838
2.26607
2.80832
2.37721
1.94738
2.81234
2.2316
1.77755
2.32638
2.21758
2.34995
2.53485
3.04372
2.33673
2.68084
2.98343
2.58534
2.16956
2.33558
2.48503
2.5993
2.71518
1.90729
2.6298
1.75579
2.54545
2.12665
2.73763
2.6426
2.50644
3.11617
2.86365
3.32399
2.29412
3.19354
2.75725
2.92782
2.92827
2.45147
2.51197
2.67238
3.24609
2.18468
1.94307
2.80492
2.90814
2.36607
1.47549
2.159
1.82065
2.24352
2.75203
2.84981
2.14163
2.76162
3.0368
2.6121
3.09043
2.86373
2.95608
2.36544
2.7022
2.92151
3.10464
2.50459
2.43255
3.13458
2.93597
2.36889
2.44159
2.331
2.78075
2.60576
0.968617
1.06431
2.60121
1.90239
2.65486
2.13521
2.26829
1.78007
1.20308
2.69586
2.46649
2.29435
2.03078
2.26832
2.46339
3.15976
3.17256
2.62958
2.61806
3.40192
4.13727
3.96314
3.77368
3.3941
3.48761
3.38807
3.33697
3.09204
2.95097
2.14825
2.37241
2.76451
3.30177
2.69458
2.05544
2.71105
1.7632
0.909982
2.65258
2.17509
2.36804
1.93627
3.15403
2.91876
2.39407
2.89218
2.84238
3.20922
2.49598
1.99991
2.19543
2.15377
2.14153
1.90326
2.16529
2.05415
2.31799
1.71525
2.04323
1.87484
1.8708
0.624273
1.40468
1.59438
1.52948
1.97813
2.34738
3.32245
2.48097
2.14184
1.75168
1.68795
2.15034
2.65862
3.24357
2.02373
2.0862
2.14257
2.28891
3.3446
1.99247
3.20323
1.74325
2.19272
3.31934
3.02344
2.51669
1.91408
2.58099
1.65892
2.73046
2.12303
1.70067
2.13822
3.16958
2.64949
1.28614
2.34814
2.54489
2.06975
2.70488
2.38425
1.65029
2.79355
1.42557
1.79203
1.15169
1.54038
2.12986
3.09331
3.14985
1.96691
1.73748
2.13249
2.31275
3.01049
1.41588
2.83368
2.93312
2.21861
1.99697
2.86961
2.73411
2.30925
3.06263
2.63913
2.83443
1.59502
2.60792
1.92533
1.72768
2.40446
2.58926
2.53743
3.35383
2.79417
1.60999
1.3716
1.37169
2.08489
1.79389
1.94771
2.31139
1.86519
2.26411
2.70087
1.74812
2.21034
2.45474
1.56373
2.33163
1.78698
2.3282
2.90759
2.24976
2.78819
2.58159
2.47386
2.19241
1.72829
2.22461
2.1094
3.18043
3.51227
2.38743
2.06034
2.68763
2.3039
2.57197
2.17042
2.26416
3.02143
3.08508
2.6179
2.60693
2.35061
2.80804
2.15419
2.00161
2.63927
2.80301
1.75027
2.34998
2.47621
2.14794
2.22817
1.90191
2.11292
2.40969
2.45943
2.25088
1.90694
2.75973
1.384
2.15091
1.59709
1.90893
2.39077
1.69374
3.25971
2.45409
2.07558
2.72767
2.90615
2.00155
2.92967
2.14236
2.05074
2.02316
2.30594
3.34677
3.1136
2.0684
2.02884
2.73005
2.25697
2.62019
2.51296
2.55467
3.00326
3.30802
2.45041
1.683
2.63033
2.92267
1.57499
2.84435
1.49899
2.7055
1.27145
2.58407
1.5609
1.90126
2.36757
2.53176
1.88922
2.19309
3.1891
1.9558
1.85979
2.6974
2.20173
2.66343
2.385
1.76482
2.46171
2.57205
2.79748
2.65905
1.73748
1.56683
1.27454
1.94821
1.14919
1.76347
2.90843
1.69506
3.21581
3.74332
2.74618
1.84009
3.13109
2.75211
2.22717
2.58497
2.53263
3.29361
2.20752
2.92168
2.72632
3.13407
2.62932
2.46971
2.86161
2.44251
1.64173
3.0103
2.34857
2.71343
2.34376
1.89282
3.28468
2.59395
2.24769
2.04995
3.78972
3.97961
3.11888
3.23704
3.16205
3.34811
3.74684
3.24719
3.48785
2.93882
3.45997
3.46048
2.92797
2.5383
2.06629
2.41394
3.32359
3.24665
2.51157
2.79849
2.41722
2.21749
3.29747
1.53583
1.8702
3.08975
2.22647
3.29468
2.74793
2.33781
3.16091
3.41553
3.44841
3.43362
3.00072
2.95284
3.15059
2.64545
2.67439
3.34424
2.08115
3.31249
2.4892
3.34557
3.12794
3.5938
3.07659
2.51773
3.9882
2.17815
2.68367
2.05066
2.28866
2.74717
3.30737
2.62503
2.57988
2.79128
3.86027
2.66593
2.82932
1.86957
2.12656
2.01014
2.32501
2.57352
2.07748
1.73942
1.92861
1.55416
2.33445
2.02969
2.35305
1.98725
2.35296
2.03214
2.62187
2.6826
1.90039
2.98703
1.54319
1.45447
2.12836
1.76938
1.50764
2.28401
1.39423
1.32202
1.73652
1.7812
2.29238
1.64848
2.0383
1.92009
1.36176
1.38102
2.52523
1.42175
2.52401
2.1001
2.31585
2.28613
1.59168
1.58038
1.32233
1.84609
2.60151
2.01668
1.70338
1.46302
1.77152
1.8427
2.1573
1.67425
2.26862
1.50614
1.60402
1.60958
1.87031
1.34855
2.19254
1.26911
0.821346
1.08815
1.68049
1.66991
1.67018
2.35754
1.92863
1.62928
2.00655
2.53507
2.18378
2.31571
1.4648
1.66955
3.10611
1.44762
2.6706
2.41449
2.58566
2.37571
2.55338
2.1755
1.33457
2.14414
2.46374
2.70287
2.55406
2.67956
1.90595
1.7602
2.17126
2.52918
2.74392
2.96325
3.12889
2.68567
2.91376
2.14167
2.70741
2.88922
2.10955
1.54263
3.36968
2.78788
2.75757
2.99787
2.93304
2.87226
2.24722
1.50003
3.351
2.22282
1.64715
1.13611
2.54778
2.60601
1.82274
1.4709
1.39689
1.26139
1.52438
1.23826
1.48855
2.46343
1.59913
2.0537
1.43196
0.290333
1.2424
2.06288
1.75915
1.91998
2.19902
2.25718
2.94572
1.95819
2.47584
2.53739
1.41455
1.65692
1.9115
3.34396
1.75692
1.20708
2.34545
1.76464
2.86978
2.9702
1.69307
1.08629
1.12985
1.60579
2.20477
2.08127
2.31435
2.28257
1.70713
1.75085
2.19165
2.38087
1.63232
0.829026
1.30611
1.45942
2.29731
2.32256
1.4913
2.67764
2.89606
2.25945
2.76044
1.69953
2.2428
1.88682
2.05279
2.49871
2.76071
2.33251
2.44172
1.40007
2.17846
2.6967
3.10426
3.27603
2.84369
2.63412
3.33272
2.76633
2.10055
2.11449
1.89424
2.7231
1.50597
2.32984
2.08305
3.21049
2.51806
2.53954
2.49382
1.86084
1.71551
1.10975
1.18682
1.25859
0.799914
0.907745
0.934437
1.63422
0.867196
0.553137
0.217592
0.507726
1.43536
0.99339
0.88768
1.82082
1.47376
0.750342
0.954096
1.22218
1.39457
1.71549
1.67521
2.2303
1.53981
2.16035
1.88418
1.75854
2.26687
1.91615
2.16817
1.30962
2.23711
0.980841
1.037
0.879796
0.374133
0.947608
0.755753
1.73515
1.54332
1.82765
1.54708
1.76736
1.69407
1.03396
1.6088
1.17177
0.782018
1.15848
1.48171
1.05364
2.15696
1.64358
1.39109
1.24651
1.60551
1.46876
1.37702
2.03378
1.19398
0.504245
0.917303
1.58293
1.17819
2.52508
2.42278
2.53634
1.66685
0.670054
1.12045
1.95319
1.59183
1.99243
2.042
2.22654
2.35
2.32616
1.08337
1.75913
1.88638
2.01196
1.71029
1.66839
2.19364
2.49763
1.42062
1.39832
2.06578
0.876376
1.34824
1.30952
1.02307
1.1022
1.57015
1.90226
1.62662
0.566213
0.11976
1.03132
0.711213
1.4408
1.3804
1.5032
1.27022
0.970308
1.10667
0.631401
0.520603
1.06307
0.610674
0.909938
1.92056
1.11667
1.82649
2.13631
1.6292
1.05623
1.9826
1.48318
1.52918
1.84408
2.24048
1.69317
1.37691
1.07546
1.17671
1.34455
1.34019
1.63501
1.44991
3.06383
2.2648
2.55412
2.03748
2.77099
2.36223
2.21488
3.18033
1.86418
2.3552
1.7262
2.34416
1.72039
3.01681
1.83159
2.40365
1.76691
1.3505
1.41607
1.34522
1.82906
2.09067
1.82285
1.40491
1.67901
1.40152
0.947825
1.01243
0.428336
2.06899
1.00292
0.971548
0.845456
1.34289
0.504834
1.63978
1.59378
1.6024
1.30429
1.961
1.62448
1.7516
1.77329
1.28387
1.71786
1.42848
1.97627
1.84842
1.07211
1.72871
1.3891
2.12904
1.92751
1.84531
0.679986
1.99238
1.81849
1.85594
1.17583
2.46554
1.82417
1.99493
0.558902
1.22025
1.2129
1.99338
1.0117
2.34477
1.02759
1.26567
0.865509
1.74467
1.65612
1.18837
1.41495
1.93708
1.44116
1.90808
1.3343
2.26648
2.66395
2.4722
2.5151
2.14873
2.53877
1.21213
2.05054
1.40842
2.26941
1.60233
1.84144
2.43433
1.94572
1.64553
1.4055
1.46408
1.50529
1.83998
2.04095
2.20188
2.23378
2.48213
2.0729
2.04431
1.99746
1.80227
1.69865
2.09332
2.49973
1.6975
2.90586
2.86383
3.17126
2.39071
2.84216
1.97446
2.05757
2.44242
2.48733
2.16892
2.38559
1.55159
2.96614
2.18737
2.24004
2.5752
2.54918
2.33577
3.2635
2.39347
2.58906
1.8222
2.92188
2.92411
2.7493
2.12126
2.44968
2.78908
1.37278
1.21735
1.44986
1.60348
1.16815
1.44026
2.06166
2.46097
1.98258
2.50027
2.23567
1.17829
1.38468
2.14618
1.53981
1.57873
2.63531
2.68492
2.48292
2.22842
2.97542
3.09826
2.06399
2.57477
2.2769
1.47967
1.30195
1.37396
0.756785
2.56424
2.26159
1.59365
1.78302
2.67996
2.04111
2.37402
2.42335
1.8542
1.8844
1.88942
1.58504
0.688473
0.949591
2.05302
1.29546
1.07494
0.961707
1.03042
1.87099
1.71295
0.881005
1.24028
1.45839
0.821021
2.05594
1.96376
1.61277
1.17453
1.63836
1.8592
1.59369
1.81425
1.0976
1.61416
0.806469
1.55488
1.0754
1.82837
1.49419
1.52018
2.45199
2.42928
1.16569
1.12939
0.384659
1.3643
2.11746
1.33481
1.36194
0.690967
1.6827
1.35291
1.72352
1.63095
1.25126
1.45211
2.20696
1.36067
1.45272
1.89968
2.05804
2.71632
2.28445
2.22585
1.65199
1.66098
1.38519
2.46549
2.62423
2.35092
2.03982
2.76282
1.65736
1.61232
2.98248
3.13223
1.58511
2.14829
3.23872
2.17833
1.70059
1.71213
1.91512
1.97885
1.2396
2.30081
2.70906
2.28655
2.81965
4.09184
2.83854
2.55984
2.59637
2.08615
2.48922
2.56141
2.02926
2.15884
2.56421
3.24792
3.35738
2.58921
2.88414
2.71268
3.5289
3.26671
2.58295
2.3481
3.46613
3.71981
3.09778
2.61873
2.30336
3.0501
3.04368
2.16245
1.77363
2.0717
1.88574
2.74777
1.95524
1.46784
1.90072
2.11464
2.15963
1.87686
1.65484
2.05211
1.89528
1.55368
1.80962
1.20716
0.303022
1.07754
1.51154
1.35242
1.59526
2.03484
1.94502
1.53434
1.67924
1.89599
1.77573
2.06027
2.05419
2.21574
2.33644
1.78195
1.80516
2.11078
1.20875
1.11277
1.50057
1.82739
2.30562
1.91742
2.13724
2.4192
2.51002
2.19485
2.91735
3.15238
1.68853
2.43148
2.45326
2.60227
2.05538
2.92176
1.7693
2.16683
1.19161
2.75151
2.30128
2.05751
2.27747
1.69844
1.90955
1.31054
1.81115
0.853323
1.30824
1.57844
1.78867
2.18251
2.37533
2.10501
2.16474
1.4252
1.1728
1.70655
1.61375
1.54273
1.80133
1.95451
2.06835
1.75455
1.43196
1.56161
0.997646
1.37869
1.63329
1.87466
1.86706
2.06885
2.73399
1.37774
2.31864
2.59247
1.9754
1.85904
1.83605
1.87728
2.78267
2.74383
2.84442
2.0404
2.16167
1.25163
1.31092
1.95571
2.01743
1.82873
2.12795
2.82077
2.31558
1.83335
2.09935
2.20416
1.77126
2.45763
2.26075
3.05777
2.19671
2.6804
2.53549
2.11808
2.37368
3.14322
2.74567
2.61516
2.8352
3.32189
2.14092
2.44368
2.6201
3.0197
3.18708
1.93061
2.23588
1.87288
2.19786
1.97397
2.36958
1.993
1.69515
1.63646
1.06873
2.38538
