3.51798
2.87095
2.87518
2.83909
2.17134
2.89462
2.27914
1.79396
2.61206
2.81703
2.39244
2.23845
1.88946
2.79829
1.68022
2.8047
3.08404
3.13976
3.35048
2.21441
1.11494
1.40883
1.78909
0.65262
2.70188
2.60645
2.07832
2.02657
3.13545
1.76619
3.07739
3.02486
2.41442
2.65299
3.09313
3.49016
2.06402
2.39496
1.91643
2.11432
0.904243
1.41243
2.43948
1.4139
2.6086
4.86372
2.63088
2.94406
2.85075
2.91133
2.63466
2.00315
1.96975
2.19136
1.27707
3.58971
3.21207
2.22475
2.15732
1.13171
2.32368
2.78978
2.8735
2.72125
2.24522
1.24014
2.72297
1.91109
1.48974
2.25973
2.88349
2.31321
1.84118
1.55884
0.686237
1.28487
3.60719
1.97846
3.7326
3.25298
1.87176
1.72685
2.81546
0.986974
2.4955
2.93899
3.13918
1.32328
1.91856
2.74005
3.18572
2.54314
1.75526
1.96484
1.96462
0.921863
1.40581
2.86545
3.2412
3.24659
2.42791
2.30096
2.22137
3.11657
2.85769
1.8349
1.42815
2.78016
3.08295
2.00035
1.00417
1.31196
1.5515
2.20658
2.84744
2.55102
2.77765
2.79315
2.63652
2.35362
2.39333
2.54242
3.30953
2.70404
2.79382
2.76283
2.5222
1.88193
2.24924
2.64664
2.71319
1.99939
3.39695
2.85695
4.07538
2.88975
3.36856
2.51899
1.88992
2.82818
2.83218
2.84833
1.38053
3.46305
3.35553
2.51215
1.80291
3.66296
2.93887
3.44863
1.55385
2.21278
1.9304
3.14004
4.24503
3.85321
3.38247
0.960012
2.46178
2.45947
1.73863
1.52835
1.82909
2.07006
2.74354
0.816509
1.46032
2.74763
2.57367
0.940682
0.775819
2.1415
2.25102
0.281897
2.51265
2.80307
1.72561
2.62861
2.61187
1.31007
2.86065
0.133482
1.79709
2.26882
3.03375
2.072
3.05916
3.28512
3.12207
2.54294
1.56653
2.35097
2.38736
3.8873
2.20756
3.00692
1.3475
1.74359
2.26153
2.48973
1.98694
1.48832
2.71967
3.93987
2.78674
2.82657
2.87551
3.51093
1.92759
2.18897
2.12658
3.11918
1.21398
2.71035
1.57508
1.77557
2.80592
2.69953
2.20295
2.30228
1.69014
3.53718
2.84717
1.21487
0.539677
3.93994
1.44772
2.71723
2.18485
2.74127
2.00329
3.07651
3.52791
4.2418
1.78668
2.58026
3.0576
1.48494
1.67508
2.76957
3.61944
2.51713
2.86991
0.74215
2.43748
2.01908
4.24636
2.63807
1.95649
0.920811
2.01139
3.59218
3.32969
2.0728
1.54597
1.32424
0.983465
1.7621
2.58029
1.2275
4.13623
1.76399
4.07987
2.51389
2.54791
2.81398
1.29582
2.11242
3.54267
2.43163
1.72608
1.59484
1.05725
2.15562
1.99551
3.05519
2.38646
1.51786
2.70964
3.25202
2.31316
1.79513
2.16801
0.955379
2.36333
3.13692
2.32524
3.02691
2.26564
2.37735
2.27771
3.74977
1.6163
2.01844
0.719931
0.477098
2.37383
1.49223
2.4024
1.08938
3.69824
1.76818
2.50193
3.02331
2.42589
2.24046
2.40032
1.4903
2.40962
2.07627
1.74789
1.93114
3.63476
2.27416
1.88
2.30955
1.94817
1.26605
0.5823
3.22913
2.96992
2.01904
2.48762
1.61289
2.06631
1.55469
3.28017
2.63743
2.09834
2.08897
2.47207
3.37503
2.08925
1.83605
2.72684
2.69166
3.11271
1.56682
3.68277
2.9167
1.67047
3.228
3.44576
2.56864
3.85531
2.07007
1.8962
2.73316
2.40421
1.44094
1.72529
1.51438
1.35713
2.58857
3.53845
2.56703
2.55983
1.48487
2.05052
3.05483
1.46565
1.91132
0.38628
1.4626
2.28236
1.6995
2.22167
3.06006
2.53793
2.27578
1.89461
2.33543
2.43862
1.22973
1.76968
1.37305
1.85063
2.76568
2.42657
2.6211
2.20136
2.23187
3.09797
2.12629
1.62727
1.81519
2.24642
3.92946
2.75418
2.75608
1.46072
1.79734
2.90736
2.29961
1.69221
2.40959
3.57144
1.4204
-0.0689461
1.07503
2.85335
2.56072
2.04538
3.02993
1.63704
2.51695
3.10498
3.35844
3.71803
2.63939
1.59278
2.48503
3.81374
1.70963
1.61798
1.99128
4.11108
1.82127
3.43803
2.50787
2.12788
1.69416
1.93749
1.6412
2.86117
2.22492
2.56337
2.6172
3.2626
1.99464
2.29409
1.27056
2.99933
3.44601
2.42416
3.26865
1.99761
1.88339
2.79659
3.32202
3.18743
2.25578
2.17799
2.19281
3.59965
1.92902
0.898176
1.94417
2.72817
1.01634
2.36629
3.03794
2.7245
1.8635
1.54518
2.42411
1.67245
0.730359
3.00588
3.30738
1.77725
3.12569
1.94753
0.592757
2.38318
2.60196
3.09485
2.73141
1.24105
2.90485
2.62436
4.15329
3.20591
2.9085
1.24808
2.99984
1.2825
2.87515
0.421516
1.78819
3.81768
1.73293
2.91434
2.22268
2.12796
2.83133
2.11482
2.58989
2.7778
1.30555
1.28715
3.32793
2.20112
2.47037
2.13776
1.98595
2.01024
3.39916
2.55661
1.55397
1.66531
2.8931
3.85696
2.85189
2.67351
2.73529
2.65471
3.46745
2.76787
3.42838
3.94825
3.32487
3.06598
1.41376
2.46833
1.62431
2.09706
1.49999
3.25978
3.89846
2.96978
2.15055
1.88149
3.28794
4.26559
3.09023
1.78064
0.750488
4.22139
3.33285
0.586183
2.57781
2.03869
3.5267
3.00376
3.73981
1.97795
3.1208
1.40065
2.31855
3.30209
1.31549
2.64487
2.24367
1.93546
2.10823
2.27157
3.50845
2.11974
2.00125
3.50741
0.70016
1.81192
3.23304
1.10103
3.00157
2.34222
2.86874
1.61098
1.35336
3.70641
3.15316
3.18246
1.63944
2.10034
1.54537
1.59168
2.20056
1.87803
2.36415
1.80628
3.5945
2.38555
1.3582
2.75809
3.22838
1.62247
2.75451
1.9519
1.28117
2.62147
3.14805
2.18334
1.58395
1.69228
1.79992
2.86646
2.64045
2.39257
2.32186
1.99141
3.26013
2.48092
2.79464
2.01743
2.14518
2.69486
4.32107
4.51401
2.83193
3.73872
4.21917
3.13729
1.72515
1.08728
2.56539
2.38999
2.97046
2.91682
2.73303
3.15763
1.93345
1.47679
2.69926
3.24201
1.21474
1.26728
3.62955
1.41356
2.26975
1.96996
3.75843
2.94117
1.71606
1.95458
3.10193
2.53321
2.35915
1.98567
2.53622
1.52661
3.81546
2.31104
2.25354
1.07192
3.40526
2.50821
2.02017
2.50695
2.91982
2.74803
2.60606
2.74429
2.49315
1.92039
3.01446
3.05358
2.84074
3.36971
2.36825
1.81214
2.39298
2.03865
2.73861
3.41988
3.48433
2.67221
2.61357
1.75452
3.0651
3.96202
2.93244
1.49996
2.81988
1.57607
0.741665
1.3716
1.52066
2.65654
2.57127
2.70035
2.74873
2.98111
1.68825
2.67022
3.5615
2.80458
1.15688
2.72283
2.78388
0.641161
2.3058
1.94594
3.7647
2.59087
2.55988
2.76669
2.94591
3.16711
1.55336
1.17586
2.42149
2.12746
3.14885
2.78424
3.73909
1.56689
0.72966
2.99057
2.83975
1.71474
3.42752
2.73689
2.51943
0.878232
3.06867
1.39972
2.16875
3.44701
2.73581
2.77203
2.78181
3.74893
2.84748
4.1543
1.46267
1.57884
3.22789
0.899585
2.62594
1.90023
2.61036
2.58218
2.06368
2.86697
3.80844
3.14719
2.94108
3.84121
1.91084
2.3692
1.82352
3.49901
3.0161
0.927753
1.21073
2.56002
2.54104
2.82506
1.80752
2.28575
1.18412
1.4988
3.79914
1.96787
2.94757
2.47581
3.15056
2.84546
2.63103
1.89932
1.81789
3.22237
2.6865
3.34782
2.68458
3.11438
1.75237
1.95157
1.48644
1.79351
3.71482
2.24878
2.25604
1.10701
2.59401
2.42418
2.01666
3.11219
3.37154
2.96356
2.07558
2.1924
3.10133
3.19733
1.56107
1.81858
1.56893
3.55868
2.60257
3.62514
3.26326
1.21204
2.01835
2.37542
1.21892
2.71467
2.72633
1.82347
3.23719
2.58961
2.40773
2.89647
3.09251
2.27149
1.98874
3.56806
4.66055
1.5228
0.411336
2.56318
2.30431
2.29011
1.16177
3.25658
2.37453
2.26514
2.33395
3.95232
2.55349
3.29804
1.70024
2.60118
3.23571
1.96364
1.6498
0.185424
1.30985
2.16635
2.44225
1.7833
3.13809
2.87954
2.29146
2.19948
2.11558
2.3126
2.83733
3.18714
2.4675
1.9954
3.40789
2.79688
3.64912
2.83389
2.54585
0.96085
0.898954
2.61328
2.83628
2.10802
2.3579
1.92748
1.13732
0.639131
2.62295
2.34063
2.73034
3.50231
2.54089
2.46674
3.39432
2.52718
1.64614
1.6639
2.49127
2.49951
2.62918
3.40507
4.14525
1.64711
2.38924
1.85836
1.54769
1.08675
2.18872
1.47242
3.4398
2.9871
2.70772
2.91604
3.04479
2.99673
2.8892
2.21845
1.4029
2.22534
3.1138
1.52856
1.52911
2.58307
2.18921
3.11609
2.42118
3.93815
2.54072
1.88229
2.23871
2.36552
2.31998
2.05202
2.04795
4.19983
3.48623
2.45465
2.3804
3.15149
3.67764
2.09152
2.64761
2.62609
2.87107
3.75939
3.58416
2.38542
3.55287
2.52234
0.580075
2.24782
3.23458
1.93038
1.87705
0.375459
1.05408
3.47647
2.49035
3.37947
1.04302
2.12907
3.01398
3.23585
1.46577
2.9785
2.49598
2.8038
2.1369
1.52287
2.82353
2.52022
2.91575
2.63377
2.897
4.20729
3.56159
2.67317
2.1955
2.60393
4.49049
1.59984
1.81185
2.40909
3.88155
3.28792
2.37759
2.35312
2.22148
2.22943
1.91698
2.49186
3.31581
2.53624
2.85995
2.04622
1.94636
1.27627
2.48122
1.45871
2.77002
2.40317
2.85832
2.05922
2.62209
3.30897
3.09613
3.05649
1.00338
2.84007
2.5155
3.49365
3.17899
3.86687
3.18005
2.35826
2.85823
2.33547
2.70844
2.16769
2.50604
1.01481
0.702134
2.38023
2.01456
1.84918
1.62919
1.87317
2.89283
1.99514
3.46977
2.18243
2.42376
0.298204
3.47135
3.02093
2.79199
2.86257
2.94928
1.23587
1.48307
1.86826
2.59479
3.26168
2.20021
3.79074
3.24624
2.5994
1.43665
3.44084
3.25659
3.57211
1.95836
2.38489
3.54104
3.06535
3.36349
3.82162
2.07303
3.78975
2.22229
0.639895
2.74003
2.39491
1.95865
1.7227
2.76243
2.23602
3.47151
1.74543
2.27549
2.69033
2.76594
3.75374
3.42447
1.95216
2.42556
1.42508
1.25551
0.868063
1.26096
1.7125
2.0867
2.89429
3.30982
2.96545
3.09323
1.26461
3.46083
1.11348
2.52281
4.7191
2.7421
1.83103
1.81702
1.90544
2.74961
2.18684
2.342
1.74765
2.35993
3.19024
2.90269
3.42648
2.62244
2.6975
2.69183
3.03861
2.95463
2.70128
2.16094
2.58642
1.6458
2.76852
2.28446
2.50985
3.39724
1.99435
1.4965
3.16042
1.39153
3.36186
1.04727
3.14103
2.33045
2.39282
2.63428
2.45885
1.3056
1.26488
1.53279
3.02886
0.672536
3.78471
1.94767
2.67442
2.35271
3.35311
2.2085
2.84145
1.06991
1.38662
3.543
2.39384
2.51196
0.798795
3.31732
3.46528
2.36916
1.73159
2.64559
2.5301
1.95211
2.35422
2.9297
3.96376
3.40029
3.80462
2.38252
1.81321
1.21775
3.12758
2.41582
3.15718
2.11229
3.23423
2.20953
3.12438
2.60396
2.08929
2.23392
2.34727
1.95826
2.96007
4.08426
2.51567
2.95678
2.07621
2.92837
3.16668
3.0943
1.759
3.04326
1.39918
3.62099
1.17083
1.91199
2.59914
2.01999
1.83354
1.69572
1.65139
1.41633
2.43386
1.32083
3.06869
1.9323
2.78104
3.58522
2.06242
1.68678
2.28743
3.11296
2.17177
2.04559
2.21768
1.02292
3.04514
2.17108
3.38465
1.66151
2.38406
2.67189
3.24047
3.59656
2.28337
2.70252
2.83278
3.72939
2.39191
2.14784
2.69905
4.03319
-0.21152
3.40112
2.69992
2.77605
2.46922
3.07156
3.02644
3.33516
2.76787
2.79298
2.2966
2.82197
1.45045
3.24341
2.1592
2.39307
2.84266
2.47091
3.53176
2.93448
3.06536
3.04394
2.14703
1.51566
2.24136
2.04318
3.22081
1.34597
1.66932
1.95102
1.38261
2.63647
2.65721
3.11975
1.78684
1.74319
2.1714
1.91308
2.04548
2.26842
2.86265
2.50317
2.94207
1.97925
2.65038
2.31241
2.35815
2.66737
1.09762
2.65776
2.69392
2.0591
2.81185
2.20279
1.92886
3.74024
1.06788
2.01078
3.79416
1.9838
3.95315
1.73392
3.3014
2.46326
1.61452
2.54379
2.2566
2.24037
3.08393
3.71061
1.70557
1.55399
1.9896
2.81638
3.30313
3.18734
2.66236
1.20206
3.29453
2.88971
3.94205
3.19781
3.19963
2.38836
2.42491
2.42806
1.5716
2.72002
0.606694
0.0219327
2.61796
2.14541
2.15005
2.42355
3.11335
2.13069
0.367212
1.73953
1.62913
2.13362
1.02185
3.06021
1.1643
2.55592
1.88192
1.96678
1.17223
3.22131
3.68931
4.17066
1.89195
1.65506
1.658
1.87557
2.92872
2.73898
2.08474
3.73155
2.10824
2.18739
1.71701
2.44212
3.36058
2.5404
1.26519
3.92255
2.75847
2.54115
1.41552
2.18732
2.65484
2.56613
3.37688
2.10693
2.852
2.32698
1.86333
2.57709
1.82135
3.87185
2.63749
2.48205
1.50343
2.50396
2.86888
2.97942
2.96726
1.38241
0.959429
2.01193
1.54876
1.89913
2.72808
2.93009
2.11512
2.64222
3.28034
2.16683
2.59458
1.37394
3.84354
3.23535
3.05122
1.89434
1.29152
1.80951
4.14836
2.66283
2.38525
3.53357
2.15845
2.59059
2.6503
2.60552
3.10697
3.50699
3.04115
3.45595
2.9292
3.49375
2.32016
2.82856
3.02085
1.76301
1.39627
2.73828
2.4378
2.711
2.11677
2.38947
3.50179
2.99664
1.10903
2.66498
2.86026
3.05509
3.75438
2.09887
4.86533
3.92285
4.81405
2.57135
3.27809
2.5889
4.90761
1.83812
1.47332
0.868608
0.733953
1.50722
1.95725
4.1199
3.21117
2.34691
3.2542
2.25899
2.26481
2.6362
3.16131
3.44039
2.73463
3.51324
3.30976
2.82727
2.10447
1.81908
3.43513
3.38018
2.82548
1.75433
2.64867
2.43403
1.77851
3.03483
1.66403
2.72647
2.71451
1.23528
2.83994
1.86886
0.986929
2.43883
1.16984
1.19897
2.85279
2.50659
3.69108
2.81657
2.51703
2.939
2.57597
3.18848
2.70684
1.09978
1.59729
2.3107
2.10078
2.63657
1.96238
3.76091
2.9157
2.63891
3.08575
3.87084
2.40661
1.9029
1.76546
1.90162
2.8215
1.6845
2.73749
2.30479
1.90989
1.92932
2.2527
3.9998
3.07589
3.45488
1.81429
2.45707
2.95384
2.90184
2.32156
3.01678
1.23839
2.82611
1.82962
1.10658
1.89155
3.53046
3.34296
1.65017
1.1718
2.47254
1.54666
3.06098
2.69977
3.23069
2.90956
2.61486
3.16769
1.59127
1.88011
0.937017
1.76241
2.35439
2.06895
2.09083
2.60075
1.86089
1.52336
2.91299
2.95852
2.84603
3.71569
2.04702
1.21066
2.78649
2.5724
2.80336
2.68666
2.04612
2.24086
2.10687
2.89438
2.97987
0.874285
1.24921
0.297677
2.50307
1.58528
2.83319
4.01134
2.87464
2.76203
2.16161
2.63525
3.16775
1.85927
2.58724
2.09257
1.13345
2.50353
3.39532
2.92707
3.36136
1.49391
2.35102
1.09671
1.82622
2.09518
3.01987
4.19917
2.77916
1.7963
2.68202
1.29587
2.39534
2.95109
2.91121
3.16516
2.44982
1.81273
1.41877
3.6844
1.91645
-0.191916
2.38073
1.66851
2.28154
0.623208
2.48542
1.30293
2.09005
2.8464
2.13506
2.14467
2.6122
3.02285
2.59309
3.7075
3.42938
3.44827
2.09605
2.00759
2.34011
2.68448
2.38407
2.26598
2.66421
3.32949
1.64408
2.0282
3.11871
3.7475
1.26215
2.57924
2.14058
2.57663
3.79084
3.5449
2.1763
3.06221
1.35694
1.83897
2.35936
2.73891
2.54867
2.02682
2.40911
2.2362
1.66762
2.98849
1.3532
2.11873
2.44784
3.27114
2.82604
2.05537
2.25949
2.47465
2.19579
3.63432
1.46934
1.63593
2.87205
3.88979
2.5744
3.79047
2.32596
2.57309
2.57956
2.28761
4.37831
2.78391
3.80211
1.36466
2.26666
0.768264
1.057
1.89813
1.62106
2.75457
2.56385
1.90902
1.73693
1.39562
1.10918
3.4814
2.12884
1.46227
1.95489
1.78754
2.75764
0.671839
4.12594
2.5968
1.37179
1.14259
1.98865
1.15441
0.849109
2.50227
1.52136
3.73321
2.99471
2.96849
2.39601
2.53263
3.64606
1.27852
1.09749
2.75906
3.72481
1.49605
2.42843
2.6861
1.43824
1.22794
3.18002
1.96955
1.36629
1.40823
2.71137
1.72131
1.48396
3.84646
1.38168
2.30221
1.15182
2.49119
2.714
3.1602
2.03246
2.26305
1.48879
2.61519
3.40658
1.78366
3.43784
2.50962
2.8172
2.39656
1.96837
1.00115
1.43325
3.28267
2.72277
3.72346
2.45899
1.88819
1.32806
2.12884
3.23723
2.71223
1.91288
1.38189
1.06601
3.12612
1.18542
2.99249
3.30061
2.48292
2.88898
1.45224
1.05478
2.45327
1.41026
2.08705
3.07412
1.86664
2.05145
1.96517
1.50327
2.61315
1.88172
0.566324
3.04536
3.22678
1.58671
2.6693
2.85833
1.40382
2.84378
2.46552
3.43464
2.04645
1.37824
1.99309
2.76606
2.14925
2.10245
2.94383
2.0163
2.76575
2.09375
2.86293
1.90456
0.649544
2.8471
4.2459
2.27071
4.20422
1.96798
3.05165
3.28299
0.867926
2.40845
2.62899
1.89645
4.00291
2.77578
2.95636
3.30188
4.31418
2.77972
4.5186
1.64755
4.33892
1.39097
2.1065
3.35133
2.99494
1.07899
2.32149
0.603852
1.44657
4.11906
3.16519
2.66071
3.11892
2.10905
3.77936
2.80261
0.538976
1.27551
2.11993
0.507918
2.81402
2.02838
1.81964
3.29812
3.0658
1.0752
3.10062
3.0676
2.89526
2.94032
1.84093
1.04359
2.18123
1.71357
3.66362
3.08891
2.415
1.31996
2.84297
1.6353
2.69496
2.93149
2.18529
0.507467
3.90174
3.29506
0.475109
2.71719
1.99831
2.18236
2.75759
2.29554
2.68908
2.3252
2.12586
1.78338
2.51975
1.39243
1.57615
2.41535
1.98086
3.04142
2.31172
0.703249
2.35212
2.90778
2.50169
2.69812
2.71232
2.72446
2.98006
2.47836
2.07678
3.62998
1.78034
1.60375
2.62638
2.87479
2.61413
3.55588
1.57454
2.52256
3.69223
1.36458
1.75349
3.12028
1.44948
1.9723
3.79157
3.13535
3.45264
0.789942
2.7414
3.19916
3.48811
3.42015
2.34413
1.98885
2.70406
3.16719
2.75636
2.34282
2.36822
1.99392
3.08351
4.01062
3.03466
1.54612
2.26132
1.42681
0.694339
3.1168
1.39559
3.82085
3.09245
3.50142
1.9318
2.19228
1.86575
2.38326
3.29515
3.1704
2.07652
2.38488
2.73142
1.8696
3.13055
2.23789
2.55617
1.78763
1.78458
2.08735
1.61953
2.47396
2.71502
1.77148
2.37008
3.64928
2.10671
1.02149
3.36065
3.57826
2.87044
2.66303
3.72496
2.93962
2.78958
2.16325
2.98581
2.54529
1.84595
2.88972
3.33473
2.42499
2.24717
2.92289
1.43873
2.1418
1.60306
2.33382
2.86106
2.96684
3.11748
3.00587
3.53571
3.12989
1.66936
1.12938
3.90425
2.41157
3.46143
1.60632
2.18137
2.38623
1.64272
2.14713
2.43376
1.76388
1.6411
2.23117
1.80076
1.5863
2.96957
2.05448
2.46029
0.535253
1.54033
0.847468
0.81367
1.6234
1.61549
2.81622
1.78672
3.22215
1.46926
3.36155
2.89639
1.25631
1.83916
2.42518
2.02459
2.28152
3.25488
1.78421
2.62298
1.03639
1.26088
3.08147
2.5347
2.94741
1.04613
2.56193
2.97171
1.1342
1.99508
2.07273
2.43155
1.14345
2.65745
2.8077
1.89583
2.54694
0.619087
2.78652
1.7537
1.92945
1.64355
2.37723
2.9876
2.35226
1.74473
2.47171
2.96904
2.26745
1.36857
2.92371
1.64668
3.56116
2.1317
3.3543
2.57993
2.53857
1.50756
1.72093
0.156382
1.72293
1.58689
2.17079
1.9814
3.20008
1.94807
2.16769
2.68887
2.05194
2.44333
3.72333
1.26644
2.79852
1.9317
1.67122
3.23959
3.00597
4.23785
3.16905
2.81448
0.739843
2.72393
2.21305
2.63865
0.660614
2.81829
0.99202
1.96288
2.0192
2.53282
2.27451
2.99555
3.27056
1.99274
4.49707
2.94154
3.11364
3.3331
2.87234
2.13477
2.68649
2.97915
3.49363
4.66916
2.78898
2.44141
2.23124
2.89877
1.47153
2.78106
1.53772
4.04829
2.70146
3.0564
3.25635
3.30632
2.28339
4.41372
3.79236
2.14805
2.28562
1.54974
2.51911
1.27759
3.23615
1.40769
1.87517
2.83764
3.22187
3.93976
2.02767
1.57193
2.21726
1.3139
2.25211
1.08233
2.04591
2.15363
1.36361
2.83675
2.6145
4.05427
1.55314
2.193
2.62279
2.59712
2.61968
2.66336
3.73715
3.29079
2.47732
2.26265
3.91905
2.55199
2.91608
2.68973
1.66817
2.73931
1.84551
3.06555
2.3267
3.5863
2.8231
2.23593
2.74142
2.56223
3.099
1.29524
2.11777
2.01538
1.76179
3.36202
1.83476
1.45499
1.11545
1.42135
1.45464
4.62426
2.79865
1.92081
2.0022
2.30155
2.81525
1.93831
3.49166
1.74988
2.39594
2.72863
2.36814
2.57999
1.8408
2.48527
2.23143
2.71301
1.70025
1.51936
1.01493
2.45927
2.722
3.02038
3.78217
3.08763
1.53466
1.90777
2.10564
2.50952
0.476713
1.6059
2.51056
2.37015
1.72075
2.09622
1.91699
2.95154
1.98363
2.14804
1.42963
1.77239
3.01526
1.31626
1.05127
2.27212
1.55484
2.17266
2.2012
1.61883
2.5981
2.80911
1.89851
2.37944
2.24443
3.29459
2.90809
2.33891
2.26257
2.67595
3.46416
3.31882
3.72181
2.48592
3.57365
3.73186
2.96546
1.52838
3.21306
2.26411
2.83237
3.44489
3.36031
2.2291
3.21247
1.98797
3.52903
3.34377
1.65923
2.72123
4.23545
3.23579
2.69251
1.83164
1.76524
2.16192
1.35186
0.877511
0.949144
0.373925
1.71939
2.05995
3.62
2.68522
2.44506
2.76096
2.29799
1.84652
3.71948
2.56418
3.15955
3.32516
3.15407
2.79301
1.6764
3.03893
2.07151
1.29114
2.7708
2.00919
1.22622
1.97193
2.3692
1.8374
2.28178
2.64175
0.778978
1.45455
2.13811
2.06157
2.45886
2.34361
3.32532
1.18429
2.83492
2.31996
2.45382
1.90405
2.91058
2.92361
0.591829
2.16951
1.84697
1.27475
1.44329
2.21901
2.32532
1.6462
-0.413824
1.38417
3.38466
2.8192
2.86423
2.15362
2.55822
2.03217
2.11209
1.18558
3.0685
3.08562
2.70225
0.107907
1.3585
4.0998
2.69259
1.19369
1.67907
0.487505
2.13196
1.41459
2.59135
2.11907
2.39526
2.15159
2.95528
1.78996
2.58904
3.84883
2.89106
2.71204
2.44495
2.29265
0.830954
1.78604
2.40255
3.48167
1.78882
3.67085
2.77747
3.73278
2.38577
3.02971
2.34202
2.25917
2.34608
2.06466
2.46417
1.14643
2.73899
2.89879
1.58411
1.73639
2.38698
2.47393
2.85764
3.31663
1.75736
2.79078
3.19727
1.39674
3.13396
2.12761
1.28415
1.27914
3.22132
2.65528
3.65983
2.09675
3.22365
2.90989
2.61349
3.40408
2.94793
2.02077
2.75101
2.75775
2.20366
2.11499
2.77526
2.0263
3.11749
2.07251
3.5911
2.47487
1.05344
1.48099
1.1616
2.66179
2.11338
2.67857
0.376788
4.0928
3.09491
1.72735
1.54681
3.06922
1.55033
1.91741
1.85184
2.36645
2.34066
2.43336
1.62634
1.48979
2.52319
1.5566
3.17018
2.13657
2.07071
2.7882
2.67303
2.08925
2.81797
2.94711
2.04696
2.10732
2.70343
2.44097
3.9916
1.00247
3.06887
1.21415
3.4477
2.79867
3.38591
0.640804
3.13808
2.01801
4.61933
1.47139
1.75615
4.11942
2.24929
1.47852
2.63402
2.13692
1.45678
1.93983
2.47129
2.02327
1.06875
3.79198
3.27005
3.27879
3.06598
1.08303
2.86627
1.69682
2.87825
2.4316
2.55339
3.27022
1.44125
2.0652
0.330043
1.98793
2.0442
1.70474
2.03681
1.82995
3.78465
1.56021
1.93386
3.1383
2.41675
2.56474
2.33686
2.15872
2.44635
1.55913
2.78132
2.77056
1.74385
2.41435
1.20933
2.07686
2.56037
3.066
2.58483
2.3299
3.02694
2.56958
1.77733
2.6851
3.44991
2.97221
1.983
1.13087
2.52339
3.94349
4.18131
2.44057
3.08325
3.52912
3.43761
3.15837
2.15413
2.61489
2.56935
2.92588
2.60745
3.47321
2.55731
3.31814
2.21789
2.4084
2.17729
2.84386
1.9774
2.16354
1.98661
1.81119
1.48614
1.55644
2.0499
0.763184
1.61534
3.90828
1.36107
2.01593
2.71166
1.82043
3.73874
4.74574
2.82583
2.87976
2.67719
2.70672
1.07746
2.40676
2.85235
2.43374
2.8393
1.86703
1.43904
2.8278
3.13503
2.02575
1.94119
0.708518
3.6069
2.73763
0.500969
1.9925
2.45759
3.09902
2.80789
2.23393
3.66063
2.55691
1.82492
1.86467
3.08895
3.27384
3.56833
2.23442
2.74766
2.2854
3.48712
2.12794
2.17546
2.47838
2.73921
1.25193
1.98027
2.66757
2.28531
1.59429
2.83325
2.16716
2.84956
2.73521
2.74691
3.12711
0.863477
1.80103
1.44191
1.54486
2.27147
1.72051
2.28648
1.33876
2.31606
1.00282
1.95474
1.86536
3.09841
3.72341
2.8552
3.74236
2.57874
2.06423
2.06229
3.42581
3.09266
3.44581
2.78464
1.81114
2.81158
3.02548
2.53478
2.88594
1.97244
1.97087
1.19194
2.63526
2.08054
1.28604
3.10423
1.45143
2.56812
1.6526
2.08791
3.34286
2.0215
2.57524
2.66345
1.79092
2.60912
2.24521
2.81464
1.99083
3.37278
2.80603
3.05465
4.43719
2.89064
1.78007
1.76719
2.36344
3.13257
4.00646
1.44181
1.75168
2.51741
2.79974
1.00649
2.20748
3.47935
2.67984
2.5818
2.20079
3.49737
3.74181
3.27678
2.58271
2.35632
2.27256
2.19655
3.52059
1.6763
4.2269
3.18675
2.14098
2.6683
2.5441
3.47116
2.99478
2.86283
2.51806
3.22349
1.47011
2.61315
2.22252
2.25003
1.88428
0.945251
2.60546
3.29929
2.64756
2.53509
2.0487
1.76566
1.75542
3.44055
1.92038
0.771744
2.60516
2.4234
3.13611
2.74982
2.24082
2.72198
2.28276
2.85626
2.29618
0.855801
3.01626
2.04694
0.746464
3.86112
3.81124
3.1142
3.65898
3.04933
3.25922
3.01561
2.19819
1.50865
2.16325
1.88775
4.54364
4.76933
4.02439
2.47261
2.72174
1.80185
1.33982
2.0095
1.2126
2.29497
4.33122
3.37678
1.73278
2.93075
2.5866
2.24147
1.92757
1.36788
2.76513
1.97471
2.88297
1.5333
1.73955
2.41075
2.54966
3.58228
1.90955
3.20251
1.57231
2.11386
2.57495
2.15946
3.39356
2.64705
4.31117
2.90789
2.98758
2.13029
2.76102
3.93928
3.24946
2.20943
3.03833
2.77975
3.13307
3.10131
3.79005
3.14347
2.4063
2.64726
1.58297
2.21829
1.02842
1.84933
2.39613
3.23155
2.56602
1.96741
2.13692
2.74595
2.809
0.885845
2.99443
3.13336
2.83554
3.44175
1.22025
2.47445
3.25331
2.13748
2.9207
3.65444
3.54361
2.80158
2.53741
2.10322
1.82759
1.6045
2.3142
2.03011
3.32465
3.37922
1.98059
2.84767
2.21007
1.85231
2.4598
2.5064
4.45659
2.59785
5.79008
3.09871
2.04375
2.39484
2.57272
1.95284
2.01498
2.65565
3.15903
2.1347
1.32874
3.60588
1.58006
3.13569
2.76404
3.60814
2.84261
2.9719
2.26536
1.48804
3.19272
4.29879
2.15753
3.24874
2.9995
2.33325
3.73357
2.36817
3.09046
2.99238
3.03103
1.17754
2.52774
2.88699
1.7747
2.6144
2.13372
2.91425
3.07668
2.18598
1.24333
3.56484
3.67618
0.809188
1.48279
2.295
2.77541
2.3971
2.78037
1.42938
3.72948
2.05409
2.6183
4.03438
1.55565
3.98872
2.9686
2.25178
1.62899
2.39081
2.84882
3.94476
2.20737
2.00114
2.35584
1.80295
1.10162
1.85482
1.22918
2.02322
1.72
2.50478
1.54524
2.7563
3.10177
2.3198
2.89797
1.52657
2.13996
3.61671
2.21467
1.41188
3.04493
2.35229
1.04245
2.38875
3.19528
1.66364
3.64146
2.56452
2.04437
2.34673
3.74972
2.48512
1.56144
1.80808
1.60684
3.46324
1.73946
1.50902
2.10486
2.39714
2.9749
3.32613
3.18188
2.39237
3.75514
1.50349
1.23407
2.65915
1.60087
2.42915
1.77934
2.32696
1.81059
2.54393
1.54415
1.93415
2.35499
2.99684
1.7873
2.04661
3.00206
1.63214
2.91543
2.98411
2.05021
3.27951
2.83968
2.61174
1.46238
3.46602
2.10221
2.04662
2.31885
2.22843
1.77144
3.15921
1.97976
3.21393
0.30881
2.20862
2.64374
2.96112
1.1525
2.13702
1.24942
1.83176
2.08886
2.68038
2.00831
3.368
2.45978
4.16599
2.55941
1.37948
3.52045
3.07711
4.46571
2.70684
2.62146
2.50721
2.80474
2.12573
3.93826
2.52126
3.30401
2.48578
2.95227
0.538773
3.37451
2.35034
2.84188
2.90327
3.0435
3.5296
2.44266
2.0265
2.24673
2.456
2.71429
1.94196
2.31996
3.16094
2.46662
3.41566
2.68234
3.61033
2.69702
2.86
2.32425
2.14256
2.06639
1.65038
2.7797
0.310788
1.24302
0.71229
2.63823
2.32262
3.02072
2.28032
1.90049
3.27571
4.43334
2.43169
2.64295
3.94269
2.59821
3.03993
2.99905
2.17646
3.91002
2.13466
2.81648
3.3171
3.11619
4.38456
2.87872
2.11951
1.92158
2.10815
1.28892
1.46342
1.98547
2.87358
3.44719
2.59118
1.99957
2.81174
2.90082
1.57591
1.43138
2.86814
1.04228
2.44479
3.02919
3.40676
2.95391
1.52517
1.16085
0.923872
3.78872
3.98557
3.02059
3.18463
1.92614
3.25099
1.64779
2.07456
1.83003
1.68133
1.47799
2.3248
1.97132
3.32694
3.10155
2.72178
2.62158
2.68368
3.75489
2.58827
2.40937
2.18134
1.43686
3.08452
3.47751
2.70906
3.20839
2.22377
3.08155
2.37088
2.81158
2.30501
2.38211
2.44879
0.40768
2.86595
3.16047
2.87542
2.89349
2.38238
2.90271
2.73129
2.12916
3.72415
1.48646
1.77582
2.70096
3.07831
2.81279
3.43817
0.159486
2.88524
1.62231
2.28393
1.30946
2.98021
2.51531
2.87354
1.68196
2.4824
1.45735
1.49837
3.1465
3.64829
1.16107
0.955251
3.23671
1.95325
1.4232
2.04771
2.15079
3.4694
2.56613
3.63235
2.84847
2.04251
1.70458
2.27863
3.49548
3.41214
1.62307
3.19429
2.48289
1.8453
2.16062
1.8714
2.53781
2.48814
2.06119
3.65457
2.58248
2.12823
1.05502
2.28669
1.73195
3.6809
4.10954
1.9993
1.75112
1.92386
1.29806
1.70732
2.33352
2.53671
3.11408
2.03011
2.06284
2.90981
2.33085
2.10381
2.46282
3.12646
2.76119
0.692844
1.7039
3.22342
2.75189
2.57767
2.48839
1.37725
3.14333
0.958209
3.7724
2.5053
2.4398
2.7484
3.78726
3.2504
3.25606
2.46219
2.13075
2.33305
1.31946
3.30001
1.69822
2.57833
2.08019
2.67177
0.637144
1.88163
3.89069
4.71961
2.06001
2.92604
2.50015
2.78805
0.961954
3.12929
3.10842
2.10074
2.62275
3.0479
2.11285
2.40747
2.91774
2.85484
2.1907
4.10022
2.3236
2.37673
3.76452
3.0353
2.2544
3.98516
2.06775
2.78382
2.75135
2.40593
3.18642
2.81144
1.02646
2.04029
2.74533
1.10855
3.36599
1.49648
0.422681
2.80924
2.43669
2.6223
2.54021
1.92627
3.03556
1.61922
1.99878
2.13038
1.6312
2.36646
2.75662
3.22138
2.37974
3.09519
3.08298
3.14964
2.66677
2.33033
4.53409
2.81541
3.87334
1.34131
3.26462
3.18834
1.07701
0.767863
2.61688
4.08176
2.54999
2.39117
2.71035
3.54225
3.49013
2.43093
2.42591
3.62638
2.8508
2.77886
1.86065
3.34859
1.81373
3.99468
3.3201
2.22915
2.4052
2.24932
1.9598
1.62903
2.55947
3.66732
3.12272
1.24836
2.17822
3.00449
-0.161318
1.69819
1.91192
1.85394
1.60073
2.88941
2.63294
2.22931
1.52575
2.14165
2.43452
2.73497
2.70148
2.8464
2.15131
3.89213
3.38134
1.16554
2.37792
3.43813
1.79412
2.94427
0.28899
2.93525
1.5389
3.55472
2.6135
4.32913
3.72378
3.33216
4.16113
2.8371
2.62094
2.40978
1.58343
3.00002
3.01313
3.65624
1.38213
3.00504
3.06146
2.56514
2.27453
3.8957
2.63308
3.74665
1.15737
3.48869
2.62394
1.46186
1.60759
1.31048
3.11711
1.3783
2.96041
2.49556
3.02958
3.20536
3.47639
2.81223
3.43529
2.77984
4.05879
2.35718
1.15168
1.74591
2.04285
3.34418
1.97699
1.78005
1.28112
1.31444
2.01112
2.58629
1.42528
2.16268
1.46592
0.673322
1.86089
1.31999
2.85639
1.23233
2.55619
3.68654
1.42634
1.82562
3.01269
3.17178
1.96783
2.36788
2.93019
2.83772
1.79908
3.19156
0.928459
1.14572
1.65265
3.03244
1.24301
2.01329
2.3
3.70143
1.91586
3.86224
3.32228
2.23098
2.38749
1.97238
0.426955
2.33906
3.23476
4.4983
1.35608
1.01119
2.5797
2.04006
0.646042
2.64521
1.40244
2.03751
3.97701
1.97482
1.77491
3.59112
3.00007
2.35714
2.41876
3.22165
3.07593
2.9278
2.20452
3.78139
4.16873
2.22681
2.62826
2.3001
3.15761
1.57668
2.96967
3.4874
2.19864
3.5691
2.96349
2.0569
3.16758
2.81273
2.27069
1.20931
2.43417
2.82181
2.01541
2.43764
1.42962
3.51744
3.27475
3.50927
2.68453
0.816176
1.69733
3.27273
1.85884
0.552619
2.39536
1.9995
2.34457
3.78255
1.75281
3.11394
2.54947
2.06023
2.75078
1.9511
2.16042
3.27269
1.71794
2.27444
1.08802
3.69062
2.85278
2.48355
2.67541
3.18146
2.29383
3.61955
2.90822
2.62844
1.9495
2.23877
1.35235
3.54502
2.92051
1.88984
2.69802
2.57204
2.18911
1.34863
2.72556
2.41491
3.61063
1.7083
3.61687
3.47202
2.24423
4.20322
3.78748
2.49369
3.78955
3.6932
3.02286
1.09161
2.24127
2.29943
2.12351
3.01384
2.72714
2.90455
1.16825
2.21336
2.74354
2.4058
1.05672
3.11079
1.96084
2.52138
3.55374
2.23071
1.24694
2.21213
2.08546
2.00844
0.355721
2.52918
0.854034
2.98181
1.72142
3.29434
2.88427
3.49393
1.74598
3.33066
2.61562
2.55155
2.26956
2.32983
3.13854
2.32782
2.48314
3.12673
2.64525
1.77945
2.69323
4.1113
2.63133
2.64883
0.258489
2.00153
2.80917
2.73394
2.89931
3.34887
1.90514
2.02146
4.07848
3.05402
2.84675
2.84919
3.07003
1.65496
2.43957
3.38376
3.13093
3.49373
1.70656
3.27734
2.93408
1.49953
2.6684
2.67554
2.17847
1.39575
1.69719
1.98343
3.99023
4.13974
1.98192
2.4308
1.18451
0.809332
2.03375
2.84633
1.92883
3.28402
2.60367
1.34496
1.9112
2.50492
3.45735
2.43923
3.88434
1.8425
1.86204
1.62509
0.891074
0.953459
3.18164
3.23893
1.89925
3.41785
0.92086
2.21032
3.8767
2.50506
2.68511
2.6086
2.88419
3.00931
3.10413
1.21061
1.76944
1.62399
2.67469
3.15934
3.00035
2.37933
3.20266
2.37102
2.77242
2.29169
3.333
1.84551
1.39073
1.63005
2.88066
2.2527
3.00721
1.82803
2.19017
2.00082
2.59458
2.8719
1.95873
2.54931
1.55641
3.47017
2.47692
2.9845
2.4502
1.90317
1.575
2.35066
3.34344
2.29599
2.5147
2.12927
2.87135
2.04576
2.84227
1.11687
2.94004
1.32067
1.74094
4.24675
3.06059
1.89335
2.19502
4.09091
2.17036
1.92905
2.72925
3.19023
1.88614
2.06493
1.7566
-0.0853728
2.54799
3.37694
1.98041
1.889
2.15151
2.30815
1.5551
2.6131
4.21147
3.96335
2.40394
1.11627
2.94266
3.11214
2.59849
0.764478
2.81957
0.533996
1.72252
3.58998
1.11287
1.8261
2.23479
1.41656
2.38875
2.3176
1.78987
2.16753
3.03998
2.27728
1.92124
2.77658
2.17518
2.92729
2.87596
2.81139
2.76897
2.20251
2.17588
2.61767
1.92808
2.5932
0.893577
0.9896
3.03294
1.5965
1.64548
3.11494
1.99367
2.81386
2.11114
2.47127
1.94684
2.55861
2.56744
1.94834
3.45393
2.28737
2.4064
1.70166
2.65003
2.16385
2.91981
1.56907
3.4289
2.9196
2.2923
3.02649
2.28537
2.80407
3.0218
1.55254
1.36936
2.58912
2.3236
1.99975
0.332456
0.715275
2.20816
2.0042
3.11314
1.68201
2.47151
1.2346
1.07641
2.51579
1.71738
1.20087
1.74551
3.36467
2.86934
4.21094
2.56661
1.31136
2.81864
2.54379
3.60741
3.4355
2.37794
1.54788
1.27654
1.77844
2.96824
0.878717
1.95169
4.05019
1.33151
2.81994
2.34049
3.80159
4.23854
2.16163
0.974313
2.85717
2.4149
3.30504
3.17274
3.38157
3.3757
3.39562
3.40903
2.35348
1.79417
2.83886
2.02619
1.78781
1.93228
1.89186
1.5415
2.58772
2.75899
2.21137
0.580607
2.97118
3.35925
2.17188
1.62025
1.96396
1.6913
1.07808
3.31755
2.05967
1.85013
1.01657
3.0045
2.72176
2.27385
3.7476
3.16718
2.88677
1.55171
2.81093
1.68629
2.92497
4.2353
2.05045
2.12703
2.23571
2.76954
3.37727
2.58789
3.23322
1.22155
2.9987
1.81001
2.16938
0.582997
2.53749
3.09831
1.9458
3.03199
2.82856
3.02998
2.66429
3.77322
1.93558
3.21957
2.40221
3.32723
1.71667
2.28003
2.37475
3.29644
2.39468
2.74059
2.61337
2.69916
1.9892
2.09608
2.4805
2.12944
1.5153
1.83788
2.31539
2.32424
1.99251
2.28213
2.82586
3.48567
2.21916
2.45873
2.27678
1.63795
1.80891
0.954581
1.92994
2.12307
2.27093
2.80423
2.09339
1.4513
1.54767
3.00936
4.13679
2.16822
3.30348
3.0805
2.81443
1.36836
2.80198
3.87819
1.93811
1.54152
2.30039
3.74166
1.4915
2.68765
2.45886
2.01499
2.46166
1.4769
1.54118
1.88791
2.8317
2.06365
1.98584
1.76179
2.31911
3.3997
2.77212
2.11319
2.33954
2.37717
4.1771
2.17257
2.19628
1.67694
2.86199
1.7032
3.4399
1.52217
3.00373
2.08604
1.92043
2.90861
1.84169
3.69596
2.1829
1.43345
2.41061
2.27049
2.922
2.30853
2.78731
2.73164
3.31483
1.16827
1.4104
2.19482
2.29779
3.00562
2.00369
1.42287
3.46848
3.44539
1.42066
1.7918
1.46922
1.91096
1.78338
2.21504
2.39165
2.24793
2.23804
2.25726
3.24375
2.39642
3.09288
2.79939
2.31897
2.0512
2.58748
1.86001
2.46961
2.51799
2.94946
2.27763
2.64865
2.39692
4.06702
3.08443
2.84909
2.78724
4.08605
2.41491
2.64541
2.42313
3.06129
1.87662
3.3437
2.43477
3.16665
2.72734
1.68141
1.75744
2.90226
4.22449
1.73232
1.93563
4.09362
3.23397
1.1498
1.4202
2.46487
1.45063
0.0869227
2.1851
2.56917
2.38429
2.97777
2.72121
3.34855
1.23643
1.67288
2.83533
3.16279
3.18796
3.33748
3.2039
3.51938
3.05898
2.1607
2.12986
0.997982
2.28516
2.26848
1.64031
2.44879
2.24293
1.61071
1.88444
2.43207
3.16655
1.4556
3.1259
2.38421
1.83664
3.10399
2.33814
3.36527
3.80657
2.7979
1.74072
1.39172
1.24212
2.7326
2.24357
1.87258
2.60601
2.35394
2.47811
2.36781
1.63625
1.05405
2.21451
1.68941
1.95182
1.52661
0.46144
1.13475
1.75808
2.12102
1.0902
2.13677
2.24904
0.867798
1.49162
1.21595
2.97801
1.16918
1.58913
2.65629
4.3255
3.32904
2.04
1.96999
3.20893
2.12495
3.67263
3.90891
3.30218
3.28319
1.63016
3.03956
3.21493
2.5364
1.15462
3.05011
1.21029
2.4434
2.17679
4.13065
2.97645
4.70141
2.07081
2.16256
3.48541
1.78764
2.64363
3.79964
2.21258
1.68476
1.5322
3.89228
4.90324
2.17213
2.05839
0.997453
2.39486
2.74547
2.63705
2.56614
1.67417
1.77465
3.40407
1.84336
0.605123
1.51521
2.15681
2.96185
2.00918
2.30615
1.686
2.60272
2.64667
1.98573
1.54292
1.15801
0.715864
2.86962
2.1939
1.57084
3.14586
3.138
3.03686
1.70297
2.74059
3.60228
3.03919
2.74147
2.24092
1.65956
1.60009
2.17702
2.67292
3.61086
0.600035
1.02036
1.50951
2.45001
2.21783
2.42558
2.3729
1.88147
3.47771
2.22013
3.08706
2.5679
2.14956
0.944276
1.39134
2.45652
2.17743
2.28568
2.60335
1.5362
2.65375
1.26845
2.25528
3.39802
3.02468
1.45111
2.31025
2.37426
1.80161
1.57131
2.7456
2.83969
2.47184
0.977015
2.07764
3.68574
2.39923
1.02739
2.87655
2.83695
1.83868
2.12968
2.43255
1.76215
2.91004
2.72605
2.24357
1.53998
1.13512
2.25148
2.21603
2.79468
0.897023
2.54897
2.45451
4.64492
3.67282
2.77148
2.29669
0.793117
2.03529
2.14527
2.64231
1.96932
0.897606
1.57086
2.31352
3.60516
1.42126
2.69563
1.70548
2.87802
0.819707
3.21519
2.01629
2.58558
2.67547
2.21845
1.92935
1.06648
1.51651
1.46798
4.03968
2.93334
2.14763
2.00914
3.15857
2.19358
3.19574
2.61988
2.92794
2.03251
2.95792
2.93487
2.4745
3.45574
2.35009
3.748
3.00355
1.47037
2.20763
2.10445
1.7457
3.93329
2.38696
2.61175
1.11988
1.373
2.0021
2.10986
2.39247
1.49263
1.63538
1.55474
3.34955
2.95313
2.81627
2.46042
4.09515
3.91427
2.72208
1.98266
2.63957
2.25218
2.71392
1.86514
1.44563
0.772863
1.86734
2.73481
3.19572
1.70435
2.01282
3.34949
3.21609
2.13918
1.90944
2.32361
1.14605
1.67857
1.56663
3.04521
2.3671
0.116293
1.85193
0.692913
2.83715
2.42614
2.78428
2.36043
-0.36275
2.18137
3.24126
2.32855
2.5433
3.45996
2.44789
2.83351
2.18991
1.93498
1.69287
3.26408
1.70734
1.87085
3.15094
2.31161
1.34766
2.37588
3.05028
1.14156
1.82508
1.5618
4.06838
3.15021
2.1222
3.16305
1.11452
2.96949
3.32881
1.60833
2.66297
1.47839
0.270086
1.02482
2.9203
3.30893
1.97435
1.63873
3.04083
1.40894
3.15728
2.94354
2.91238
2.21439
3.02783
3.42464
3.93019
2.8571
2.44525
1.66247
3.09151
5.01507
2.20096
3.21384
2.84209
3.21269
2.59739
2.27991
2.76041
1.73585
2.66612
2.61089
2.73903
2.66258
2.5921
3.31818
1.74196
1.56948
1.95143
1.71205
2.80595
2.572
3.02063
1.58385
1.5976
1.90907
1.75322
3.68475
3.23695
3.75265
1.84917
1.96075
1.68158
2.5356
2.16696
2.99103
2.55974
2.97069
2.40304
1.38699
1.40494
1.80986
2.81191
2.56821
1.48937
2.89951
1.85394
3.25503
1.64365
1.41379
1.68076
1.95252
2.62223
1.51665
1.95084
2.48537
2.97413
2.50034
2.41531
2.65165
1.35775
1.91088
2.14646
2.13442
2.53535
3.36481
0.812653
3.48197
-0.246784
3.13346
3.75005
2.04685
2.34756
1.66161
3.99115
3.58465
1.74783
2.14358
3.26302
2.08296
2.72405
2.56794
1.87102
2.47
2.83823
2.57295
1.5469
2.96801
1.1087
2.42854
2.70765
1.92852
2.03245
2.47223
2.60214
2.18417
2.94126
3.88504
2.12968
1.94893
3.22316
3.09843
2.5316
2.98743
1.28216
2.86606
3.58538
3.17112
1.43323
1.48431
1.38985
2.52538
0.538075
2.86945
2.51492
1.58963
1.67988
3.46529
3.73928
1.47077
4.1155
1.89788
2.26639
2.38243
1.00471
1.99867
0.141484
1.66442
1.44965
1.4107
2.02748
2.3937
2.15488
2.5125
2.56431
2.49444
2.8199
2.27367
2.14586
1.06134
2.56701
2.09465
2.07034
2.18106
2.33148
1.87664
2.05817
0.894427
2.37799
2.59099
2.09329
2.78863
0.784211
2.92655
2.31732
2.6289
1.60506
1.03745
1.97072
1.48687
2.97653
2.68366
1.79309
2.62138
1.15364
2.1402
1.80963
3.09185
1.8405
4.08233
2.50024
0.581427
1.61016
1.78069
2.2942
1.49325
1.98292
2.83278
1.1913
2.46484
2.74911
1.11169
1.95916
3.29015
3.22348
2.29105
1.27622
2.53422
1.29424
3.80701
3.28069
2.11874
1.61124
2.09079
2.87058
2.1935
2.87705
1.87906
2.23289
2.04298
2.81793
2.18445
4.39351
2.2966
3.51967
2.83848
2.63209
2.52002
2.37556
2.18919
3.3809
3.09625
1.59683
4.71923
3.87439
2.86603
3.08451
2.77801
2.235
1.39942
3.07517
2.39091
2.73991
1.63629
3.58811
2.98398
2.87311
3.08777
1.615
2.2139
2.16517
2.14284
2.53197
2.63005
2.04469
0.924865
2.0237
3.01008
1.7187
3.74248
2.42009
1.8957
3.82516
2.98926
1.89357
1.67721
3.55492
2.53604
3.01205
2.93061
1.11619
2.98414
1.77205
4.16102
2.94938
3.16736
1.92941
2.31789
2.75293
2.19886
0.973924
2.95621
2.82403
1.53
1.08409
3.68551
3.02417
2.02431
0.435839
2.83824
2.24558
2.4584
1.22056
0.915795
2.12907
3.20894
2.50925
1.90796
1.85497
1.01049
1.34257
3.56028
3.27446
3.16776
3.94545
3.73316
2.38743
1.79402
1.39311
2.80924
1.89124
2.23869
2.73319
2.42974
1.69048
1.30538
1.27415
3.52828
1.94183
3.12857
2.38936
2.2127
1.21541
0.59479
2.21034
3.05121
1.32807
3.97769
2.24425
3.84343
3.23389
2.20401
2.05843
1.95445
0.625672
2.2771
2.67528
2.61854
1.72974
2.52383
2.27942
1.19482
2.56303
1.67077
2.56746
1.6042
2.90673
2.88734
4.89712
3.13874
2.58175
3.87886
2.55655
3.48054
2.63953
1.60435
1.14081
1.42692
2.72835
1.10946
1.23815
3.6803
2.33969
3.04679
3.89044
2.36466
3.2811
1.18838
1.92047
2.58076
3.206
2.09467
2.43341
2.67502
0.132095
2.69125
1.32435
0.612245
2.74572
0.834576
2.17117
2.575
2.47717
2.54636
2.62978
3.24839
2.35282
3.61152
0.303434
2.14218
1.49595
2.63684
3.00387
2.68779
3.54228
2.36233
2.55208
2.31524
2.84697
1.81584
3.86633
2.75375
2.04845
2.14089
1.80209
1.97565
3.07982
2.56877
1.30429
3.66969
0.831375
1.48975
2.19472
1.84793
2.77103
2.26062
1.99282
3.02675
3.40498
4.59565
3.07596
2.43904
3.18616
2.53753
2.40965
2.60121
2.30239
3.18852
3.05298
1.39785
0.962573
3.12157
0.971921
1.80183
1.75482
2.71388
1.08836
2.64441
2.75911
2.42601
2.34628
0.924853
3.23663
4.34011
2.19354
2.23546
3.72759
0.777644
2.0663
1.34691
3.09554
1.85383
2.12158
2.92535
2.13099
3.36511
2.27324
2.14528
3.04605
2.5448
3.51831
2.93447
3.59949
2.27185
2.12092
0.820408
1.88313
2.12301
3.2071
2.09301
2.80527
1.88345
3.87528
2.3916
3.30345
2.89897
1.63913
3.44587
2.63958
2.40973
4.29863
2.55394
2.80793
1.8601
2.93088
1.78846
1.30947
2.56547
2.12411
2.97718
2.79881
2.73184
2.53744
1.93861
1.07608
0.908538
2.43445
1.78594
1.01912
1.8621
2.45293
1.7637
2.74113
0.788479
2.84514
2.57535
3.2904
1.52034
2.33605
1.84313
2.38321
3.51802
1.47847
0.132466
1.13764
1.97371
3.23233
2.62157
0.628291
1.29059
2.71166
2.30356
2.06531
1.68504
1.36268
1.39735
2.74096
2.68047
3.02728
2.31324
1.96209
2.65836
1.60149
2.05546
2.15949
1.24495
3.60908
4.14225
3.45292
2.11968
2.13607
2.87802
4.02448
3.51187
1.83436
1.63443
2.90912
2.99771
2.48051
1.95276
2.32946
2.76799
3.00424
2.13014
2.28259
1.29641
2.29847
3.86726
3.2573
2.99258
0.987767
2.50961
0.686686
2.61294
1.20306
2.43395
2.89574
2.81665
1.13908
2.20875
3.00352
1.57212
3.18609
1.94833
1.17518
2.3309
2.62677
2.25361
3.11218
3.74683
2.21593
2.16866
2.35117
2.0317
2.29611
3.38262
3.45743
0.974292
3.03118
2.29719
4.12505
2.53519
2.46203
2.79312
3.47749
2.911
1.37474
1.85976
1.71555
3.37075
2.92088
1.72975
1.82471
2.44391
3.61423
2.11793
2.12347
1.99658
2.00469
1.12703
1.96223
2.84555
2.64339
2.85405
2.95532
2.89916
2.49211
2.52059
1.53017
1.85283
2.68357
3.06673
2.27816
0.943887
1.86931
1.39048
2.39565
0.542418
1.89836
1.60289
2.16973
2.96084
2.0994
2.09583
3.75856
2.66121
2.64189
3.14161
1.9611
2.29749
2.15758
2.46726
2.03396
4.09082
1.01464
0.817053
1.34818
1.53264
4.50128
2.05899
1.90731
2.19141
2.23237
2.70298
2.96038
2.59691
1.13893
3.95234
3.28055
1.82368
2.83728
1.69816
2.77998
2.71214
2.22476
2.20596
2.83134
1.78723
3.58096
3.45765
2.03372
2.92612
1.75595
1.87498
2.07949
3.72249
1.34117
2.22706
2.26833
2.36991
1.9347
2.36934
1.76892
4.08467
2.34485
1.11201
2.0031
3.16631
0.581197
2.85958
3.14423
1.58996
2.11642
2.35339
1.1027
1.33219
1.76409
2.3435
2.88151
1.67795
2.60445
2.0595
2.12387
2.22761
2.6716
1.51764
2.44888
2.58689
1.50027
2.56877
2.4875
2.74627
0.937493
3.74206
3.43992
3.07293
4.11529
2.11646
2.11508
2.99015
2.72627
3.1653
2.57956
2.64348
1.07563
2.24056
1.81902
2.39225
2.58559
2.10716
2.18917
2.05502
1.15168
2.23283
1.58313
1.56583
2.22438
1.53928
1.60361
2.19758
3.84377
2.60461
2.25026
1.62957
1.45358
1.7705
1.93229
2.26135
2.7592
2.57074
3.20513
3.02994
2.79887
2.5185
1.99121
2.24171
2.09096
1.07818
1.76471
2.84341
2.17915
3.11702
1.60093
2.47221
2.85953
1.6423
2.62319
2.4564
2.68355
3.51894
4.07662
3.9003
2.70437
1.9473
3.9293
2.70125
1.74554
0.707568
2.25489
1.56986
2.79152
2.70959
3.28109
2.208
1.2995
2.46868
2.47606
3.60498
3.04053
2.98555
2.34494
2.78497
2.29417
1.53814
2.74039
1.53968
1.41012
1.15545
2.55959
2.23821
1.95662
1.64797
2.43521
1.77844
1.91451
1.98141
2.6938
1.99531
1.80825
2.04873
2.30087
1.62509
1.80813
2.51282
2.40583
0.793092
2.83857
3.09107
1.9694
2.30996
4.34288
1.89557
2.08107
3.02679
1.75496
1.53869
1.48675
2.3454
2.64478
1.71234
1.49964
2.01532
3.58955
1.71822
1.47321
2.06165
2.08581
2.85253
2.18151
1.70417
2.38987
3.26319
3.90398
2.80911
1.54163
2.49336
2.18678
1.5721
3.36883
2.98849
1.96837
2.19705
2.5826
2.72716
3.41383
1.79456
1.24916
3.58081
1.50045
1.95399
2.14642
1.86304
2.30325
2.68255
1.68665
1.71343
2.37362
1.53198
2.66393
0.943825
3.45173
2.40757
2.98011
2.39088
0.864717
1.36199
2.58833
1.76776
3.02421
3.52019
2.84724
2.83754
3.79211
3.05244
2.56452
2.21954
2.78254
3.29002
2.9026
2.5604
2.61645
2.59165
2.03118
1.34871
2.17446
1.67664
3.51149
2.32966
1.53944
2.42616
1.29525
1.46425
3.06261
1.87091
2.32932
1.33026
1.57573
3.53756
2.08789
2.23699
2.488
2.77959
2.43893
2.60214
3.12342
3.86964
0.589407
3.50586
2.48845
0.235355
2.61822
4.55
2.77298
1.21038
2.73478
2.38447
3.18979
2.3781
2.42139
4.25583
2.73666
1.65989
2.21636
2.5726
3.17281
2.49289
1.57541
3.34115
1.70998
1.93759
2.37513
0.838245
2.94414
4.17481
2.58237
2.64079
2.52783
1.98786
3.24203
1.99031
2.63657
2.74346
1.50782
2.66756
2.4515
2.05765
2.67707
4.37397
2.37767
1.42961
1.99464
2.33707
2.9282
2.33525
3.01826
1.50306
2.13582
3.49306
1.87507
2.16788
2.72018
1.35441
2.51054
2.37444
2.3162
4.34933
3.65125
3.91695
2.96007
2.88259
4.1852
3.59182
3.25623
3.56045
3.1986
2.28337
2.76157
2.54045
3.05537
2.50138
3.64104
1.77907
2.79732
2.70459
2.84562
3.4016
1.58892
3.01419
2.3259
1.51075
1.16126
1.13221
4.78011
3.25198
3.25443
3.55612
3.20335
2.14574
1.85897
2.34299
2.56036
0.982459
2.58533
1.67669
1.59568
2.10289
1.44864
2.82843
2.66708
3.56633
1.90916
2.44809
3.17907
2.09107
3.07895
2.62611
2.45883
1.04884
2.51011
4.27321
2.85429
2.79305
1.16946
3.25961
3.14682
1.77266
2.61869
3.12998
2.15526
1.92803
2.75605
1.27041
1.8317
1.98989
3.82388
1.59664
0.716982
1.51427
2.97118
2.74783
2.76102
3.10089
1.8277
1.16172
3.41304
1.94535
2.07644
2.38578
2.70176
1.93106
2.32922
1.88523
2.40609
2.14113
2.0776
3.4239
2.05559
1.87712
1.9014
2.46589
3.76913
1.83434
3.98659
2.13712
2.94267
3.55297
2.61634
2.86888
1.81863
1.20357
2.52106
2.56023
2.3901
3.24012
1.65371
2.98932
3.66182
2.09274
1.45678
1.81177
3.21014
2.94708
3.84868
2.66456
2.12822
1.91288
1.77911
2.97724
1.69192
1.90901
2.25123
1.2972
2.18513
1.62364
2.11596
3.84089
3.33283
1.50142
2.0231
2.26565
2.42945
2.60458
2.61974
1.70783
3.80087
2.13299
2.14914
3.20789
1.69517
1.65219
2.65156
3.15259
2.57422
1.89406
1.15221
4.92376
3.84034
2.59237
1.92706
2.3737
2.69423
2.23451
1.63401
2.16728
1.39051
1.74135
2.91884
2.01552
0.900823
2.01713
3.47362
0.937533
1.34215
2.77088
1.67117
3.09607
1.06986
1.4939
4.1516
3.88994
4.03813
0.368305
4.02094
2.35243
2.54257
2.48072
1.9654
3.25676
2.14543
1.94951
2.41204
2.48641
2.63345
2.27304
3.20356
1.92348
2.52958
1.55339
1.50684
2.61629
2.80485
3.5045
2.1551
2.77063
2.68591
3.98174
3.45728
1.54238
2.74824
3.03456
1.91298
2.28666
3.4469
3.17766
2.42598
2.78376
2.45434
3.25268
2.93207
0.848499
2.79952
3.2686
4.6261
3.15687
3.76302
4.25415
3.03704
2.55768
2.09531
1.95033
2.00427
1.92996
2.71888
2.15824
2.58187
2.26873
2.83359
1.92523
2.67144
2.40596
1.48948
1.48604
2.45643
3.12422
3.597
1.68689
1.38342
2.84078
1.90464
3.49493
2.40885
1.45424
2.77063
1.61611
1.67386
1.84367
2.52396
3.45157
3.06844
3.52589
2.34831
3.58556
4.01829
2.06902
3.89616
1.93777
2.31604
2.03196
1.65905
2.28123
3.2313
3.12456
1.80794
3.71919
2.56236
2.91132
3.21977
2.20785
1.8851
2.73875
0.971281
2.27707
2.31223
3.19988
1.91127
3.51854
2.84234
1.68948
0.833056
3.36122
1.94778
3.70659
1.78727
1.69758
3.76091
2.41841
2.4473
2.37757
1.8399
2.36939
2.15616
3.07014
2.89584
3.21472
2.34065
1.88809
2.80116
2.5465
3.58386
2.54233
3.8032
2.29847
1.52383
1.39557
1.69654
3.41642
2.48486
1.99702
1.67861
2.80743
2.5263
4.01936
2.75668
2.07461
0.629264
2.77417
2.21955
2.20162
2.79857
2.45775
3.43768
3.14822
1.78383
2.83204
3.33088
3.47273
2.27404
1.41549
1.97639
2.49291
2.55669
1.89738
2.53769
3.64029
3.68931
1.87351
3.18762
2.84586
3.3512
2.54576
2.65663
3.10819
3.53039
0.746314
1.91659
2.93166
2.83448
1.70468
2.54241
2.50197
3.06232
1.95698
3.03836
2.94049
2.54541
3.86759
2.72626
3.30915
1.67867
2.11947
1.46408
3.14902
1.64275
1.77507
3.25099
3.11878
2.53885
2.5819
1.71754
1.67834
3.16221
0.915914
2.07926
3.35952
2.52289
2.18809
1.61393
1.20036
3.49988
4.22797
1.49068
3.23574
1.69172
3.26483
3.1302
1.71861
1.8557
3.23041
2.96069
2.63133
3.66729
1.3566
2.04446
2.06103
2.37801
3.00208
3.09409
1.68877
2.91519
3.28826
1.80663
2.11103
2.24876
2.6374
2.2391
2.91709
3.33326
1.82614
2.00318
1.3247
1.49324
0.799935
3.30792
2.20246
2.1795
2.33257
1.64233
3.13718
1.98445
2.77768
1.59465
2.09838
2.23612
2.35759
1.22768
1.10634
1.37877
2.87353
2.99132
2.31334
2.29882
2.18372
2.17561
3.04129
3.03465
2.69061
1.81805
3.1687
2.93063
2.86616
2.37589
1.20609
0.496516
2.50994
2.46052
3.2154
3.55752
2.37276
2.93382
4.61171
1.14351
2.16043
2.86419
1.19965
1.9231
4.67975
3.38072
4.36318
1.45991
1.74273
2.37711
1.25605
2.02711
0.833694
2.90908
3.08252
1.9639
0.696939
3.76026
2.72465
2.32946
2.89236
3.12566
2.56381
2.04242
1.70533
1.57629
3.09857
2.41628
2.10321
2.16502
3.88501
3.40713
3.34657
0.999871
3.69577
0.493916
3.09831
2.0808
1.12026
0.926415
1.65521
2.29418
3.58442
4.23124
1.95254
2.73601
2.04565
2.99393
2.95524
2.5999
2.17602
2.17046
1.53359
2.39432
2.41137
1.99442
1.7454
1.04416
2.69299
0.710347
1.24621
1.26704
1.43736
3.00688
2.9203
2.3547
2.61305
3.63474
3.51843
4.42351
2.75174
3.11289
2.88842
3.78001
2.60533
2.38981
2.75938
2.2859
2.53168
2.17901
2.85328
1.08987
1.72652
2.68553
3.16554
2.76312
1.79648
2.07229
1.50832
2.96524
3.15509
1.48194
2.10479
2.66802
1.82615
2.80573
1.28154
2.35438
2.1337
2.90011
1.69928
1.95688
3.20947
2.96313
0.455127
2.53395
1.79202
1.97885
2.91436
2.31992
2.34429
2.88016
2.55947
2.78889
3.38116
1.46814
2.61005
2.71606
2.3177
3.492
2.83443
2.30125
3.26888
2.50045
1.62719
2.54682
2.82885
2.18112
2.50537
1.35665
1.24702
2.60581
1.57118
3.44087
3.64886
2.7804
3.75768
3.72734
2.72112
2.74572
0.314735
3.37269
1.34936
2.37843
0.604074
3.82199
2.40852
2.71528
2.35067
3.24603
1.62053
2.00532
3.73436
1.44187
3.03573
2.88339
3.49947
3.01667
1.37605
2.61629
2.23677
3.50395
2.60584
3.48941
3.60134
2.46762
3.31015
2.9898
2.1583
4.0839
3.8659
4.12629
2.756
1.90428
1.85528
1.61005
3.83017
2.81296
2.87759
2.54851
2.70153
1.74622
2.65517
2.42813
3.53119
2.56771
1.56197
2.5435
3.39682
3.08745
1.70602
2.72195
2.7308
2.29167
2.02425
3.29344
1.80153
2.80989
4.28467
3.9242
3.40977
4.53905
1.83234
2.50191
1.29501
2.81447
2.19808
2.99124
2.65083
3.70486
3.31502
2.04652
2.12125
3.68345
2.32255
1.51313
2.47157
0.947717
2.4884
2.91571
2.26834
2.61595
2.48585
3.01994
2.68965
0.579173
2.37597
2.71466
2.11585
3.74535
4.12495
2.13975
2.33485
2.03196
2.75082
3.81077
2.53166
1.69526
2.57195
3.63348
2.87874
2.87579
1.93953
4.10198
3.21692
3.99857
2.2401
0.595532
1.87303
1.27252
1.27423
3.31613
2.03878
2.30389
3.43064
2.78827
1.3778
0.859795
3.17145
2.13377
2.18889
2.42412
3.31738
2.89196
2.59705
2.69546
1.51158
1.61489
2.38164
3.03548
2.05704
1.97919
2.06466
2.9723
1.6687
1.8412
3.62993
2.77641
3.17565
1.73405
2.20027
1.38511
2.54681
1.95506
0.628616
2.55247
1.6015
2.04661
1.82523
2.86994
3.04418
1.37691
2.98572
3.01246
4.24587
0.704282
2.06159
1.10995
1.63715
3.10163
2.68663
2.74199
1.61233
3.513
1.32608
2.2091
2.7025
1.03841
2.63152
1.8776
2.40839
1.39798
3.84429
1.80197
3.02884
3.77776
2.66599
1.56093
1.58019
2.59054
2.63233
2.79054
3.57123
2.14665
3.78956
1.90463
2.05397
2.88147
2.51382
0.988375
1.9021
2.6474
2.07
3.0424
3.64853
2.31163
3.31966
2.18811
1.98076
2.8015
1.52927
2.90507
0.575941
1.5371
2.66795
1.93351
1.63694
0.689184
1.31729
3.29092
3.51001
2.92523
2.78978
2.76081
2.54027
3.3495
1.48437
0.328224
1.74352
1.92438
2.92514
1.79006
2.44636
0.990529
3.1316
2.66223
4.66515
2.35357
2.16782
2.72507
2.26684
1.31994
2.75576
3.96079
1.56435
2.02442
2.24302
2.17712
2.49341
1.80472
2.58159
2.16405
2.67566
2.06463
2.77683
1.29155
4.08734
2.58901
3.23124
2.8085
2.09834
1.97794
2.07315
2.08809
2.85728
1.05952
3.8111
1.24479
2.00808
0.075459
1.45171
1.68098
2.90572
2.43954
3.28384
1.2392
2.60606
2.01242
2.14581
2.09403
2.294
1.60817
1.9
2.60924
2.70161
3.30403
1.01174
1.83536
3.58927
3.79698
4.51788
2.33856
3.86469
2.55351
2.12404
2.34161
3.27073
2.79808
2.6401
2.003
2.40729
0.583042
2.30182
1.73626
2.85311
2.04378
3.28975
3.61938
3.13313
2.36246
2.74268
2.37386
1.45191
2.04602
2.58457
1.0979
1.7023
3.10198
4.07679
2.40328
3.71131
1.81846
0.727317
1.35579
1.88664
3.64283
4.42039
3.59081
3.58095
2.77077
1.29019
1.6283
1.25434
2.14353
2.94463
2.77035
3.47121
3.2252
1.56495
3.29317
2.13789
2.55516
3.22883
2.70667
1.61248
2.60024
3.88826
3.88709
3.16489
1.46148
1.01419
2.25403
2.3617
2.43302
2.32854
2.45096
1.82412
2.22926
2.70392
3.84453
1.46553
1.21159
2.19902
2.55395
4.37756
1.62058
1.47466
2.16421
1.45083
3.1675
2.57651
2.47215
2.86427
1.80208
2.93952
1.73972
1.41694
1.59223
2.6054
2.62041
1.46522
2.97282
1.79227
-0.184186
2.45393
2.37296
2.98337
1.76264
1.0287
2.45471
2.40128
1.79419
1.78569
2.31093
1.97355
3.6594
4.05823
3.38962
3.70029
2.22284
1.56462
1.92087
3.41666
3.35877
2.36149
0.809225
1.63212
1.41274
2.47456
3.44491
2.57901
1.6083
2.53429
2.12209
1.83703
1.9071
2.85488
2.04128
3.50821
1.51694
2.27997
2.06094
3.28208
2.43582
2.69132
2.95753
1.60991
3.89638
4.2602
2.55861
0.9828
3.37408
2.79756
2.74806
2.64506
2.41998
3.23824
2.15847
1.22566
3.08683
2.50749
1.67884
2.40323
2.34545
3.08421
1.63334
2.78441
2.57173
2.8952
0.495289
2.60185
1.55015
2.31645
3.20617
0.894151
2.10345
2.95543
2.83716
2.26982
1.86946
1.72069
0.616905
1.69597
2.48672
2.31023
2.58004
1.90876
3.00477
3.38356
3.01076
2.56354
2.57018
1.17367
2.4017
1.98127
3.4613
2.24023
1.43716
2.78187
1.4595
2.23992
2.7052
1.1941
1.54919
3.00344
2.56084
2.05924
3.36326
3.5284
1.65718
2.52495
3.89211
2.5457
3.04691
3.43937
1.74621
2.48631
1.57852
1.73386
1.8141
2.7853
1.51026
1.44942
3.57871
0.31053
1.65743
2.3098
3.74642
3.14251
1.77278
1.54507
1.26678
0.495528
3.41002
2.93696
2.90079
3.17342
2.1158
1.46429
3.89841
1.07655
2.48927
1.72085
2.05758
2.75779
2.3311
2.0413
2.43737
2.08587
2.45777
3.94229
2.44993
2.61209
1.34694
1.13472
3.98918
3.29793
2.00483
1.63672
1.69767
2.29736
2.88219
0.946081
2.17476
1.31043
3.10849
3.12133
2.35141
1.9433
1.28638
2.4668
2.32615
2.83553
1.55231
1.93348
1.47166
1.92811
2.72088
3.36766
3.58768
0.774981
2.30023
0.273132
0.983625
1.42103
1.82922
1.86466
3.04989
1.24171
2.14635
1.85374
1.83705
2.07311
1.10004
2.98736
1.16976
1.23467
2.6533
1.61724
3.07351
2.68266
2.5879
3.02372
2.30941
3.41876
3.13473
4.12892
2.52415
2.54352
2.63059
2.32538
3.56104
3.34996
2.37402
2.04291
3.7486
2.36727
2.54396
3.34584
3.30786
3.10158
2.50437
2.63033
2.87336
1.39842
2.37441
3.87535
2.54657
0.741154
1.94816
2.96498
1.44153
0.589071
1.08071
0.196879
2.4329
1.30672
2.39098
1.38648
4.22914
0.778031
3.15584
3.37198
2.38091
2.47295
3.87906
3.6304
2.51112
1.04337
1.764
3.25095
2.8229
2.97051
2.39906
3.36547
3.03035
3.01862
3.15883
2.84799
3.66103
1.84765
1.54819
2.96718
2.22035
2.48204
2.78763
1.73052
0.298366
2.79193
3.37229
2.05126
2.78058
1.45534
3.24897
1.51691
1.39563
1.37487
1.90889
1.73953
1.84566
1.6567
3.85695
1.57394
2.71154
1.84178
2.58324
3.45492
3.25545
2.53587
1.09923
3.43335
3.68655
2.25055
3.24513
2.80952
1.78985
0.946716
2.34889
2.46699
2.77993
1.2392
3.7295
3.49168
3.16949
3.25999
1.84686
1.96089
2.2822
2.66287
2.84309
3.8712
2.66638
2.18863
1.87308
2.98652
3.39379
3.14666
3.46229
0.878185
2.53213
1.13481
1.5863
1.92987
1.69204
2.32708
3.74457
2.97938
2.70943
1.89756
1.63004
2.97927
3.08254
1.69645
3.53977
2.68658
3.14052
2.59603
1.7456
2.48676
2.1875
2.51395
3.85568
3.68869
1.85766
1.91021
2.73016
2.8294
2.06327
2.34222
4.25772
1.93237
0.648465
1.67105
3.3935
1.64005
0.422764
1.72176
3.52136
1.45997
2.9829
0.325916
3.6241
2.33867
2.23525
2.43905
2.13365
1.89813
3.30327
3.37113
3.82272
0.949276
1.95686
2.07575
3.11606
3.9973
1.92919
1.82768
2.88255
2.81322
2.49028
3.28525
2.41083
1.1097
3.07012
1.00339
2.36352
2.62508
2.92764
1.85073
2.72943
3.84049
3.42223
1.19493
2.28337
2.48877
2.42021
2.64311
2.53503
0.619381
1.92861
0.611778
3.2968
1.71352
0.827655
1.6639
2.64675
3.42945
1.48931
1.49147
3.01501
2.73202
2.4411
2.60181
3.06893
2.83383
4.09755
2.55631
2.00261
1.68846
1.91302
3.27191
0.773261
1.45878
3.02037
3.57896
1.59941
0.224885
0.27938
1.16391
2.91541
3.2809
1.48608
1.9632
3.19527
1.37007
2.70237
2.13696
2.4762
2.36428
2.263
3.30693
2.41748
3.19204
1.74015
2.89027
3.30779
3.37927
3.22756
1.75898
4.02782
3.09983
2.41348
2.5157
2.41073
3.14146
1.84499
2.59838
3.08574
3.90378
3.40823
2.65272
1.27114
3.42209
2.26361
1.68694
2.1466
3.10237
2.31241
3.24218
2.29114
0.819863
2.00122
3.04606
2.21784
4.24644
3.16936
4.36166
2.44161
1.93243
2.03811
0.999186
2.0571
2.17348
2.19609
3.61854
2.20587
0.240528
2.80923
0.640444
2.58959
1.79525
2.75243
3.26576
3.66373
1.77551
3.74846
1.66479
1.24174
1.52943
2.35659
1.59652
3.11536
2.20691
1.28823
4.68929
3.39824
2.30333
2.15534
0.731376
2.57928
3.42043
3.11311
2.64429
0.984965
2.89426
2.36307
3.61338
2.43599
2.47437
4.09984
4.16486
3.10742
4.09635
3.05192
1.21911
2.60883
3.43149
2.09465
2.72329
3.88024
3.22516
3.38718
3.89956
0.917374
2.23105
3.56214
1.68181
3.29617
2.7713
4.23134
3.06891
1.93461
1.88167
2.93342
0.737331
1.24863
2.53562
3.5303
1.61645
2.53001
1.94972
2.70528
1.3217
3.19088
3.2035
2.36236
1.51534
3.27214
1.56636
2.20745
2.89788
2.65811
1.29055
2.56736
1.61582
2.52123
1.68852
2.9873
3.79168
2.81231
3.76414
2.58476
1.69878
1.82672
1.95451
3.71209
2.11373
2.65284
1.58879
2.44254
2.05412
4.26492
3.98543
2.33084
1.25733
1.93123
1.74981
1.56192
2.36244
1.90041
3.07131
2.33752
2.50141
3.59943
1.42545
1.73995
3.95959
0.900034
2.99285
2.34686
2.22241
3.04676
2.76427
3.70786
1.94922
1.53249
2.46668
1.89381
3.23643
2.20351
2.57219
3.39375
3.0466
2.58615
2.91594
2.28082
3.11192
3.88211
3.96047
1.47235
2.41307
2.01011
2.03481
0.827465
3.20995
2.49834
2.54634
2.28984
3.1533
0.657312
0.979215
3.14357
3.12493
4.07863
2.91228
4.26625
2.47884
4.09636
2.51512
2.37267
3.20834
3.63192
2.78308
4.43178
3.46661
0.990265
3.14393
2.63809
3.51938
3.66629
2.97591
1.87619
1.83596
2.90716
1.8225
2.93808
2.56286
2.08474
2.3929
2.51724
1.63803
3.28785
2.33674
2.67848
2.36405
2.82213
2.17811
2.4949
3.31099
3.23006
3.02077
2.64584
1.50059
1.58938
1.84744
2.81794
3.46245
3.95037
3.17887
4.21013
2.66767
3.15014
2.54099
1.69717
3.07911
2.26093
1.51199
1.99358
3.39649
1.25821
0.756635
3.86086
1.74098
2.87842
3.06585
2.83087
1.67565
1.60506
1.55297
2.75075
2.02611
0.455532
2.55647
2.9874
1.2183
2.68652
3.02853
2.62021
2.6356
2.40934
1.94275
2.85951
2.88418
4.47608
3.52762
3.37544
3.11911
2.16682
2.70351
1.00763
2.00511
1.4168
1.61465
1.71156
1.99151
2.60124
2.98555
2.44204
3.01751
2.25881
3.16797
2.27224
3.00474
2.11649
3.88977
0.649359
2.1595
3.12262
3.1494
2.77042
0.911448
2.77442
3.10678
3.22117
2.11958
1.11204
2.11564
3.84775
2.17242
2.37281
2.61326
3.0242
2.18689
2.45485
3.06933
1.73686
0.999614
3.25559
2.77109
2.98551
2.73781
0.735586
0.881325
2.52131
1.26478
3.92826
1.70791
2.56684
0.907225
2.0609
1.90787
1.93482
1.63626
1.9586
2.33341
0.948658
1.24598
1.94169
2.11383
1.66493
3.26092
2.18562
2.35184
3.56373
4.08789
3.54796
2.79871
2.33138
2.4107
2.04991
3.01628
2.62909
2.56449
2.28209
1.35262
1.72645
2.40233
3.07174
2.63247
2.04801
3.54754
1.87775
2.0999
2.54421
2.28916
2.07665
2.47866
1.24759
2.79008
3.0872
2.37615
3.03607
2.66493
2.78709
1.63347
3.4255
3.43387
1.55066
3.95119
3.47624
2.39945
2.22927
2.37056
1.5396
1.99634
2.15024
1.8059
2.08752
1.4095
2.1631
2.3228
2.89851
2.50043
2.86801
2.80263
2.97774
1.98423
1.90975
4.46285
4.0218
1.89784
3.72551
2.50246
2.40545
2.73596
3.33592
3.04841
3.61635
3.36932
2.41826
2.84531
2.11069
1.98051
2.43277
1.78652
2.95346
2.06159
2.69342
2.39202
3.2543
2.94157
1.81362
2.59719
3.35262
2.55968
2.1343
4.28237
1.3845
2.88219
3.02191
0.765034
1.06865
0.602773
2.99702
2.42924
2.78127
1.66952
1.81384
3.02334
2.48666
1.95451
2.24173
2.31162
2.09623
1.65947
2.0211
1.64781
1.80519
0.691526
2.40082
1.2401
1.96232
2.20703
2.1626
2.64719
1.62851
1.3835
3.409
2.16315
0.402353
1.38473
1.87572
2.45209
0.601671
2.37833
3.24986
2.46523
3.11702
2.62257
1.76305
3.64466
1.5981
2.04272
2.7774
1.61916
1.4908
2.8525
2.60578
3.2807
3.47052
3.50184
2.5436
1.69389
3.98689
1.37985
3.38539
2.15798
3.07068
3.67764
2.51184
3.06729
2.9176
1.9727
1.82975
2.31492
1.54601
0.893463
1.60031
1.1476
1.71704
1.53561
2.45002
1.52113
0.700781
3.26462
3.60599
2.46465
2.1898
3.9194
2.21682
2.2341
3.15672
2.77801
2.45997
2.23627
2.8884
1.95797
2.61223
2.94098
2.01429
3.62344
1.78981
3.6178
1.29995
3.72511
2.89638
2.09956
2.54649
2.85553
1.88923
1.30536
1.57261
2.3147
1.87045
3.29796
2.36659
3.16622
1.4309
2.94163
2.20685
2.50205
1.54824
1.87049
2.52572
2.88773
2.60359
1.29261
2.1488
2.48803
2.83194
2.98178
2.67079
3.58977
3.37477
3.05475
1.5326
1.46986
2.05335
2.74176
1.68361
2.80876
3.30715
1.38067
3.9156
1.24575
2.03619
1.683
3.4523
2.23668
4.78562
3.26825
3.44354
2.74578
3.63728
1.94496
2.22408
2.65605
1.18815
2.83767
1.18211
3.25764
5.08682
2.20234
2.78381
1.63319
4.16955
1.66346
2.13542
5.14663
2.83565
1.86848
2.77014
3.4903
3.15061
2.23643
0.659394
2.28117
3.1055
2.33753
2.57043
0.890962
1.35603
3.33027
1.49689
3.2462
1.7064
2.67865
1.15543
2.36983
3.63008
1.88022
2.47806
2.20834
1.40471
0.653499
1.65939
2.78736
2.83151
2.48324
1.54146
2.06036
2.34864
2.06174
3.75994
3.29865
3.03556
1.86048
2.42874
2.92942
2.82144
2.95951
1.67158
1.01103
2.28043
2.55781
3.06394
1.47759
1.84791
1.65676
1.24932
2.22186
2.50462
2.02802
1.83095
1.52862
1.87479
3.27263
1.55527
1.37194
1.25541
2.38374
2.23826
1.07055
3.48304
1.6281
3.42553
2.72089
0.842215
1.71567
2.35283
2.00947
3.65686
2.42657
2.91065
2.05023
2.1971
2.99966
2.406
3.33438
3.2044
2.06404
1.96289
2.8518
3.9823
2.25165
2.40734
2.95655
3.01056
1.35681
2.85817
1.67539
2.20402
1.43419
1.93045
2.0756
2.06507
2.15394
1.37644
2.10907
2.15306
3.77635
2.78684
2.62777
4.29066
3.52624
1.29162
3.48513
2.48447
2.98724
1.3368
2.67864
2.35778
1.71314
2.26756
0.76557
3.16585
2.85151
3.08915
1.81617
2.60644
2.43947
2.88788
2.77866
3.82932
2.30697
0.674113
2.70078
2.20614
2.20969
2.99394
2.21595
2.46078
2.68835
2.28046
2.65582
3.80262
2.50922
1.95174
2.67814
3.012
2.70354
2.37054
2.1169
1.86662
3.15795
1.03493
2.42999
2.29276
1.2197
2.88071
1.23859
2.32187
1.73653
2.75207
3.11098
2.20591
1.55545
2.44666
3.01068
1.25029
2.03717
2.46657
3.7945
2.73415
2.30121
1.37774
1.02578
1.74323
2.78258
1.83704
3.17361
2.41577
2.12202
2.61025
1.60852
3.54551
1.13588
3.13864
2.53635
1.99554
3.52335
3.60384
2.90283
4.89741
2.99
2.68026
2.53765
1.12722
2.06899
1.08695
2.58656
3.171
2.12494
2.28412
2.9521
3.72999
1.44716
1.22928
1.92179
1.80172
1.27178
0.876367
1.67623
2.65286
2.79104
2.52381
3.21436
3.10768
2.07659
2.57891
3.89392
1.74196
1.53029
1.06774
2.26738
2.32595
1.60575
2.88043
1.48106
1.42616
2.59296
1.73382
1.95829
1.15872
2.67566
1.7292
1.37466
4.05958
4.02058
3.51316
2.25396
1.77978
2.61903
3.58237
2.25602
2.55834
2.76177
2.89197
2.76065
2.8496
2.25605
3.0931
2.68202
0.869335
3.33022
1.51458
3.11346
3.24013
1.75321
1.11165
2.36131
1.6788
3.00783
1.55079
3.58829
2.91433
1.49651
3.3189
2.18209
3.28817
1.58717
2.24582
1.64571
3.32696
1.76922
2.60628
1.4537
2.48781
1.9958
1.52169
2.26752
1.52216
3.3893
2.96099
2.45478
2.93999
2.18753
2.60406
3.56064
2.91953
2.0351
1.97212
2.98719
3.09567
1.86682
1.97747
2.72467
2.12347
1.54713
3.55635
2.63994
2.28484
2.55587
2.60625
3.14453
1.50324
1.9703
2.58339
1.31162
1.8461
3.58628
2.53567
2.47165
2.16446
1.74406
2.26036
3.31944
2.84535
0.820677
0.554599
2.27273
1.98957
2.83496
2.22023
2.74153
2.07228
1.99373
1.54521
3.68499
3.56547
3.18611
2.24158
1.96587
2.99465
2.06124
1.94191
2.18647
3.38666
2.54552
3.00411
2.3803
3.22865
1.96583
2.45011
3.41064
2.74151
2.20816
2.0439
2.41146
3.47116
2.06632
3.23774
1.59703
1.22338
4.38063
2.22718
2.84248
2.50047
1.03922
1.10796
2.1954
3.92774
2.30895
2.15762
3.15729
2.85276
3.06789
1.90008
2.12204
2.38528
2.72791
1.94549
3.81548
2.07675
1.00845
3.00391
2.74147
1.79624
3.34547
4.01147
2.39603
3.19972
1.63075
1.4005
1.31242
2.26692
2.49498
2.3778
2.66199
1.34102
2.4898
2.61338
4.41229
2.60602
2.02126
1.97362
2.0517
2.39743
2.27834
2.21149
1.69893
2.15417
2.45034
1.66692
1.83596
2.60835
3.02724
3.46933
3.72036
2.57179
3.70406
3.59837
0.976154
1.99231
3.69407
2.10767
4.33785
3.56924
2.77285
2.54827
3.36375
1.77411
2.79067
1.00538
2.67604
1.6761
2.17367
3.56017
3.83226
1.48633
1.58002
3.39064
3.3267
3.16081
2.27827
2.19331
1.3469
1.86594
2.858
2.19304
2.24255
2.13078
4.34745
2.3335
3.73999
4.01749
3.66943
2.50979
1.97884
2.74356
2.5816
2.32946
3.7233
3.29598
3.2709
3.52119
2.26526
1.65189
3.29598
1.69441
1.12545
2.1613
3.2035
3.76685
2.81055
2.54392
2.17706
2.45852
2.44804
3.17849
3.70254
0.502015
2.24772
3.61655
2.69313
2.65193
1.73179
0.780557
2.16595
1.32457
1.38658
1.13102
2.17883
2.5954
3.0774
2.27184
1.62447
2.73124
1.72483
1.36542
2.98096
2.26711
3.1875
2.16403
2.6805
2.92015
2.22787
1.83206
1.89209
2.36979
1.56829
1.76469
2.28797
2.4984
2.56925
1.74187
1.133
3.0314
2.02406
2.84104
3.43072
3.0537
3.53099
2.20027
2.07428
1.80212
2.11879
3.51215
2.94602
2.41495
2.6997
3.07776
2.4976
3.15277
3.49783
0.978206
0.0518931
2.93306
1.91712
1.35384
3.01155
3.39963
2.38007
2.16685
3.06777
1.67296
3.63997
3.55832
1.07303
2.48838
3.16295
3.32897
0.979558
3.17486
2.14512
1.2982
2.52906
3.58223
1.68623
3.41221
3.76137
1.58712
3.56876
1.42446
3.06901
2.41581
1.74357
3.78442
3.00073
3.4402
1.67336
2.30988
3.2991
2.3908
2.15248
3.4038
2.53424
1.96592
1.6141
2.57705
2.28308
2.09522
4.36106
3.82387
2.85175
3.40756
2.95423
2.56195
1.63357
3.11192
2.74781
2.11761
3.1277
2.97458
2.08631
3.02058
2.74729
1.32727
2.73082
3.23433
2.27034
2.68491
2.9808
1.43357
3.46678
1.14842
2.83418
3.16626
2.63725
2.33005
3.27382
3.05082
3.49292
2.51151
3.00427
1.85943
1.89356
2.54719
2.11278
3.23428
2.42346
1.40614
3.3387
2.4632
1.69936
1.63876
3.07263
1.91804
1.77162
2.80883
3.07273
2.25309
2.38973
3.02853
1.28502
1.32688
3.69195
3.80128
2.40026
3.41592
2.36368
1.47246
1.45233
3.10709
3.28351
3.7054
1.60515
2.17775
1.68436
2.85608
3.33606
1.96556
2.92742
1.1916
2.94522
1.68106
2.72669
2.4374
1.90797
2.684
2.32345
1.42104
2.13074
1.75529
1.80978
3.29618
2.45438
2.28957
1.6207
0.609177
2.41633
0.696663
1.8355
3.07599
1.1968
0.951951
1.74691
3.75115
2.82945
3.64772
3.50047
2.7187
2.09842
1.23664
2.06911
2.04251
2.65165
1.30125
4.60037
3.61179
1.93399
3.32501
0.391754
0.656183
2.13468
2.48088
2.91271
0.654364
1.87815
3.59604
4.39359
2.78627
1.56244
1.38873
2.68599
2.12346
1.79427
2.78435
3.65671
3.2593
3.65025
3.47676
2.88254
1.66662
2.28029
2.82517
0.978581
2.96244
2.81793
2.43275
3.31896
3.15703
2.45377
3.60014
3.33555
1.71498
2.69927
1.55804
2.56205
2.57983
2.81356
1.90651
1.10537
1.97418
2.63039
2.95919
3.15892
3.32658
2.4852
1.79293
2.4164
2.72134
1.69112
2.79984
3.6635
3.10375
1.22547
1.55191
2.16014
2.66864
2.55622
2.76888
1.59187
1.17575
1.94319
3.49097
3.85645
1.51103
2.20528
2.95142
3.12626
3.28805
2.84995
2.32128
1.97599
0.864888
0.601887
2.64507
1.9156
2.82384
3.16987
1.04692
3.85825
2.01328
1.54684
2.88624
1.93244
1.38228
2.27032
2.08124
3.04582
4.22644
2.00799
1.93572
0.0811593
1.732
1.28398
2.23961
3.78054
2.36395
0.192523
1.83706
1.73046
1.54031
2.76846
2.12929
2.86914
2.3356
3.0708
2.34453
3.22852
2.03655
2.95458
3.44231
1.89142
4.00968
1.77224
3.23895
2.61326
3.26606
2.39294
1.86657
2.77289
2.4568
1.65362
2.27095
2.46285
1.6876
1.26468
2.54445
3.39532
3.23815
2.78758
3.09451
1.53732
2.66209
2.44679
1.35331
2.43908
3.26787
2.5715
2.00732
3.40326
2.10526
0.812583
2.10802
3.1274
2.14346
1.89632
1.8082
0.736364
0.832585
2.89102
1.93901
3.27389
2.44666
4.00987
3.30223
1.72943
2.71359
2.37024
1.65796
2.19515
2.17326
3.32221
2.31051
3.09972
4.07825
2.41098
3.13661
3.16838
2.22609
3.67436
2.34844
3.27424
2.75494
2.67645
3.36569
1.12679
1.53848
3.31418
4.42513
1.28019
1.77848
2.87073
3.18978
3.25242
3.53123
2.3325
3.422
1.82701
3.3915
2.09984
3.30264
3.15415
2.09165
2.05531
2.08012
3.0548
2.0219
3.52723
3.52853
2.16515
2.28273
2.36493
2.28463
2.08789
2.25065
2.97503
1.982
2.59917
2.20064
3.16282
2.30342
3.12719
0.812448
3.27808
3.66282
1.74568
2.95062
2.2374
2.29738
2.60409
2.59901
2.29851
1.71755
2.07207
4.06613
1.10753
1.82043
3.06491
1.11489
3.09786
1.65909
1.01415
1.19427
2.70168
1.96273
2.48423
1.47414
3.28402
1.15395
2.79356
2.57918
0.356629
1.722
2.22169
0.629594
2.16047
3.69593
3.46685
2.46271
2.10463
1.62554
2.64221
3.31435
2.62772
3.4754
2.39131
1.95494
4.18885
2.43738
3.78242
2.08606
2.21769
2.19157
2.01809
1.95724
1.3633
2.04357
1.307
1.33352
2.13016
3.47898
1.10529
2.70089
2.7228
2.09482
2.81763
1.39222
0.430714
0.941315
2.61801
3.09222
1.80385
2.60926
1.79859
2.2418
2.18438
2.29109
3.00786
1.29633
2.69576
2.74427
2.81851
1.95139
2.71852
2.21579
3.13439
3.19129
3.17584
1.59014
2.96008
2.82231
3.06429
0.104441
2.66253
2.38308
2.55467
3.34098
3.67229
2.29334
2.10321
1.16151
2.23538
3.76164
2.499
1.97053
3.67762
2.12773
1.76606
2.36114
4.65897
3.66048
1.92413
1.63497
1.3752
3.22148
1.49054
2.90998
2.04138
1.79766
1.40847
0.771103
3.63876
1.56382
2.67743
2.62648
2.38323
2.60033
3.51576
2.3031
3.0871
3.18822
2.71397
1.78196
1.40486
2.57716
2.86553
2.02296
2.01252
1.15735
2.28825
2.1348
3.30854
2.73343
1.97119
2.7006
2.19337
2.23697
1.21834
2.55507
3.62565
2.91943
2.80323
3.11627
2.98964
3.26076
2.80868
3.53019
2.68493
1.76602
2.79057
1.92709
2.54811
2.44088
3.41604
2.51417
2.47328
2.71877
3.22885
2.73403
2.6689
3.65787
1.80052
1.7216
2.01326
2.35335
2.90632
1.44482
3.37074
2.25897
3.12095
3.58869
3.44829
2.81013
2.47184
2.34109
1.51925
2.63742
2.42056
1.24095
3.27343
2.51945
1.60078
4.30618
2.77337
2.91911
2.78849
1.77908
2.72568
1.65449
2.25801
2.90113
3.03374
3.14808
1.70961
2.64855
3.37266
2.44232
4.34157
3.43729
2.64099
4.60815
1.47793
3.02799
1.60336
2.6155
2.36404
1.61342
3.55256
1.82874
2.8071
2.06012
1.86088
2.37997
2.1394
2.78557
2.61838
2.99621
1.48047
3.34625
2.60859
3.91146
4.55271
2.7652
1.52387
2.01376
2.12856
1.26392
3.70937
2.88794
2.4562
1.82777
1.65884
1.63147
2.57837
2.42586
1.8615
1.92792
2.74487
0.752903
2.09639
0.900833
0.845606
3.45298
2.91866
1.77462
1.57514
2.05164
1.58204
2.84507
2.50266
0.739248
1.42917
2.72608
3.66657
2.88307
2.75727
2.86013
1.62773
1.3019
1.99043
1.74226
2.55837
3.15751
3.52634
2.63395
2.77346
2.67861
2.49603
0.533306
3.01258
1.38621
3.33536
0.797245
2.28044
0.995076
2.67643
3.32961
1.91708
3.15807
2.65851
1.61203
3.82987
3.05857
3.67247
3.13684
2.86011
2.22394
2.20867
1.59645
3.13329
3.91631
2.89652
0.566043
2.06734
2.55975
2.29169
2.56656
2.82099
2.64811
2.61722
2.45158
1.04305
4.08596
2.84118
1.73483
2.58649
2.40986
1.61455
2.92725
2.77623
2.18161
2.19138
2.01127
2.61902
2.85984
1.05935
2.89037
2.07134
1.16875
2.54528
2.08612
3.54284
4.11333
1.67455
2.71439
3.72926
3.7874
2.72269
2.52317
3.41995
1.99855
2.09288
2.79626
2.62509
1.51231
2.69695
2.53323
1.94331
3.22768
1.13407
2.95928
1.60609
1.54485
1.77826
2.4202
2.59111
2.75076
1.97423
2.43614
2.13015
1.65684
1.95924
3.71333
3.76795
1.25757
1.44556
3.35984
2.56368
3.3126
3.25261
3.84655
3.8979
2.56844
3.78778
3.84173
2.71016
3.22072
3.69845
2.69347
2.76732
3.63697
3.42471
2.53549
2.74186
3.37316
2.37903
2.12843
2.81239
2.84623
2.54308
3.29537
2.17729
2.73793
3.09416
2.20222
2.20671
2.33823
3.13078
2.31872
3.45071
2.34453
2.35607
1.09809
2.41362
2.52653
1.60646
4.80177
2.61466
2.54032
1.83774
2.72067
2.93335
1.24339
3.02005
2.105
1.67445
2.47121
3.48873
2.89157
3.68736
3.86658
2.71068
2.5992
2.46756
1.54467
0.504141
4.3887
2.9956
3.37339
2.79045
2.95979
3.1803
3.82863
2.97443
1.89546
2.91717
2.00331
3.11955
1.60747
1.56293
1.84475
2.2705
2.2313
3.60154
1.57163
2.57021
3.23346
4.30077
2.55343
1.04974
4.1024
3.39822
3.36525
2.01195
3.36373
0.944893
2.30733
2.32956
2.2143
2.28806
2.15825
2.67167
3.01626
1.75256
2.63668
2.15589
2.47466
1.31975
2.22335
1.51214
2.92666
1.72089
2.3226
2.95447
3.08922
3.75866
0.609698
2.73182
3.68806
3.10196
2.08544
1.58301
2.75513
1.22064
3.6783
4.0796
3.30627
3.34158
1.79389
1.57554
2.67943
1.31649
1.8643
2.9437
3.29082
1.59953
2.61049
2.49187
2.58885
1.60212
2.29608
3.16511
2.58064
2.11169
1.69478
2.76724
1.79539
1.80162
2.77284
2.09455
2.49575
3.00501
3.80075
3.39592
1.91902
3.20012
2.1854
1.63194
1.37471
2.22028
1.55313
2.13869
1.86721
3.25807
3.47172
2.73025
3.65542
2.68258
2.72564
1.50896
2.7449
3.52325
2.88624
2.19772
2.41595
3.2142
1.84028
2.06876
1.91067
2.93727
2.60108
2.73424
1.89057
2.03041
2.35142
2.33316
2.26965
1.4254
1.11448
2.7888
2.53278
3.36219
2.76686
2.77539
2.00459
0.97969
2.11511
2.51062
3.4141
1.47767
2.59572
1.69789
1.06319
3.15035
2.37283
2.60948
2.05959
0.930524
3.14392
2.30676
2.23335
2.91145
1.40998
1.75729
3.58599
3.16686
0.936658
1.47077
0.773154
3.80682
3.49391
2.46555
1.81685
2.33401
2.87981
2.90278
1.86035
2.18013
2.65651
3.8936
2.18569
3.53326
2.17816
2.25727
2.60812
1.51971
1.77375
2.4436
3.09265
2.80819
2.74592
3.56007
3.28802
3.67729
1.61857
2.54151
2.21748
2.86313
3.09713
2.51024
2.6672
2.03408
2.22095
2.41371
2.90267
3.28432
2.79936
1.90108
3.34385
3.00969
1.58854
1.69364
3.43496
2.73331
3.94057
2.89152
2.87272
3.44127
2.92139
1.85558
2.23177
1.87695
-0.38338
3.21169
1.17377
1.26834
1.93435
2.958
2.29334
2.36666
2.02819
2.88513
2.10108
1.56728
2.3994
3.07473
1.00456
3.24698
2.67575
2.64599
3.87651
1.84928
2.26278
2.02768
1.23997
3.6764
2.41295
3.38215
1.17155
3.37069
2.38637
2.15528
1.5848
3.88942
3.20519
2.99817
1.97916
3.08199
0.977664
-0.0663492
2.29325
2.30751
1.89847
1.47002
2.46804
1.9871
3.17434
1.22447
2.7386
2.22029
2.50126
2.68547
2.35125
2.24001
2.17597
3.02451
3.53108
2.82099
2.00816
2.68832
0.0853377
2.48355
1.76945
2.57519
1.87001
0.751217
1.45547
1.80421
1.59327
2.19531
1.89707
1.64052
2.3469
2.14572
1.21605
3.83715
3.32299
1.23688
2.20821
2.67782
2.4223
2.73854
3.52199
1.23792
1.27334
2.47462
2.15116
4.12947
3.85615
1.84042
1.54872
1.48828
2.7402
3.84767
2.75463
1.85589
1.21741
2.55682
2.95199
1.51734
2.78388
2.16497
2.08767
0.737213
1.74074
3.58366
2.18397
1.62657
2.79153
1.9777
0.726917
0.549406
2.72564
3.628
1.95543
2.94568
1.61447
1.63227
3.4322
3.25172
3.22019
1.70468
1.36259
1.8761
1.89788
1.96635
2.37082
1.92574
3.45737
2.00791
1.48854
2.65446
1.60795
1.67741
1.97719
2.16646
3.25477
2.71566
3.36705
3.17819
1.58419
1.0962
1.94753
2.51921
2.04898
2.71891
1.9535
1.70579
3.13721
2.06412
2.45622
2.94414
2.54585
1.9602
2.72943
2.38834
2.3432
0.755735
1.72275
0.664414
1.89099
0.74069
3.32599
2.58911
1.92623
1.70031
2.33546
1.60797
2.87666
2.65889
2.09314
2.08856
2.50475
2.2904
2.3722
2.12592
2.44661
1.69449
4.10108
3.80207
4.06144
2.39863
3.20566
2.83069
1.99028
2.34184
3.597
1.02314
2.33874
2.86331
3.77752
2.86206
3.4377
2.15737
3.54346
1.61265
2.71076
3.6925
1.94421
4.3083
1.53035
1.6524
1.36942
1.43192
3.04374
2.68923
4.13361
3.71208
2.47843
2.5379
1.95478
3.54901
2.45162
0.719071
1.86446
2.37667
4.19192
2.33044
2.26185
3.28801
2.69695
1.61258
1.46378
2.04486
0.890571
1.72438
1.73436
1.92402
3.15324
3.30366
2.8275
2.834
3.20955
4.27695
2.57306
2.38135
3.01964
2.2928
2.49533
0.981205
1.64099
2.29215
4.01148
1.28873
1.03081
1.50729
2.05128
2.73617
2.78029
1.70284
1.2086
1.51717
2.12414
1.39147
2.6551
0.980223
2.19598
2.87815
2.6099
2.69087
2.26019
2.34627
0.66615
1.74894
3.15033
1.78835
3.088
3.28401
3.11528
2.69669
2.94095
3.39893
1.74896
4.67091
3.78292
4.5487
2.72409
2.92683
1.87791
2.23102
1.30398
1.68469
1.00317
1.54398
2.85069
2.54725
3.30382
2.2688
2.44687
2.23311
2.09963
0.690045
3.13419
2.41879
2.48131
4.0253
3.39316
2.37621
3.72713
2.52894
1.98282
1.9521
2.72348
2.55488
2.57238
3.28707
4.03678
2.56815
2.57692
1.45429
3.32568
3.49817
1.59705
2.76814
2.49091
2.11466
3.67466
2.17431
1.15399
2.93894
3.73122
2.73995
3.82803
2.62435
1.93964
1.77759
2.12018
2.04745
3.57879
2.10561
3.4935
2.82789
1.87418
2.9056
2.85187
1.70267
3.89154
0.918334
2.84862
1.71352
3.44522
2.02567
1.38559
1.92854
3.02986
4.10221
3.04504
3.23851
2.65176
2.95548
2.22165
2.20158
3.73293
1.29071
1.34278
1.95828
3.65167
2.29828
1.53355
3.6256
1.82031
2.21605
2.22364
1.95976
2.84563
2.55023
2.67277
2.18266
2.74077
1.44797
2.8014
1.57551
2.39129
3.29946
3.17605
2.20619
3.23392
1.36277
2.82427
0.919333
2.21106
1.7608
2.43658
1.40387
1.42762
2.68089
2.0122
3.3135
3.33171
2.87902
2.66213
2.01471
2.23786
2.58141
2.25776
1.88528
1.41735
2.06411
2.61526
2.70711
1.5273
3.99704
3.20897
3.65865
1.36522
2.73496
2.49732
2.30416
2.24134
2.36518
1.9939
2.62412
2.00485
2.62869
2.28495
2.14384
3.14005
1.52164
2.39879
2.5923
1.31709
2.08843
2.38206
2.93195
3.11057
1.59108
2.95245
3.66018
2.34322
3.597
3.24758
3.5512
2.56094
1.58121
2.9845
3.51074
3.57239
3.16821
2.04302
1.91223
3.00339
1.88916
1.49516
3.23821
1.34388
2.99216
4.13959
1.69526
1.3295
1.96473
2.33015
1.96742
2.59183
1.31716
2.58531
2.66993
3.24842
2.27643
3.05332
2.81229
2.52932
3.64845
2.42151
2.00673
2.97185
2.41776
2.53315
1.53913
3.22244
1.53032
2.14212
3.03398
2.24088
3.20225
1.29117
3.66709
2.47219
3.43198
1.21989
1.44379
2.78359
2.69306
2.07175
2.40472
1.62478
2.30855
4.13688
2.4522
2.37791
2.66065
3.0514
2.60099
1.78605
3.51421
3.43834
2.46206
2.91298
2.27365
2.37055
1.38393
1.70686
2.70524
0.879224
1.99437
3.56681
1.56563
2.46
2.65693
1.65266
3.25055
1.44726
3.98144
2.47514
2.96382
3.61252
2.46839
0.336982
3.34943
2.84182
1.80561
3.58776
3.3226
2.01022
3.17445
2.24604
3.04036
2.13789
1.82709
1.95638
3.41065
1.21279
1.94525
2.69292
3.10044
2.26338
1.56439
0.277527
1.86203
1.47342
2.21071
3.00894
2.71374
1.96402
1.74034
2.26448
3.89754
2.49852
1.32622
3.17122
2.98756
2.21288
1.85097
2.70801
1.68673
1.62047
3.44473
2.59367
1.73165
2.78829
3.13238
2.84942
3.45921
0.995612
2.57532
2.53776
1.05241
3.71994
2.10492
3.23154
2.49525
2.82633
3.27904
3.2466
2.75081
2.34555
1.57326
2.98964
1.83106
2.66632
3.90903
0.953033
3.42304
2.18451
3.04392
1.54779
1.81674
1.93726
1.65096
3.00974
2.31897
2.87092
3.83251
2.8923
1.91123
3.02693
1.73968
1.53792
2.40106
4.03187
1.92713
3.25274
1.31705
2.51959
1.51241
2.69863
2.31886
1.25693
3.74487
3.70868
2.17057
1.08771
3.01671
3.04767
2.12935
3.4421
2.85463
2.16558
2.1505
3.14856
2.76025
2.23873
1.99378
2.69686
4.04383
3.02583
1.99623
3.51447
3.02274
2.06537
2.32476
2.00325
1.50237
1.8899
1.90103
2.34249
1.59582
3.15399
3.02838
2.93072
2.38353
2.29473
3.19464
3.602
3.56855
3.52645
2.12713
2.07527
1.84849
1.7512
1.24416
2.17365
3.21482
2.2906
1.71402
2.39477
3.0442
0.0915761
1.61804
1.88719
1.23405
3.00612
2.28468
2.78421
2.04683
2.96762
2.11507
2.50479
3.65573
2.69285
2.41915
3.36983
4.52767
4.18632
3.45508
3.06365
2.50303
2.30486
1.73026
2.21709
0.609049
1.57823
2.63851
1.73328
2.94583
2.93832
1.87113
1.75335
1.80707
1.74344
2.81632
3.62053
3.14991
4.37476
1.57941
3.89574
0.548972
1.49536
1.42399
1.71872
0.527918
1.2419
1.15522
1.58055
3.76275
3.31297
3.04516
3.04598
1.42339
3.82926
2.49272
3.19505
1.6443
1.57274
2.99086
3.39545
4.1237
1.92086
2.06332
2.80213
2.11077
1.45002
2.05373
3.13153
2.48553
2.18892
1.38965
4.00955
2.93803
3.86721
3.94392
2.82728
1.41583
2.84284
1.22966
2.05845
1.68444
1.45834
2.71995
1.92596
1.84376
2.15418
1.40055
3.04655
2.95495
3.61761
1.16483
3.49554
2.38557
1.29535
3.8944
2.36829
2.86596
3.2311
2.52162
3.13338
3.0685
2.35046
2.52947
2.99843
3.31183
4.83255
1.57473
2.79933
3.01862
4.15295
1.73282
2.051
0.0551486
1.29691
2.02215
1.24557
1.30724
3.57594
1.7871
1.96776
1.36146
2.08321
1.91424
2.19498
3.26781
2.56815
1.91008
2.67869
2.88842
2.92569
1.85815
2.27994
0.824713
2.32111
2.64963
2.71482
1.9582
1.9707
1.85197
3.44629
2.90314
3.10799
1.94265
3.43563
2.72972
1.97504
2.36451
2.85311
1.75392
1.62284
2.95512
3.58542
1.85334
2.43345
1.63688
2.0134
1.84008
2.27224
3.00696
2.83982
2.53219
1.10035
2.22398
3.32278
1.54932
2.35253
2.28419
2.76542
2.93748
3.46957
2.51512
3.18057
1.66904
2.95997
0.429676
1.65483
3.98234
4.07873
4.40463
2.22406
2.66561
3.04884
2.9107
2.79517
2.25386
2.18875
0.516349
2.8219
3.2622
4.1792
4.23063
2.55461
4.4518
2.54716
2.22627
1.85941
2.80322
2.57199
1.92385
2.24762
2.43664
3.87636
2.75076
3.93976
3.07631
3.1903
3.20775
1.9516
2.61937
3.07662
2.01425
2.04941
1.45354
1.81106
1.42948
2.58354
2.17536
2.45824
1.52711
1.68297
3.0827
3.46718
2.43716
2.78889
4.10388
2.50079
3.34594
2.69929
1.69507
1.95081
1.32093
0.838216
3.50203
1.55318
3.64191
1.76193
3.20041
2.85032
2.35294
2.16564
2.2632
2.34379
2.3914
3.67909
2.2815
3.00596
2.01747
3.40649
2.64873
3.77823
2.07825
2.87697
3.20171
3.67274
2.08705
1.74066
1.17637
1.35246
2.93685
1.77103
2.18553
2.51779
3.42726
2.19343
2.34613
2.74034
2.05853
3.77261
2.75126
1.27647
4.50946
2.65022
3.12202
2.21242
1.52074
2.27744
2.76627
1.96688
2.96583
1.34008
2.28153
2.44383
3.44327
3.14294
1.25592
0.746445
2.66456
2.04986
2.24879
2.59503
3.27585
3.69001
3.52846
3.10191
0.979432
2.37792
3.30946
2.61984
2.71543
1.71607
2.4323
1.53847
2.30724
2.48735
2.46646
1.23586
2.70849
3.67826
2.37533
3.17748
2.2158
1.89937
2.01459
2.68416
1.08802
1.40603
1.42322
1.20384
0.811268
1.8649
2.65395
1.83813
2.87097
3.47295
0.950109
0.873343
2.15626
2.24667
2.28515
1.69853
1.79979
2.39566
2.49103
2.79019
2.26897
1.99838
3.61176
3.49789
1.38495
2.43406
3.16168
2.79283
4.07833
3.02867
2.35252
4.55759
2.43254
1.86039
1.64543
3.45518
3.23653
1.49613
1.96097
2.34783
1.99733
2.7819
1.75789
2.25866
1.09585
2.26338
2.29378
2.62663
1.88805
2.20861
1.95708
1.66094
2.73574
2.13166
3.29071
1.17241
3.82832
1.86743
2.03297
1.20063
3.84106
3.37337
3.37324
2.15037
2.1368
1.2184
2.57497
4.60211
2.77937
4.08061
2.8269
0.728275
2.57932
2.07069
2.46497
2.86898
1.34731
1.63315
2.94303
3.07034
2.67143
2.6722
1.38439
2.27213
2.43234
3.12769
1.91692
2.17319
2.55827
2.93476
1.78328
2.50417
3.04643
1.5146
1.4078
3.14169
3.6212
3.25959
1.99069
1.5705
1.45655
1.32895
1.88198
1.53368
2.48434
2.00436
2.18042
2.20562
3.0532
1.4311
1.94658
2.5338
3.98382
2.54338
1.40072
3.39512
2.63463
2.59499
2.48894
2.02466
1.86905
2.89529
1.52701
1.9266
2.9308
3.26877
2.78936
2.51209
2.10825
2.46838
3.03079
2.2983
2.73528
3.02157
1.66263
1.09359
2.28318
1.11675
2.72788
1.86493
3.86239
2.83968
0.993427
4.27882
3.04921
2.58353
3.52855
2.71118
1.77525
1.32179
1.68184
1.58892
1.69761
2.68371
1.66291
2.79671
3.75693
2.6601
2.77283
3.04452
2.87514
2.63863
2.61501
1.20892
2.52277
3.48441
1.69273
1.87693
3.03499
3.37113
4.02602
2.22271
2.20984
2.59746
2.46856
2.2453
2.38979
2.54335
3.42607
2.38794
2.48031
0.870147
1.11847
2.53219
2.17612
2.37514
2.08039
2.19584
1.95979
1.99878
2.14431
1.50668
1.71931
3.38469
1.61345
1.47897
1.87368
2.84763
3.54456
1.37206
2.00142
3.03704
1.68523
3.4827
2.00046
2.17885
1.50088
0.824698
0.311391
1.47639
2.68972
3.062
4.03117
3.73089
1.35423
1.87352
2.23452
1.78276
2.08347
3.55402
2.93828
3.02671
1.1332
2.92835
2.43462
1.90095
2.04231
2.13814
1.36047
3.28172
2.97805
2.72877
2.777
2.91482
1.76469
2.69995
1.60885
2.40027
2.45524
3.33225
-0.0108669
2.17644
2.00516
2.19358
2.61202
1.02341
3.36444
2.37889
2.22664
1.28707
1.91768
1.56361
1.83375
0.175951
2.38729
2.35645
3.22507
1.54691
2.92829
1.6956
2.79947
1.2433
3.63151
2.17937
2.93983
3.46097
2.66988
2.808
1.12536
1.5791
1.94651
2.22395
1.44564
0.954958
1.30385
1.13367
1.24062
4.55937
2.04547
1.46894
4.12544
2.59173
2.03396
2.79706
2.70797
2.77345
1.37249
1.82985
2.00092
0.717163
1.75788
2.56099
2.37279
1.23381
0.905302
1.77065
2.51508
3.65474
1.53804
2.43534
1.18243
3.10889
1.62581
