4.67836
2.26773
2.32883
3.45059
3.424
2.69403
2.16995
1.81882
1.54378
3.58853
3.14549
1.95602
2.48514
2.84597
1.55339
3.88968
3.27743
2.00874
1.2069
2.62605
0.0230316
2.34407
2.78872
2.33692
2.37913
1.02758
1.20953
2.33108
1.91709
2.88935
0.467747
3.97892
0.360793
2.56572
1.73897
2.84479
3.42727
2.21891
2.45197
2.64465
3.0381
1.92184
4.30748
2.01759
0.768226
2.96676
1.04122
2.9927
3.06898
1.64345
1.5466
4.67144
3.53239
1.07208
0.757441
1.5149
3.10683
2.32393
1.83399
2.73585
4.44077
3.11404
1.9551
2.12172
1.21468
3.67535
2.42254
2.97614
2.09402
2.72088
1.35548
2.13639
3.06805
1.46837
2.28956
2.40349
1.95135
1.82022
1.85152
3.38289
2.15408
1.02914
2.96746
2.93259
2.20209
1.17217
2.22706
3.30937
2.63645
1.76907
2.50603
1.69333
1.92696
1.85173
2.30714
1.5568
1.86362
1.11011
2.17746
2.50041
3.87726
0.622933
3.00924
2.06666
2.05002
1.86402
2.17491
1.15712
2.72205
1.57797
1.54456
4.25653
3.47172
2.62041
1.7806
2.51834
1.94006
1.24177
3.11169
2.04325
2.75589
1.38083
3.16071
3.34921
4.34688
1.6654
2.57214
1.5009
2.47773
2.00299
2.20571
2.807
3.35569
3.82294
1.94875
2.28743
2.9437
0.695867
2.60752
2.45217
2.80032
1.96651
1.61034
2.76079
3.75418
1.434
3.95639
3.14277
1.56862
1.90531
3.22551
2.82196
2.69853
1.63067
2.26479
2.81536
2.00919
2.85388
1.22774
2.02939
3.67398
3.08676
2.88307
2.59512
1.31832
0.403283
2.69789
3.15103
1.2041
1.36049
2.37919
2.18952
2.80334
2.69219
2.52351
2.41068
2.02894
2.62016
2.07212
3.33574
2.61795
2.29205
1.10504
0.804493
2.37746
2.83646
1.28519
2.30638
1.77642
3.26617
0.972546
1.93062
2.21002
3.75069
2.99025
2.15907
4.09375
4.11613
2.58953
1.79412
1.08582
2.64114
3.49955
2.30921
2.15711
2.57128
2.64798
1.89136
3.14186
2.11641
2.68173
2.85263
4.13413
1.23606
1.56461
2.88714
1.03879
3.26385
1.47933
1.25211
2.38815
3.32858
2.34423
3.77451
2.39825
0.842663
2.02987
1.96491
1.84199
0.270496
1.54096
2.84353
1.73682
2.86848
3.23243
1.03895
2.1512
1.70088
3.7025
1.54137
1.85755
2.33107
0.870613
0.616645
2.08018
2.61971
1.69917
2.60128
2.77089
2.26284
3.53776
2.75515
2.25865
2.5351
2.76833
2.86927
0.6441
2.21029
3.77114
2.18855
3.05258
2.34094
1.9674
1.21771
2.96133
3.05735
3.87123
2.75272
3.05708
1.92099
3.79821
4.47845
2.76575
2.22486
2.65591
1.62671
1.06649
1.09453
2.30648
2.63129
3.27374
2.44513
2.59126
3.52138
3.08612
2.61169
2.21918
4.92577
2.27746
2.21902
2.66878
1.92854
1.12632
3.0033
4.45175
1.65832
1.892
2.49899
2.62881
1.41861
1.89695
2.36281
2.24925
1.91307
2.90673
2.08128
2.09948
2.63432
1.79737
0.862272
1.78429
1.6103
1.07713
3.38676
1.21271
0.270253
2.84234
4.0426
2.24247
0.544542
1.02631
1.91297
2.45646
2.29854
1.86602
1.5665
4.97172
4.783
3.90239
1.79748
1.02019
1.69781
4.00801
1.09922
0.575565
2.99519
2.29533
0.999328
1.71429
0.644156
2.85894
0.555984
2.28856
2.3091
1.82299
3.28446
3.67185
4.25385
2.42517
0.358954
2.32007
1.64647
1.30452
1.83211
2.62462
1.89285
1.12547
3.51135
1.80127
1.82536
1.94019
1.91399
2.33761
2.75335
3.1155
2.10092
3.58578
1.92095
3.57996
1.16054
1.91667
2.30858
3.53572
3.48858
3.99229
1.9552
3.63379
1.75219
2.23749
2.62589
3.8749
3.41042
3.61194
3.58856
2.31929
2.83088
3.0066
2.95046
3.566
1.08695
3.18047
1.47651
1.56069
2.94967
1.26399
1.56545
2.86816
2.06578
2.8308
3.61049
2.65707
2.76063
0.1529
2.58665
3.77097
2.84979
2.00569
2.859
0.811043
3.13178
2.48571
0.676314
1.45745
2.90169
3.35529
2.50429
2.41608
3.65425
3.24012
2.09826
1.46243
3.34421
2.49981
3.12583
1.52587
2.74385
3.32608
4.14162
2.87573
1.99261
2.61321
3.14206
3.29886
3.33398
1.92915
2.22698
2.28154
3.25221
4.49402
2.73201
3.24854
4.39151
1.56592
2.69266
0.393411
1.11772
1.55011
3.52552
1.66053
2.84609
-0.09848
1.57723
3.27542
2.54028
1.70912
3.03683
2.56737
3.05848
2.33081
0.845142
1.92895
1.41306
2.40637
1.70546
2.12504
1.34852
1.76754
4.06359
2.22475
2.33967
3.17245
0.318905
1.11101
3.54746
3.12267
1.21638
1.73985
4.50211
3.66678
2.97037
1.44436
-0.0489093
2.80962
1.60582
3.06057
3.75731
3.14166
2.3185
2.55729
3.53907
3.80421
2.60665
2.06047
2.92844
1.38009
1.98403
2.77668
2.18597
1.94665
2.0763
2.11947
1.83005
2.59362
1.18371
3.14832
2.8858
2.43987
2.70623
3.23648
2.13832
2.61857
1.83133
1.43283
1.82447
3.21836
2.43015
2.23713
2.45024
1.66566
2.34018
2.03167
0.139458
1.74757
1.1626
2.95197
2.01645
2.99199
2.48829
2.34355
1.5999
2.23626
2.78862
3.15968
2.45498
1.86011
2.14417
2.52342
1.43629
2.84865
0.718587
3.92361
2.59762
2.56984
3.16972
1.05157
2.22233
0.98976
2.74954
3.11062
2.9783
1.29856
4.50198
2.44844
0.773256
3.71267
3.41741
1.20747
0.888514
1.42225
3.21602
2.11436
1.69641
3.84059
1.43078
3.12465
2.16295
1.46789
1.26312
1.99122
4.85086
4.17251
2.75797
3.03911
2.05607
3.1762
1.99119
1.56223
3.27012
2.02401
2.26732
0.962968
3.11822
3.53997
2.33244
1.76557
3.85719
1.98334
3.29496
1.88468
1.73754
2.04122
3.46893
2.02156
3.53214
2.94447
1.98298
3.25688
3.76045
2.02073
1.68489
0.964245
2.29483
3.76409
2.42889
1.75563
0.935991
1.01812
2.98913
1.68771
1.61448
2.29278
1.10557
1.84591
1.59597
2.92403
3.70907
1.22877
2.25315
1.08919
0.788161
3.56563
1.90997
2.99854
3.76296
3.64003
1.68944
3.19329
1.75295
3.63906
1.05734
1.00674
3.0601
2.14399
1.51702
2.46582
3.04681
3.66079
2.09743
3.673
1.02837
4.48174
1.49614
2.88524
3.71141
2.4147
1.50363
1.20407
2.39241
1.22348
3.75135
2.21059
3.29092
2.09922
2.59714
0.938446
2.91505
1.33122
1.13759
3.9593
2.61271
0.0848165
1.46612
3.25449
2.65768
2.86784
2.28169
0.841554
3.26421
2.39497
2.22291
2.53503
1.5236
1.61942
1.94997
3.01307
2.48598
2.12311
3.2643
3.23044
1.52532
0.393806
2.39284
1.55719
1.30047
1.02396
0.605633
2.65311
3.3947
2.19322
4.26071
0.949402
2.80421
3.39372
3.36713
2.01649
2.12753
3.55602
1.88487
2.37042
1.29397
3.07726
1.53464
3.70564
0.938681
2.61102
2.29225
2.97427
1.87935
2.52781
1.98666
3.76946
3.02338
3.91317
2.94047
2.22636
1.82899
3.47852
3.04506
1.71792
2.69675
2.6989
3.44251
2.93486
2.40151
1.89739
1.93163
3.16227
2.03133
1.91754
2.3909
1.41118
3.07958
2.11927
2.60733
2.37934
2.81305
2.90332
1.43716
2.79844
2.25151
3.13002
1.32079
1.67481
3.95226
3.01113
3.12109
2.42909
3.03189
1.25784
1.50968
3.10523
2.72788
2.04956
1.40769
0.992991
1.80026
1.92242
1.74695
2.91084
4.26339
0.663892
0.737881
2.1413
4.90787
2.6141
2.57381
2.00609
1.00001
2.04441
0.994358
1.52677
2.43976
3.47466
3.77105
0.233723
2.19822
4.05538
2.36251
2.98643
2.16394
2.90551
0.0973966
3.60462
1.30248
3.07721
1.94884
1.37421
4.28056
3.05789
1.31323
3.72261
3.98763
1.87473
2.46882
3.04458
2.89311
2.81253
1.62867
2.70866
2.00812
3.06475
2.91932
2.74192
3.68587
1.67637
3.19403
1.81391
0.966754
2.31197
2.59149
2.95345
-0.0441729
0.571009
3.35794
2.65879
2.50155
2.67396
2.63158
2.51338
2.23314
1.60034
1.8221
2.81073
1.91394
2.61352
1.42151
4.37561
1.67426
2.84728
3.97666
3.73832
1.26465
3.55805
1.57965
1.65565
4.1196
2.82853
2.18443
2.5527
1.64447
1.45756
1.66929
3.91458
1.67816
1.84599
1.95272
2.62028
2.89161
4.57718
2.61509
2.98519
1.40871
3.32681
2.45748
2.1626
3.014
1.53816
3.14365
0.858907
1.77974
3.28367
2.06939
2.2966
2.25191
3.45466
2.60589
3.67037
1.85076
2.38921
4.64812
1.99554
1.65338
2.69705
3.14033
2.47981
1.33863
2.22992
2.64191
2.72766
1.92061
3.0611
1.27237
2.1816
2.08091
3.06368
2.04102
2.39861
1.08632
2.00159
3.85956
1.08411
1.17006
1.46911
3.26829
0.484429
1.27448
4.2121
5.69822
2.2763
2.29128
2.25122
2.73905
3.38577
3.21385
3.60628
0.915059
3.15908
2.15565
1.45833
2.56896
-0.17966
3.0584
3.42677
4.03663
2.08619
1.90114
3.17869
1.99116
3.5055
2.33312
4.22188
1.65015
3.13272
3.99394
2.69761
2.92266
2.55056
1.94036
2.09218
2.82132
1.54078
2.96064
2.48987
1.38703
2.97372
2.76714
0.884828
2.24488
3.7559
0.905753
2.10129
1.5937
2.91127
2.93342
3.62916
1.38305
1.55643
3.36261
1.97174
0.799341
2.56159
2.67539
2.46301
3.22606
1.0815
3.24928
2.17907
2.27278
3.5842
5.32118
4.36334
4.35385
3.89523
4.17019
1.63153
1.5876
1.87358
1.44297
1.13472
1.05013
1.91854
3.57598
2.61592
3.61794
3.50497
3.03499
1.94646
2.26349
1.75023
2.35826
1.52302
2.64346
3.45557
2.45198
3.03083
4.44358
1.25447
4.02755
3.00785
2.99058
2.38834
3.31508
2.2238
1.93601
3.40507
0.871997
2.36404
1.51425
1.47198
3.55449
0.0681582
0.996841
1.77423
2.0831
2.90866
1.84554
2.23351
1.76842
1.29978
3.82214
1.50808
3.40992
1.27406
2.91876
1.96641
3.27213
2.07544
2.65334
0.487543
1.94329
2.28062
3.38723
3.999
2.29274
2.01922
2.10842
2.49088
2.08784
2.46903
2.2921
2.8865
3.52604
2.24436
2.20143
1.54816
3.03123
2.02056
1.6126
2.69261
1.20658
1.95384
5.06266
1.92963
3.55596
2.32573
2.31612
2.32763
3.43558
2.34297
2.29972
3.52535
2.35052
1.744
1.72762
2.58615
4.68755
1.6106
3.55877
2.45313
2.376
3.22789
3.24598
2.67297
1.27021
3.56461
3.18907
3.02149
0.101421
3.43671
2.58712
3.33675
1.39361
1.43173
2.44986
2.38235
2.68595
2.06707
2.52144
2.5934
2.40868
1.57861
3.7285
3.88939
2.71324
1.75412
2.9775
1.78125
2.07535
2.9486
1.95708
2.20291
2.35229
2.40641
1.95599
1.89848
2.27669
1.12945
1.7176
3.19092
2.77118
3.27137
3.00292
2.04221
2.06821
3.41332
2.86722
0.525224
1.11158
3.46478
1.97753
1.70274
2.96298
3.32903
2.58896
3.20302
2.93023
2.45501
1.67099
1.26899
2.23415
4.2029
2.89076
1.60811
1.74119
2.76659
3.32582
3.02441
1.7241
1.69302
2.20079
1.45149
2.74261
0.444983
3.01402
3.34892
2.12875
2.13158
3.03232
1.07657
2.4234
2.09298
1.95791
2.76941
2.98978
3.93791
2.39123
3.38007
3.22068
3.61987
2.86338
0.361637
2.32967
4.15914
2.63031
2.1202
3.74517
2.79731
0.104927
-0.263025
1.91991
1.36854
2.17701
2.49188
2.44167
3.79742
2.06639
2.07166
2.85785
2.902
4.30569
1.31348
0.36453
2.34297
4.21767
1.58147
2.87711
2.35234
2.8821
2.47216
1.92637
3.0577
2.74284
2.15602
1.95283
2.91673
2.54586
3.65173
3.15117
2.21624
2.67884
1.85838
2.19593
1.69092
1.3837
2.94513
2.18901
3.47655
3.8309
3.00714
1.28849
1.85489
3.1129
2.34269
1.84394
1.97188
1.85512
2.22371
4.53735
1.46132
1.75097
0.869872
2.09674
2.43389
0.559749
2.22147
3.7045
1.1519
1.67367
2.40465
2.31103
3.36838
1.64059
2.54269
2.2113
3.04717
2.78657
-0.851885
2.37253
2.38246
2.24187
3.52296
3.9033
3.56791
0.733357
1.363
1.97034
2.93777
2.21825
2.70607
4.36785
3.41189
2.48375
2.55873
3.04112
2.80554
3.13301
0.944978
1.42415
3.05045
2.82372
4.75972
2.56784
3.1422
1.03128
2.54631
3.08269
2.45848
2.57994
1.38168
3.08861
2.44891
3.0931
1.84133
2.52432
2.98948
3.21921
2.35866
2.70049
1.9259
3.4897
2.65952
1.24719
1.89056
2.88708
1.16592
2.43854
0.582683
3.71589
1.17565
2.35238
2.8751
3.90809
1.74068
1.21411
2.8906
-0.0201022
1.93037
0.537651
2.30994
1.84844
1.87509
4.06084
2.02864
3.7885
2.82338
2.69113
1.37422
2.12837
4.717
2.0808
3.674
1.43727
2.32048
1.94855
3.29451
0.661441
2.72794
1.51363
2.17634
1.61671
0.872769
3.2759
2.03807
2.14215
1.90701
2.14261
2.84561
1.68674
3.12672
3.57808
-0.727973
2.79352
1.34963
2.06478
2.42662
3.73188
2.61849
2.63161
0.54861
2.84616
1.58325
1.23411
2.76461
2.68538
1.8834
1.89118
3.49662
2.80683
1.3897
2.22481
3.06484
3.04303
3.15563
2.01271
2.70873
1.62874
1.50419
3.59667
2.0632
1.74205
4.35718
3.55762
1.57857
3.34572
1.48283
3.00892
1.10861
1.22034
0.953916
2.90516
3.53635
3.68898
2.37958
1.19754
2.61765
3.07438
2.65328
2.37289
2.51453
2.61244
3.99624
2.31636
2.31456
4.76058
3.96733
2.6582
3.00188
2.52062
2.53581
1.91698
2.34455
2.06963
2.01429
2.03604
4.282
3.52217
2.05651
2.05028
0.563598
1.88853
2.76453
2.9724
2.42779
2.32823
1.85166
4.32036
2.37646
1.06619
3.10961
0.64009
2.49754
3.44989
2.11882
2.21998
3.1235
1.27054
2.77823
2.13192
2.72493
2.12474
1.744
1.40435
1.72389
2.97378
2.64233
2.46705
2.80424
3.31536
2.28629
3.02419
3.77148
1.27526
3.69087
2.6602
3.25167
1.79669
3.96599
2.05299
1.97502
2.93999
4.18768
1.57654
0.92809
2.2993
4.23242
0.909624
1.80849
3.02269
2.6167
1.66926
2.20421
1.58879
1.7016
1.67636
2.61432
1.65832
4.20375
2.75296
2.9579
1.05323
1.53398
2.18268
2.61414
2.28807
3.65052
2.8939
1.05568
2.17341
1.95622
1.32001
1.01977
3.31037
3.54953
2.4947
1.47544
2.14234
2.48079
1.95846
3.06242
2.07134
2.79214
2.17199
2.00542
1.90091
3.52863
1.07173
1.45189
1.24502
1.57741
1.42461
2.14419
0.735145
2.35241
3.49973
2.25699
2.4951
2.31182
0.805637
1.77516
1.258
2.70502
2.7222
1.53072
1.89032
2.27635
2.8081
2.82069
2.08658
2.45325
3.53422
2.9378
1.61055
0.716245
4.60064
1.78642
2.84644
1.89325
1.91574
3.79147
0.151803
2.76328
2.85045
2.18884
1.77439
2.31181
1.88672
1.40602
2.4932
2.37827
2.24
2.20012
3.36712
3.06911
1.10771
1.08969
1.93986
2.39998
3.81452
2.98638
2.2263
2.96367
1.05495
3.17207
1.00484
4.1279
1.49539
3.37031
4.36463
2.15628
3.26982
2.78791
3.46312
4.99337
3.75091
3.26927
2.56559
2.21547
3.06337
2.6028
1.86933
3.05949
1.82451
2.51509
2.90272
1.51783
3.18659
2.46612
1.59564
2.55838
2.53104
1.02218
1.01018
1.47023
1.72466
4.34185
2.05778
2.34372
2.82088
0.696961
1.26344
3.01991
3.61471
3.66458
2.55167
2.00111
2.3603
2.27144
0.679638
2.09878
2.80337
0.490005
2.49962
2.9999
3.23261
2.00734
1.72054
3.65881
3.59964
0.875946
2.21239
3.47364
0.945571
1.37497
1.41437
2.75559
2.14761
4.34872
1.60509
1.79628
0.99658
1.10183
1.37166
1.55188
3.54969
3.48357
2.72297
3.17582
1.1549
1.86554
3.03247
2.8404
1.23752
2.67893
0.931972
1.56719
2.32138
1.51736
1.1509
3.26156
2.61411
1.04001
2.90659
4.17002
2.56222
1.43645
3.9905
2.92839
3.55895
1.93768
0.649081
2.2606
2.41153
2.85347
2.05353
1.49119
2.83578
4.25592
3.65195
2.35634
2.25472
1.80024
3.15981
3.13078
4.08671
3.43931
1.00061
2.53947
3.57841
1.66393
3.06682
1.62736
3.02835
0.965092
4.14039
1.86395
2.09419
0.0780255
1.43032
3.31591
4.08307
2.17844
2.97273
1.99759
1.64506
3.89763
4.38557
2.7158
2.18567
3.20007
3.06323
3.18046
1.85795
2.49325
3.39394
1.1287
2.5297
1.40096
1.18836
0.529289
2.27257
4.60393
1.01903
3.6697
2.18007
2.94558
3.53814
1.64809
3.17785
2.16058
3.96281
3.15705
2.28143
2.08241
2.2262
2.07989
2.14064
2.9526
1.49671
1.80876
2.19168
2.84124
3.29855
2.92964
4.10689
2.05983
4.59675
2.10284
2.50108
2.273
1.32768
1.56052
1.88221
2.92127
2.26655
1.47979
0.694748
2.26208
2.89206
2.87442
2.60711
2.77889
4.29402
2.81173
2.99319
1.25014
2.49829
0.758407
1.47529
-0.404539
3.28507
2.76946
0.974156
3.65539
3.94903
3.34705
1.29117
3.343
3.72644
1.71298
3.95571
1.70296
2.89851
3.02132
2.74794
2.07319
1.47354
4.04737
2.01411
3.26372
2.93804
0.600358
0.957527
1.91724
1.86503
2.57233
2.14231
2.57778
4.16752
2.63534
1.43754
2.55124
1.44728
2.19923
2.62422
2.91921
0.819823
1.93372
2.71891
3.1851
1.37786
1.11262
2.18053
2.17973
2.96388
1.75433
0.995347
2.97283
2.02594
0.718393
1.08544
1.83707
3.43094
1.40443
3.62719
2.9712
3.39734
1.03702
1.78594
1.31027
3.46101
3.46868
0.888138
2.72678
1.58517
2.39544
2.05097
0.870635
2.48161
4.8987
3.26837
1.66577
2.59321
2.10663
2.75271
2.05192
0.420602
2.30502
1.78649
3.42438
2.63926
3.4834
3.39907
2.84232
2.90335
2.61194
1.87671
2.1428
2.33303
1.5838
2.38992
2.28766
3.21474
3.6083
3.62144
1.31474
3.2616
2.66439
1.44841
3.02348
3.30559
3.44455
3.76186
1.36711
1.49746
3.23663
3.02264
1.98192
0.948122
1.21745
2.78596
1.1405
1.24406
3.42628
2.42385
3.8637
0.530447
3.41808
1.71861
3.30827
2.60719
1.19393
2.35825
4.19198
2.70223
2.18268
1.24239
0.821674
1.8723
3.12694
0.556351
2.81243
2.1877
1.92644
2.16116
2.44173
1.71842
4.9814
1.64636
3.23077
3.41376
0.0870885
2.21743
2.15858
3.28311
2.68404
0.662451
2.33888
3.80471
2.95017
2.05779
0.980218
2.16714
2.44084
3.12916
3.12962
4.60553
2.22287
1.7806
1.44534
1.66611
3.21303
3.44989
0.630553
1.37363
3.38823
2.75013
1.86914
2.07079
2.56157
2.22223
4.4976
2.08534
1.5173
1.78633
2.28262
2.35825
1.96615
2.51899
2.92819
1.77683
1.90877
3.28755
2.29497
1.08084
1.27256
2.47193
2.49609
3.19679
1.70316
2.48173
1.27605
3.18479
3.13803
1.57484
2.23682
2.86832
2.34001
1.87672
0.425803
2.02958
3.55859
4.00772
0.331625
1.70531
1.17316
1.459
2.58446
3.03276
2.341
0.497223
2.10261
2.50746
2.70433
3.27733
2.59189
2.73393
2.0752
2.21855
2.66643
3.49146
3.63545
2.61182
2.06829
1.14797
0.959017
3.37484
2.99085
1.69944
1.8794
1.93452
3.44354
3.68963
2.77823
2.68074
4.42421
3.55675
2.05737
1.27782
1.62311
1.41075
4.10039
3.03673
2.81798
2.48291
2.65566
4.3634
1.98375
3.24079
2.41744
2.36931
3.18158
2.57237
3.12887
2.53386
3.69534
2.09458
1.79768
2.90206
2.3576
3.06012
2.04697
2.56911
3.69194
3.28928
2.71031
2.10104
2.50318
2.50372
2.64439
2.45545
3.30013
2.92394
2.22957
4.11194
1.9755
1.60646
3.65879
2.4211
2.12945
1.62596
1.49709
4.3008
0.323984
2.02473
3.81748
1.86746
1.57197
3.49414
3.38882
1.27121
3.99933
1.27999
-0.819005
3.91725
2.89444
3.8085
3.12098
2.80563
3.62485
1.85122
0.579503
3.01177
2.05229
1.78964
3.14646
2.41173
1.9053
1.55064
2.25415
2.08129
1.72982
0.989429
2.54152
2.75601
2.71039
2.09247
1.92799
2.7228
1.89669
0.803487
3.19388
2.00813
1.48429
2.41117
1.73178
2.18082
1.87849
1.91962
2.23525
1.84812
3.30342
1.71246
2.06705
1.97842
2.22363
3.8139
2.93361
4.12486
1.90277
1.15024
1.19784
1.12582
3.11327
3.46428
1.48323
1.92218
2.93915
2.3844
1.01316
2.2708
2.83762
3.15728
3.20141
2.7761
2.45472
1.83987
1.62436
3.29745
0.615183
1.29021
1.80092
3.17429
2.1162
1.62458
2.22711
2.85411
4.01797
3.32727
3.59159
3.23104
2.11327
3.09007
2.29372
1.56023
2.41324
1.97045
2.42242
2.63102
1.84236
1.59994
3.06815
2.69394
3.21194
1.66399
0.580535
1.63354
3.89193
3.52289
1.15877
2.53595
3.16884
1.18311
3.26199
3.9355
1.98784
2.14196
1.73669
2.89497
2.18772
1.82599
2.53667
1.62265
3.28501
2.42212
4.12086
0.679003
2.25368
2.07808
2.40231
2.7165
1.68713
1.6671
4.58862
2.10377
2.87336
2.40654
4.59595
1.72908
1.05509
3.32559
3.03107
1.57568
2.794
3.76208
-0.682829
0.072163
2.92966
3.65126
1.83958
2.50509
2.17511
2.76629
3.43662
2.3021
1.58523
2.74991
3.10601
2.93188
1.51306
1.56839
2.99708
2.93492
2.24952
2.22632
2.57695
2.89675
0.621513
3.25896
4.51823
2.91723
2.58135
2.1541
2.78707
3.55254
2.41947
1.68357
1.11357
1.17671
3.36029
2.15588
3.40539
2.28978
2.06931
3.25114
1.21929
1.69568
1.75543
1.70155
0.843296
1.83741
1.91605
1.49794
2.46948
1.1195
2.23792
1.83903
3.62714
1.4373
1.93974
1.74191
2.31596
2.47534
1.97261
2.71385
1.99979
1.84723
1.78094
1.67929
2.04227
3.14982
3.21016
4.14404
1.89031
1.48611
2.33486
1.81026
0.342583
3.35196
2.12301
1.78384
2.80341
1.66023
1.05039
2.04479
4.01532
1.49443
4.01994
0.682882
1.64407
1.61346
2.35816
0.631987
2.8657
2.50403
2.38054
2.45007
1.59106
1.19068
1.91553
2.83968
3.02865
3.1162
2.64262
2.26349
2.29668
3.54207
1.65455
3.83463
3.03154
3.64281
2.87315
3.14914
2.67836
3.2118
0.535795
2.71906
2.11242
2.40961
2.35247
3.25241
3.1558
1.49955
3.79674
1.90467
2.46624
2.23811
2.99104
1.46663
2.30064
1.38776
3.68527
2.38
2.1425
0.580224
2.35555
1.68695
1.28252
2.51383
2.21147
1.27396
3.66385
3.01796
1.60497
3.44714
4.02108
3.31918
2.1521
2.92743
1.99809
2.24817
1.2547
3.86328
3.59257
3.05865
2.52757
1.23456
3.76803
2.33016
3.29323
0.628814
1.25534
2.90206
3.37488
3.01604
4.0983
3.37461
2.83783
2.33526
3.04447
2.26314
3.03556
2.61703
1.3875
2.39344
2.80725
2.48835
1.92599
2.56094
3.01826
2.48444
0.775757
2.21788
3.29066
2.05222
2.38019
1.86812
2.74496
3.83411
2.95545
2.37905
0.777274
2.37843
1.55507
2.11571
3.93737
1.62638
2.23998
1.76029
3.07272
1.79919
2.62344
0.730993
1.86623
3.07374
2.22333
3.62668
3.77394
3.11917
2.18857
1.89114
3.08672
3.23878
3.17503
1.32993
4.23417
2.61048
2.05945
2.9029
2.50444
2.83795
2.08705
3.47402
3.5961
2.04555
2.21545
1.3718
2.5602
1.85863
2.78601
0.650963
1.38388
3.64899
3.1628
2.31837
2.53169
1.28704
3.26558
2.77444
2.35777
1.00345
1.81
3.05142
1.25166
3.63111
3.41069
4.13704
3.9497
3.20657
3.80806
2.78344
1.71976
4.34616
3.41043
2.63411
4.27717
2.62475
0.643538
1.01341
1.77366
2.08623
2.33392
2.92017
2.40746
1.93007
1.24214
1.78725
3.55059
1.25254
2.95495
2.43894
1.47875
3.87939
2.35141
1.97919
0.733772
1.32839
1.23183
2.20802
3.00676
1.86671
2.05901
0.47661
1.52691
3.05516
3.40538
2.70767
2.24224
2.60475
2.02048
2.43165
2.75886
3.46759
2.91473
3.85879
3.29598
2.43161
2.30914
0.285876
3.62273
2.16641
0.867386
2.65308
2.75426
1.581
2.36406
1.83112
2.8115
1.92899
3.78592
4.96977
2.86481
1.68202
2.0802
1.84584
2.97333
2.48521
0.95183
1.82502
3.18482
2.8441
1.47393
2.73609
1.86216
3.35326
0.920408
1.96308
1.53533
2.51273
1.98283
0.979187
2.73173
0.248007
2.35638
1.65388
1.40453
1.91968
1.39105
3.07264
1.52019
3.12017
3.41458
2.11427
2.23434
1.96857
2.43541
3.31502
1.55756
2.33806
1.64025
1.3053
2.7281
3.81485
0.518268
2.98235
2.05806
1.69133
1.49344
0.660477
2.62146
3.59542
1.02172
3.13205
3.41898
2.27763
1.94031
2.02178
1.59872
1.75698
0.655505
3.56291
2.66291
2.53256
2.67122
1.19037
2.61426
3.65569
3.16393
3.24531
2.06764
2.13001
2.45621
2.24857
4.27109
1.60714
2.53902
2.15606
3.47288
2.24436
1.79012
1.36576
2.4162
1.2946
1.55003
3.24368
2.1558
3.32849
1.75369
2.12515
3.2805
2.21768
3.04078
2.45142
2.72725
2.42454
1.66429
1.53606
3.49694
1.43772
3.24184
2.18745
1.7307
0.734967
3.04672
2.89707
2.88851
2.06314
1.85001
2.92793
2.03361
1.99568
2.52181
2.4783
2.00773
1.9145
2.18356
2.15396
1.42185
1.88207
2.71132
1.97828
3.47344
3.97509
3.28643
2.09186
0.775194
3.13989
1.34023
1.27581
2.43913
1.7955
2.93906
2.15822
4.68024
2.35658
3.263
3.12414
2.24142
1.6756
1.24394
0.920925
1.19482
3.11198
2.879
3.01784
2.61906
3.315
3.1196
2.93898
3.42756
2.07894
3.39073
2.57095
3.65761
2.19494
2.76421
3.00304
2.03259
3.06555
2.74162
1.33951
3.40734
2.97268
1.69449
3.39752
1.88952
3.53065
1.96716
1.85125
1.04791
1.67032
2.23236
1.96824
1.56333
4.63385
2.9857
1.4071
1.20754
3.65321
1.64097
2.78805
2.25134
1.62063
3.83872
2.88999
2.11271
2.93894
4.7189
2.57926
0.667536
2.15793
3.89776
3.40443
2.7495
3.22802
3.32244
3.33288
2.67265
2.44086
2.68909
2.85313
2.4322
1.67333
1.05492
1.52789
1.80699
2.21403
2.64932
1.89602
1.2254
3.31546
2.11
2.48116
1.4745
2.05525
1.16062
0.91618
3.06521
3.24739
0.493862
1.46851
2.24569
3.06347
0.29246
2.72127
3.60091
3.64987
1.66821
1.92527
2.11957
2.68091
2.6408
3.88177
1.36624
2.72038
1.13774
2.40346
2.31091
1.84256
4.41162
4.10446
3.27954
2.70583
2.13975
2.35037
3.62409
1.38584
1.63325
2.50851
2.43197
3.15163
2.64423
2.55802
2.82219
1.62358
2.03218
0.594935
2.722
3.56779
0.847047
2.96755
3.46476
1.82884
2.6981
3.42199
2.00554
2.25319
1.44126
0.915027
1.50037
2.02879
2.85069
2.40564
1.81426
1.98188
2.55083
2.80392
2.21285
1.39211
2.81657
1.40575
3.00304
3.12066
3.34825
3.65983
2.0611
1.54593
2.63417
2.45419
1.96903
2.11339
3.28812
1.31616
3.54944
3.49153
3.12808
2.10598
2.20409
2.48298
1.65955
0.60618
1.82861
0.812808
1.01472
2.37281
1.38286
2.83826
0.774461
4.20694
2.66299
2.33523
4.36576
2.44284
2.6542
2.96434
2.88391
3.04639
4.06398
1.80145
1.6386
2.14632
3.80531
1.33922
2.59221
1.70687
2.85343
3.43646
3.02115
1.17719
1.55186
2.68788
1.07192
2.9006
2.3628
4.07766
1.26481
3.30152
1.25586
2.88297
0.526935
4.74462
4.12049
2.46044
1.23244
1.37328
0.977378
2.66393
3.43048
2.99644
1.01439
3.76263
2.09843
2.85278
2.66221
1.84342
2.35143
1.58608
2.89471
2.18554
2.88762
2.12119
2.56531
0.450231
2.99587
3.74362
0.456997
3.57217
2.11561
3.14906
2.0046
2.82906
0.984071
2.31692
1.06267
2.22476
1.7624
2.69292
1.51436
3.08273
1.66297
2.56846
1.93394
1.86078
3.71245
2.89621
4.07305
1.76253
3.81495
2.0458
3.53602
1.54985
2.27618
0.941211
3.0065
1.83043
1.97451
3.54249
3.02902
4.05336
3.1749
2.82859
2.30383
2.34086
2.80071
1.12812
3.26521
1.81819
2.68842
1.84764
2.46066
2.32683
2.49962
2.46433
2.00083
2.26711
0.988552
2.20083
3.28845
1.90982
1.68575
2.63024
2.29663
3.3767
2.22012
1.80468
2.58291
3.18669
1.31524
0.909586
3.95016
0.901252
4.32714
1.04941
1.27539
2.21482
3.36227
3.39709
2.47756
4.45667
3.34915
2.80756
1.95855
1.49118
1.72159
2.66469
1.4348
1.392
2.32487
3.3748
2.09916
1.89587
2.06082
1.91756
0.594175
3.24401
1.95536
2.3009
3.99767
2.6704
3.32194
1.30467
1.148
1.60427
2.05824
3.6344
2.48905
1.54908
3.01906
1.31278
3.24307
1.51242
2.78352
4.47289
1.56082
3.62726
2.86668
3.45851
2.15286
1.84813
0.544177
2.42815
2.89918
1.59106
2.39827
3.24056
2.52794
1.70133
2.34147
1.95493
2.26334
1.53004
5.61389
2.10074
2.36496
2.03199
3.42482
2.75937
4.1094
1.90123
1.45622
1.27553
3.55003
4.2674
1.85015
1.89803
2.22558
2.31066
4.52693
2.71848
3.34969
1.56636
3.45272
1.57222
2.62717
2.8532
0.762135
2.37891
2.81513
1.35023
1.72536
3.00624
2.86945
2.06168
3.51628
4.45141
2.42753
3.08734
2.43116
4.36801
2.07352
4.74349
2.35314
2.10342
1.6923
2.87842
2.4859
1.51597
1.53399
3.93808
1.04779
1.54354
2.15395
1.15717
3.73286
2.70284
2.44173
2.28718
1.97686
3.49523
1.18742
2.8538
3.69907
3.21976
2.73325
2.61624
2.00199
4.05651
1.9667
2.32242
3.24739
3.19152
2.52036
2.23738
0.731531
1.23675
2.62565
1.52563
0.996739
2.4428
3.20667
3.95388
2.68745
2.74086
1.80836
2.55201
2.36698
3.47465
3.60378
1.99499
1.26134
1.68131
1.92256
2.55965
2.94108
4.07069
3.37359
1.50553
1.18928
2.20501
2.28373
3.71941
1.72809
2.85357
3.37557
2.22711
3.02018
4.11406
1.50378
3.97305
3.21372
2.98689
2.0427
2.70237
1.67414
2.62623
3.85704
2.80605
2.24165
2.73395
3.89893
2.06583
1.61633
2.29117
2.12519
3.53326
1.67714
1.11507
3.17091
3.41422
3.02258
2.086
1.62434
1.19338
2.55075
2.23985
0.85497
1.38802
3.50415
1.4813
2.53062
2.43506
1.59039
3.39148
2.72355
2.49145
2.56939
1.85222
0.804676
0.967861
1.83219
2.98279
1.95358
1.28791
2.05019
2.2453
2.45832
3.26887
4.52371
0.506917
3.37783
2.8444
2.47807
2.06678
1.72829
1.57353
1.50776
3.48094
2.62523
2.43099
3.96647
3.6426
2.50238
2.02063
1.57174
2.28805
0.929298
2.39748
2.90344
3.24765
1.223
1.80262
2.31014
2.15209
1.71159
4.01145
2.90908
2.16564
2.80258
3.27076
0.829851
1.41809
3.07777
1.77439
3.48691
2.01813
1.91172
4.49282
2.28355
2.11589
2.22368
2.91818
4.00413
3.34653
3.4749
1.56868
1.68328
2.98587
1.7501
1.32555
3.68941
0.719302
1.68377
2.2692
3.23825
2.7347
2.05945
1.46469
2.84218
2.94415
2.15963
2.18757
3.97503
1.6648
1.98478
1.39941
1.32307
1.60184
2.29099
3.24702
1.71595
2.68303
1.17388
1.85131
3.86235
2.42235
2.12829
3.05862
1.31947
2.45248
1.80588
2.47211
1.56957
1.57971
3.08474
3.2588
1.90346
3.04253
2.11303
3.14084
1.69203
3.32985
0.72321
3.29355
3.52837
2.57934
1.63625
1.98198
2.22797
3.20073
0.256949
1.97727
2.40317
2.89789
2.0459
1.69843
2.2473
3.48895
1.79366
3.00147
2.66383
2.48259
3.27797
1.25017
1.55165
1.09029
1.56836
1.85915
1.36538
3.56795
3.02662
2.37953
2.32579
1.27736
3.99869
2.09344
2.4795
2.65978
2.44937
2.36963
2.91469
3.96252
0.873564
1.56297
2.24174
1.03824
3.06932
1.58802
1.54553
3.47598
1.92853
3.42998
3.10671
3.81865
4.13857
1.74628
1.6961
1.7208
1.40012
3.04856
2.38377
2.4437
3.23809
1.58872
1.01344
2.20785
3.17666
1.44763
3.20399
2.16926
2.70547
4.16079
2.27399
3.65321
2.39868
2.77164
2.63454
1.8904
1.70059
1.87895
2.56203
1.85641
1.51282
3.01411
3.11649
3.84008
2.6107
1.98246
3.47377
3.39883
1.46129
0.859645
1.77173
1.77636
3.53855
3.36537
3.63081
1.54524
2.88031
2.96653
1.58553
2.95714
3.59216
1.5976
2.43447
2.32583
2.88968
2.69971
1.84774
3.08126
1.43435
2.84664
4.31918
1.96284
0.976838
3.29532
4.00986
3.5119
2.91379
1.36641
4.00034
2.04895
1.41401
1.3695
2.07852
2.36058
2.5731
2.57255
2.10621
2.00442
2.32705
2.14643
1.89357
1.74505
1.57529
3.80847
4.35752
0.465701
3.81667
2.27938
2.56621
2.20907
2.42925
3.24553
1.20124
0.545985
2.32535
2.68352
3.97418
3.22845
4.32633
2.94476
2.54482
1.13999
2.11675
3.46506
2.24668
2.4559
3.28134
3.03168
1.40688
2.09728
2.27001
1.73958
1.52512
1.8928
0.738773
3.02805
2.91345
2.04688
3.07483
1.92667
1.63222
1.90836
2.30204
3.97464
0.877633
0.695449
1.39509
2.15507
1.26387
2.34337
1.92158
2.5
1.99326
2.7082
0.691303
2.16143
2.3696
3.78039
4.07569
3.21395
2.71944
1.98631
2.84598
1.6226
3.61905
3.68711
2.28525
2.01681
0.596425
-0.536482
4.18108
2.93362
2.47474
1.35638
0.370967
3.45572
2.46642
2.29697
2.73595
2.30422
3.09177
3.5923
2.04506
3.89144
2.77356
2.5656
3.98767
1.70943
4.01513
2.09692
3.66944
3.28994
4.32436
0.522026
3.18467
2.18724
0.826793
4.11939
2.11649
3.57144
2.85121
2.712
3.81879
1.64802
0.671338
1.60955
0.570019
3.68995
2.73158
1.99713
3.23164
4.18014
3.16042
2.50769
3.9873
1.83348
1.44293
0.864825
1.97607
1.06112
2.75269
2.83108
2.195
2.71932
1.72336
4.30127
3.47472
0.481483
2.28858
2.43345
1.36396
1.68342
1.73996
2.01479
1.11373
0.620415
2.80301
2.91783
3.12422
2.57903
0.712865
2.70883
2.63031
2.94236
1.84091
1.52079
2.04368
2.3185
1.8063
1.86111
2.04355
2.65101
2.25432
2.86301
2.48634
3.46055
1.72183
2.14929
2.08287
2.78032
3.77325
2.29622
2.44623
2.0464
2.28378
2.14462
2.3635
3.24383
1.83567
2.01074
4.14983
2.48819
2.93274
2.17904
3.30417
2.85186
3.33733
3.50739
2.41127
0.938299
3.98891
1.80583
2.71661
2.77431
2.3007
2.92144
3.22384
1.43691
2.91327
1.55168
0.613996
1.69097
1.64735
2.94458
1.95928
0.653579
4.66197
2.79448
1.57269
3.63575
2.49597
2.11926
1.89838
1.45522
2.85018
3.59954
2.94295
1.45937
2.32504
3.52055
2.44658
3.05324
1.73965
3.70398
1.30455
2.0349
3.80297
2.15755
2.87506
1.03879
1.37729
2.01832
2.85373
2.39228
2.27742
2.49542
3.9289
1.8927
3.06975
0.792803
2.96913
2.50983
2.87402
4.17073
3.03989
3.49218
0.962619
1.57224
0.881349
2.36437
4.50558
2.1772
2.76128
1.83094
1.72695
1.75639
2.91323
3.03525
2.46526
2.37118
4.55563
2.44393
1.80142
3.33504
2.65639
3.09775
1.97792
2.66399
2.32942
2.37974
1.66427
1.08197
3.13689
2.47823
1.35158
1.36494
1.73289
1.81719
3.47309
0.875474
1.31083
1.98029
4.59613
2.21919
0.893765
1.06391
2.91488
3.25615
0.0438501
1.34222
1.57382
-0.0166992
-0.223125
0.382022
1.32518
2.9539
2.07715
2.85086
1.39078
2.31031
1.16511
1.14974
2.04094
2.265
0.964482
1.20284
2.49621
1.64801
3.46699
3.73064
1.6522
2.38109
3.69934
2.7601
3.18859
2.04447
2.41509
2.93849
1.73854
2.76079
2.52241
2.62802
3.19012
3.95595
3.58122
2.07626
3.09215
1.66012
0.711503
2.83932
2.76515
3.35776
2.57635
1.88871
2.00596
3.11052
2.55303
3.70988
1.73929
1.00645
1.14306
3.24529
1.50846
1.58385
2.87705
1.86491
1.18966
1.02467
3.72985
3.96849
2.93042
2.15141
3.12741
2.98315
2.85332
1.55449
2.99671
0.755529
1.77544
4.09927
3.12577
2.65996
4.02821
0.952952
1.98216
3.11711
1.88823
2.74522
3.05428
0.804629
4.40927
3.41696
0.683489
2.25276
2.43339
3.55608
2.7269
1.99761
1.20351
1.12815
1.59155
2.92221
1.94043
3.15507
2.21973
0.513701
2.5966
1.50278
3.72698
2.03773
1.93267
4.20404
0.0282769
1.77408
3.06015
1.67487
3.50313
2.63238
4.51381
4.10976
1.11913
0.176533
3.72927
2.52336
2.5623
1.66309
2.305
1.05773
1.08883
0.0921745
2.35243
2.40185
3.53266
0.586142
3.34189
4.10449
2.25815
2.999
2.01507
2.13509
3.41769
1.86536
0.924424
4.53066
3.81994
2.09657
1.47406
1.12653
2.05796
2.85539
3.47013
1.39894
0.43746
2.67471
2.02554
2.93836
1.75317
3.68959
3.53113
1.79248
2.28222
2.2835
2.12657
1.86863
4.23025
1.09937
1.93974
3.52942
3.45347
2.06211
1.62499
2.36735
3.14209
3.01927
1.8094
2.61148
3.37193
3.0604
2.35209
1.55898
2.99996
2.21363
2.35405
1.58598
1.80233
0.824888
1.93672
3.36221
2.79037
1.21309
1.22999
2.77039
3.47164
3.2452
2.76544
0.60242
2.21002
2.80033
3.46433
3.38196
1.93569
1.72053
2.10699
1.19537
2.98702
2.40084
1.90869
2.88901
1.09293
2.80604
3.71218
3.93595
2.87203
3.06778
2.15977
2.64733
1.84446
2.4206
3.79428
2.79195
3.68905
1.85579
-0.0496395
3.3808
2.11992
1.14152
0.586748
3.41148
3.16552
3.81168
3.58378
1.60572
1.99365
2.05386
1.52791
0.130148
2.07038
3.36071
1.87663
2.15423
2.01524
2.65292
2.35409
3.30585
3.47687
1.82297
2.20759
1.27415
2.01935
1.20729
0.763462
3.12574
4.02705
1.54401
2.80544
3.15786
2.60065
1.60598
3.27625
1.62573
3.90991
2.14518
1.79048
2.50427
3.12598
3.00175
3.25162
2.13007
4.18163
3.5146
2.50204
3.35907
2.19307
1.21782
0.731179
2.80447
3.47304
2.99334
2.71948
1.47797
1.9795
2.67094
3.32658
0.973431
1.10582
1.95098
3.72595
2.39753
1.90256
2.89646
2.16152
2.91915
3.03107
1.93816
3.02908
3.68401
0.186519
3.30116
2.41142
1.03744
3.42952
0.76361
3.66757
1.66676
1.84162
3.65282
2.76901
2.4311
2.01623
3.55431
1.95139
3.62185
1.59887
2.42894
4.10214
3.87164
1.95294
2.53496
-0.228244
1.96607
1.69189
1.71937
1.67322
3.234
2.72312
2.59306
1.94251
1.93802
2.94974
2.05467
2.08581
2.72133
2.38891
2.31638
3.55298
2.04143
2.20532
1.42404
2.45058
3.72858
2.32664
0.772526
2.20548
1.56328
2.8594
2.44021
2.01499
1.02796
4.23935
1.60617
0.924303
1.12095
1.43253
2.31245
2.58757
2.76787
2.16571
3.32582
1.89073
1.35051
1.87216
2.84774
1.22514
1.44125
2.57389
2.80651
2.7695
1.32984
1.8653
1.92095
1.17061
1.70414
3.5172
0.180314
3.40412
1.89455
3.06
1.51565
1.05713
4.1191
2.43679
1.76849
1.23494
1.42041
3.68408
2.40276
2.37105
2.97458
4.26502
0.661852
2.1238
2.26691
3.43273
1.03662
2.10171
3.04988
1.98337
2.66397
2.21743
2.09933
1.7735
3.01046
2.42494
1.99136
3.02996
3.1752
2.94528
2.2661
3.3694
2.79751
4.02967
2.05543
1.69491
3.8481
3.9838
1.08288
1.72464
3.74014
2.45897
2.00288
1.43698
3.57402
4.23991
4.87459
4.89679
1.57924
2.24873
1.31578
1.5866
1.28514
3.36301
1.29755
2.82162
1.93284
3.26672
1.80654
0.996366
2.78789
1.61162
2.35992
2.13753
2.25005
1.21071
3.36147
4.22116
2.17541
3.41052
2.91101
4.32061
2.05026
4.42509
0.450338
2.51655
2.97679
2.47383
1.35025
2.20857
3.14081
1.69144
3.3837
2.88015
2.88735
3.17694
2.1396
1.67883
1.31871
1.14441
2.06129
3.02503
2.29169
2.83584
1.5408
2.38489
3.037
1.74022
1.89884
2.65469
2.93961
1.51124
2.96132
1.22534
2.68709
0.650087
0.560762
3.19434
0.975468
2.48382
2.52295
2.73908
3.00722
1.93302
1.59836
0.660285
4.42113
1.58036
2.80526
2.68169
3.12242
2.88393
1.63775
2.99808
2.29
3.22372
2.05357
2.99456
3.21718
2.82551
3.68814
1.8417
1.34618
4.06945
2.62146
1.87751
1.30764
2.22781
3.38689
3.8783
2.13803
4.52056
0.547144
2.47215
1.83654
3.19178
2.50534
1.63192
2.41682
1.96759
1.22083
0.638588
2.46033
2.92523
2.47658
2.14097
3.56348
2.25538
1.48033
2.56891
1.82223
2.58372
1.51219
3.21941
1.048
3.00575
1.33705
1.9854
2.25349
2.23383
1.69542
1.32244
3.12442
2.46099
-0.0677524
4.18081
2.82973
1.75379
2.30789
3.46532
1.69079
3.16003
1.89258
1.17659
3.64028
3.68638
1.7601
3.25012
1.62089
1.42863
2.47235
3.61406
2.09498
3.45693
2.96597
1.96128
1.70152
3.25796
3.7333
1.66066
2.90528
3.95064
1.63258
3.92762
1.9401
1.71652
2.09018
1.23124
0.46906
1.59692
2.39795
1.20169
3.9533
2.42661
1.26837
1.58265
2.21902
0.669814
3.42989
2.20585
2.63395
2.23495
2.9469
2.86298
2.28161
1.70188
2.25359
1.66482
0.97732
2.03925
2.58694
0.842372
2.50239
3.43214
2.53476
2.3739
3.06952
3.40488
2.76635
1.91708
2.59106
2.3237
1.40252
0.973627
3.68192
2.10684
1.3238
1.22524
2.40431
3.18323
1.48352
2.73247
3.31477
2.06616
2.85308
2.62864
3.0276
4.05615
3.21426
2.96839
4.09035
2.37709
3.02451
1.57645
1.69901
1.50142
3.10315
1.75399
1.21506
2.23225
1.12552
2.96425
4.03626
2.9904
4.10786
1.51793
2.22066
2.68243
1.39448
2.96572
1.54285
2.40144
2.05917
3.19056
2.20619
3.68564
0.431447
3.103
2.42669
3.58907
2.45848
3.67826
1.28653
0.776303
1.45238
3.47202
2.63307
2.83357
2.06355
1.06648
5.07657
1.86278
1.12525
4.5396
2.86082
2.1474
1.56932
2.18358
2.38101
1.49734
2.60299
3.01726
2.54147
1.42908
1.25283
0.795175
3.85375
4.05051
0.73154
1.33931
2.75345
0.956042
3.1919
2.19397
2.6969
2.75062
3.0528
3.76895
0.959295
3.05752
2.8206
2.24873
3.13542
3.55182
2.33803
2.36213
2.4854
3.51847
1.45158
0.883851
2.86625
3.7289
3.76598
0.677735
2.51661
2.02467
4.12016
3.56837
2.41274
0.806706
2.42615
3.39407
2.53243
4.13211
2.99635
3.00885
2.69593
2.083
2.17837
1.69912
3.03774
2.85324
3.07848
2.74382
1.89521
2.70569
0.680904
3.79292
3.40961
1.77492
3.28071
2.13859
3.15719
1.48622
3.86795
1.79005
1.30529
2.2825
1.354
3.64664
0.924025
2.62292
2.25704
0.37622
1.67636
2.01284
2.08244
0.8067
3.65529
2.87905
3.05229
1.49854
2.96068
1.70539
3.71124
2.92544
3.31474
2.53058
4.77478
1.4341
1.77956
1.04732
3.61048
-0.619382
2.27751
4.22526
1.19009
2.05176
2.87309
1.35416
2.98355
0.49684
1.10981
2.79302
2.59558
2.62686
0.89133
0.525225
1.6867
1.80659
3.56791
1.36976
-0.243902
2.29966
2.56764
3.37987
0.967982
1.73073
4.34787
1.78035
2.42375
3.76361
3.66128
2.29687
1.29121
1.53237
0.981999
2.66518
0.504665
2.30779
2.48348
0.680506
0.739182
1.96528
1.9916
2.57172
1.07583
4.79227
2.48047
1.7373
2.46443
1.44854
3.12587
3.60447
2.59005
-0.0402429
3.61156
3.10391
1.55004
2.0899
3.85953
1.6455
1.69007
3.838
3.54652
0.8581
1.01117
1.82874
1.89587
2.67962
3.19561
0.953749
3.09301
3.763
2.51075
0.866505
1.3725
3.21379
2.83356
3.02725
3.57358
3.26432
2.08121
3.48068
2.18958
1.2435
2.82547
1.79538
4.13017
1.86219
3.30177
3.22213
3.74239
1.92109
2.78566
2.1206
1.95661
2.30339
1.79802
1.80471
2.7041
1.15234
2.42834
4.78611
0.876479
3.25055
3.96238
2.21734
3.03179
3.24085
2.1685
1.87146
2.80878
1.44008
2.2099
2.15781
2.76477
2.38096
3.67771
2.31585
3.13402
2.72731
3.16813
3.44692
2.72665
2.48992
1.55502
2.01543
0.929828
3.87259
2.01853
3.23589
1.5636
2.05414
0.852631
2.22737
3.97226
2.58211
2.93034
2.08888
2.69037
3.36592
1.50492
2.79957
1.75687
1.21516
4.43789
1.86128
2.46722
2.70222
2.66272
1.45988
2.23996
2.93639
3.31535
2.99721
2.92071
1.20152
1.61051
2.26163
3.32923
0.970085
3.16896
2.78873
2.44714
2.31619
1.51012
2.97634
0.52843
1.69665
1.9035
1.94233
2.17154
1.63716
0.8289
3.4688
0.784687
2.64525
3.32911
3.22409
1.91201
3.69224
2.05551
2.40534
1.49799
0.842218
4.46217
3.76242
2.24463
2.40528
3.84791
2.1947
0.525762
3.64843
2.16422
2.93009
2.65398
1.6327
2.72278
3.03479
1.76631
0.146193
3.20393
2.08114
1.18238
2.9908
2.1189
2.71646
3.06189
2.10212
1.35738
1.88099
2.05831
2.44407
2.3086
2.52496
0.612764
2.88903
4.84681
1.78986
2.06103
1.89659
2.60228
2.66408
2.0706
2.51675
1.4861
0.337174
2.53744
2.89347
3.84324
2.76543
3.02888
1.67506
1.67973
2.81078
2.09509
1.37646
1.4297
3.29034
3.11116
0.961548
1.00721
3.4953
3.42798
2.99514
1.78901
2.29318
2.64972
2.43799
3.22593
2.4
3.22186
2.45249
3.3886
3.28671
2.02242
3.32518
2.31491
3.17541
1.7459
4.04714
2.88099
0.804352
0.96157
5.3668
3.13783
1.75826
2.0452
2.40473
3.82869
1.75548
1.90194
2.37604
2.11525
3.68879
3.05672
2.53719
0.814976
1.24624
3.42159
2.63677
2.69163
0.826678
2.52652
3.00677
1.93077
1.18976
1.51445
2.1485
1.55191
2.10029
0.788245
3.35566
3.05525
3.49937
2.49199
4.06847
2.42713
3.34018
2.92226
2.77366
1.84571
1.32455
2.30074
3.32007
1.76688
3.29652
1.74468
4.76685
1.55784
2.79502
3.72576
2.3376
2.02795
3.05819
3.323
2.91282
1.75876
3.44441
1.84541
3.50947
1.85145
2.99607
2.06394
1.43751
1.06497
1.3684
0.654414
2.98977
2.90003
1.76311
2.33195
3.18374
2.00676
3.1792
2.12611
3.82969
3.55107
2.20017
2.95705
1.99686
2.63456
2.24453
2.20073
2.82898
0.721707
1.47665
2.40259
1.98407
1.34974
3.42888
3.02299
2.69546
3.86105
3.01572
1.83454
2.74636
0.785573
3.48919
2.64826
2.42396
1.52168
0.815368
1.37366
1.5453
2.43668
3.13057
1.73124
3.62107
2.93004
1.88535
2.82973
2.07137
2.00143
3.10795
1.2372
2.16493
3.30202
2.12272
1.67866
1.13676
3.40955
1.05017
3.26752
2.6553
2.78348
1.74287
1.93293
1.46736
2.15309
2.27681
2.15441
1.80753
0.269711
1.56832
2.10419
3.62491
1.66146
3.10603
3.04177
0.792028
4.23319
1.69814
1.76157
2.78111
4.99824
2.88377
1.78301
3.34286
2.81428
1.95474
2.15963
2.60238
2.4506
1.66892
2.40802
2.26612
2.69763
2.1317
1.51745
2.48713
2.80746
3.54438
1.2157
0.956574
3.03786
0.531202
1.79234
2.85054
0.667201
1.72302
2.33746
1.78736
2.91232
1.5819
2.28624
3.61693
2.8003
2.12261
3.17423
2.03808
2.69388
2.24015
1.80445
3.95668
3.19281
1.62009
2.78549
2.49214
2.56598
1.18854
1.99383
2.3036
3.63143
2.15547
2.96938
1.50551
2.05725
3.3605
3.77574
2.12585
2.76072
2.55041
2.96731
2.64871
0.316072
2.74665
4.32747
2.37235
1.25574
3.68884
3.00517
3.00861
3.69474
3.8234
1.99572
1.12286
4.20126
3.80254
1.75074
2.66882
2.3492
1.21337
2.65569
0.469962
2.6107
2.66342
3.24332
2.60898
3.04918
2.03778
2.42355
2.08183
1.5871
2.28443
2.11513
1.85577
3.3131
3.24439
3.1279
1.80453
2.26906
2.85448
1.8913
2.05106
2.44016
1.97174
1.7883
3.88442
1.1833
2.53509
2.56954
1.66323
2.03069
0.647006
2.81764
1.93726
3.11209
2.71481
1.35136
2.01464
2.08868
1.01575
2.04967
3.03499
1.56524
2.19187
2.55975
3.68288
1.47744
3.23612
3.44454
4.33272
3.54182
1.55078
3.16549
2.83468
1.85994
2.81291
3.46938
2.24923
1.13346
3.4297
3.61921
2.69135
2.66718
3.20492
2.59636
2.48532
1.0744
3.5529
5.64532
3.15584
2.98018
2.77617
2.21782
3.8506
2.22439
1.26361
3.2225
2.76071
1.20968
2.11775
2.08306
2.16732
2.67926
2.41715
1.91244
1.54995
3.48293
1.51378
1.96711
1.54496
3.54086
1.27711
2.3343
2.58695
0.712366
2.22985
1.27345
1.7416
2.55015
2.88017
0.79349
3.21247
3.1032
1.78341
1.44559
1.5016
2.29074
2.25246
2.64251
2.70391
2.83314
2.00402
3.59933
2.37795
2.5706
2.52258
3.33223
2.35752
3.05182
2.25343
1.18638
1.89318
2.98669
1.79607
1.2121
2.28195
0.904938
2.59264
1.9481
2.25742
2.76179
1.69881
3.20258
2.07142
3.08988
2.46459
3.9395
3.37346
2.7497
1.36108
2.54017
2.95433
4.37749
3.50792
1.94517
1.2653
2.67009
2.50028
1.95496
0.644099
1.62823
2.89215
2.30676
2.014
2.4298
3.60997
2.86528
2.01626
2.70261
2.89079
4.0136
2.87047
0.99387
2.54654
2.1491
3.4877
2.48879
2.69807
1.39956
1.2666
0.802982
3.8525
1.72016
3.19729
1.52965
3.26934
1.66984
2.05669
0.536941
3.57469
2.08794
1.88313
2.11299
2.38358
3.31548
2.62615
1.75505
1.99803
3.61562
3.14926
2.73406
0.846622
1.96843
3.55359
2.78884
1.3593
3.45732
2.47439
2.10261
2.32694
2.92275
2.77867
2.04949
3.26915
4.32544
3.17737
3.34678
1.91618
2.9465
1.19658
3.44779
1.30919
1.86854
2.23253
3.42503
3.21517
1.79949
2.71719
1.39893
4.3024
3.15082
0.202815
2.19743
1.64406
3.52528
2.22024
2.88927
2.39829
3.53432
-0.171501
1.93604
4.41661
3.09647
1.31204
1.98592
2.24006
1.20814
2.90221
1.23643
2.29018
3.04742
2.57931
1.69128
2.16894
1.91143
2.82253
2.41845
2.96791
2.39498
1.77907
1.81031
1.39058
2.30605
2.47709
3.38814
1.73657
2.03703
2.14732
3.18262
1.1427
2.77529
1.24612
2.91438
3.48215
3.41391
0.64226
3.21707
1.88552
1.10116
1.04203
2.60505
2.76731
4.49255
4.14909
2.55777
0.424438
2.5057
1.89355
2.09787
2.51335
2.52427
3.32339
3.03448
2.17674
2.84953
2.52553
3.54715
1.66981
0.694193
2.37182
2.42061
1.55701
3.28449
4.2477
2.64353
1.44098
1.97104
2.98345
1.59015
3.67761
2.29863
2.78612
2.01436
2.03058
2.27382
4.28755
1.55036
3.0923
1.72316
1.44384
1.65338
1.12144
0.876156
1.26
1.84351
2.34699
3.38417
2.33149
3.65184
2.03707
3.74335
2.04044
3.29468
1.70109
2.3124
2.196
4.6814
3.04681
2.64341
3.18234
0.548753
1.10039
2.39701
1.22739
3.31364
2.18389
1.22372
4.04116
0.517623
3.79368
2.19834
1.6486
2.48687
3.88789
2.6206
2.52399
1.73071
3.0706
1.12472
2.37418
2.31607
1.17229
3.01538
2.52272
2.8394
1.84439
3.03066
2.46367
1.04315
2.50483
3.22717
3.59
3.28647
1.74573
1.95253
1.4773
3.08134
3.30908
4.40789
1.84139
2.81903
2.09564
1.74031
3.3104
1.33618
1.89868
1.48444
2.27402
4.47008
3.18316
0.574253
2.81818
3.21933
1.07036
2.54203
3.39075
3.55585
3.77934
-0.196216
2.72008
2.17839
1.48809
2.97036
2.77125
4.61339
1.69063
1.05434
3.52211
1.16068
3.39026
2.29552
2.91127
1.35843
2.32305
3.11146
2.16679
2.87888
1.36417
2.38103
1.75806
-0.0598585
0.969639
3.33981
2.34528
2.88802
2.12251
1.5401
2.8228
1.94143
1.287
0.847505
2.64847
2.81951
3.39261
4.06171
2.39928
1.09512
4.2846
2.62367
1.15258
3.93963
3.68963
1.94956
1.39076
1.28911
3.51394
0.896282
1.62641
2.54176
1.54765
3.15491
1.66539
3.34938
3.32914
2.7464
3.0598
2.91103
2.57386
3.03042
2.80874
1.54024
0.571047
2.49466
3.27456
2.0194
2.52922
3.78272
2.66677
1.79218
1.94838
3.48836
2.12851
2.94971
1.55434
3.30652
1.38565
2.37792
2.04207
3.01459
1.5371
1.22767
1.19846
1.58688
1.49679
3.05266
3.13933
2.67916
2.23442
2.49983
1.12931
1.90351
2.00382
4.89065
-0.555345
3.45379
2.96345
1.1472
2.01634
2.15389
2.11583
2.76943
2.19482
2.43314
3.01171
3.3879
2.17109
3.79225
2.99959
2.19412
2.47831
0.952404
3.57857
1.70454
2.44984
1.97062
3.20031
2.99655
1.88012
2.41774
1.84111
1.57172
3.09005
2.97549
3.37278
3.6326
2.78262
2.19801
2.07606
2.06785
3.69421
3.46499
2.07355
1.74413
1.50186
3.40148
2.25064
1.77587
4.05486
3.53365
2.46275
2.57825
2.1119
1.61272
2.5189
3.74377
2.57023
3.36579
3.63471
1.95244
3.26263
2.48455
1.92029
1.42933
2.80807
3.04431
2.42391
4.51404
1.79765
2.79722
3.15636
1.02519
3.78731
2.70898
3.19483
2.16771
2.51691
1.89023
1.68716
4.10459
2.97944
3.7761
2.90352
2.88515
2.25656
2.71285
0.90169
0.295608
2.55653
2.92571
1.06827
1.98022
3.23898
1.24191
1.35778
3.12953
1.0481
1.70321
3.7316
1.75394
3.50746
2.76895
1.12697
2.61517
2.70638
2.16506
2.31274
2.5684
0.347372
1.64792
2.98194
3.90476
1.30741
3.08551
2.51319
2.41361
2.28177
1.57875
4.06708
3.28358
2.68898
3.45428
2.44455
3.87238
2.52807
2.89004
1.75395
4.02228
1.68121
2.3424
1.57648
2.00185
2.28084
2.7218
3.26155
2.23642
4.2512
1.99741
2.46256
2.24039
1.31834
2.71727
1.50272
2.11189
2.69615
1.83122
1.6586
3.17016
3.23738
1.94259
2.67242
2.77079
2.33576
2.85628
1.37057
1.69126
3.02446
3.01866
2.91603
0.373266
1.48507
3.17998
2.75151
1.9928
1.70866
1.95679
2.51193
1.40406
2.07222
2.84244
0.656817
2.19274
3.57392
3.71155
2.17732
1.27895
2.51193
2.10455
2.2852
1.90309
0.699765
2.86234
2.52073
3.07987
1.55744
1.85331
1.75083
1.38154
1.73939
1.17027
2.48072
1.96453
1.65719
2.05901
3.44801
3.66511
2.36648
3.4394
2.80128
2.21166
3.639
3.09894
2.37646
2.16809
3.32698
2.79118
3.38465
1.77972
3.2239
2.64836
3.03738
2.62518
1.67982
2.40649
2.87125
2.08613
0.821605
2.05426
2.15977
2.41855
2.19184
2.53083
2.5413
2.37179
1.57877
0.224481
1.29305
2.16194
0.551952
3.21126
1.51846
1.73336
2.04592
1.89742
2.15604
1.82594
1.04813
2.48729
2.67616
4.73704
1.08732
3.02065
1.99374
1.19042
1.57779
1.01064
0.568223
2.12147
0.611914
3.54681
1.3899
2.34424
2.9794
2.75441
3.51067
1.86331
2.78246
3.00181
0.665387
1.48603
0.278574
2.59384
2.71989
2.81363
1.85467
3.25603
1.68576
3.10734
3.21088
4.75966
3.30071
2.58657
2.86802
3.13471
1.39548
4.61365
2.53199
1.40973
2.73753
3.57233
2.98362
2.27214
1.69984
1.09263
2.08987
2.07497
3.56233
2.9825
2.81048
3.89196
4.00825
4.02727
4.06618
0.91821
2.70571
1.64312
3.16782
2.53646
2.00037
3.7054
2.50427
3.05775
1.88995
3.60904
3.08519
3.08743
3.02754
2.65501
3.05958
3.01481
3.71661
1.67817
1.9692
3.25419
3.77669
2.02704
2.56925
2.99146
3.54182
2.50339
2.52894
2.90066
1.70619
3.48995
2.00673
3.5318
3.43761
2.667
4.376
1.99558
1.75539
1.6782
1.22631
0.956893
2.96689
3.85879
1.94066
1.86856
3.97708
3.34616
1.84945
2.04389
3.11793
2.06092
2.37702
1.60057
2.89582
3.45043
1.41814
2.80287
2.42198
1.39101
3.03155
1.54063
3.03079
3.14142
2.59134
3.43169
1.59093
1.98702
4.47897
1.25205
1.83758
2.06467
2.30562
2.91442
2.77843
1.52543
3.30718
1.87918
2.82548
-0.0972313
1.81302
2.69532
2.73628
1.7953
1.24152
1.57644
1.3375
1.69534
1.92361
0.778015
2.67121
3.85809
2.15834
2.92974
1.23381
3.52396
1.88139
1.71371
3.41821
3.16175
0.993976
3.06732
0.896761
2.45183
4.23545
3.55511
2.80967
2.70205
2.72689
3.35114
3.39526
3.10378
1.67013
4.08133
2.54527
1.52155
3.40067
3.3917
0.389223
2.33725
3.05871
2.52999
1.70656
2.78001
3.60881
2.48983
4.1042
3.07559
1.02227
3.19221
2.45232
3.32433
1.35281
2.61868
2.28099
1.43413
1.46329
2.69124
1.99375
1.74449
1.19835
1.48543
2.80358
2.15375
2.20419
1.77298
1.46058
2.23093
4.51782
2.35498
3.12523
2.04619
0.797465
3.18784
3.69691
2.04044
4.0319
1.86172
1.51636
2.34595
1.39579
2.3444
2.26758
3.44989
-0.0713464
2.71896
1.96441
2.15087
2.92747
1.87436
2.23253
2.38436
3.13031
2.49322
1.18077
1.42185
3.67546
3.23382
2.22636
2.90238
3.31079
2.67048
3.8023
2.64587
2.82438
2.08011
2.89062
3.62895
2.80961
1.92709
2.82856
1.85282
3.28229
2.34016
2.00981
2.76914
2.15976
4.27246
3.47675
1.6335
1.47053
3.17467
2.05847
4.05834
0.902074
2.60043
1.54456
1.61406
2.33756
1.95336
2.94912
1.44851
3.05469
2.64716
1.92531
0.834259
1.28823
3.19641
1.63492
3.29178
2.79478
2.83146
3.57671
2.12648
4.34354
1.38283
1.4473
2.31979
3.26449
3.27873
2.37464
3.32255
1.39181
4.61243
2.1082
4.0013
2.20599
1.83021
3.75953
3.83921
3.3597
1.90296
3.19802
2.69321
3.5519
1.16373
2.69308
1.65076
3.31117
2.28155
1.86029
2.41386
2.1184
2.66667
3.92434
1.77858
2.60227
2.73728
3.25426
4.09506
3.60359
1.53183
1.4002
1.99219
3.40584
2.42474
2.51249
1.75513
2.81835
2.34075
2.50328
1.62471
3.39388
1.90879
3.72872
3.78931
2.86471
0.365244
2.50292
0.889797
2.51702
2.54182
2.64025
1.76308
2.55129
2.65293
2.81843
3.88701
3.5942
1.54691
0.316466
2.45334
4.2502
2.63957
3.92625
3.71153
2.29151
1.48597
1.94275
2.28964
0.978174
0.373067
2.24374
1.77072
4.74847
1.88091
0.936994
3.59189
4.42747
3.11028
1.52268
0.234266
1.34476
2.03052
2.5079
4.8159
4.69548
4.43026
2.30496
2.80979
2.82705
3.35989
2.34336
2.85063
1.81921
3.33917
2.47864
1.80698
2.68211
3.50855
0.989068
1.45053
2.28821
2.2637
2.5959
3.22386
2.83697
1.04018
3.66126
2.33181
1.61144
3.091
0.898088
2.59992
3.48766
3.51842
2.84665
2.2902
2.68507
1.24582
3.06092
3.2973
4.00749
2.13048
2.77984
1.91396
0.856196
2.00225
2.20349
3.14373
3.40913
2.14288
1.20106
2.67868
2.94255
2.37455
2.74236
3.1939
2.33934
2.44691
2.12809
1.90784
1.62336
1.28385
2.8549
1.46248
0.474292
3.62642
2.13547
2.1412
2.29414
2.05152
3.37292
2.96686
3.07319
3.90803
1.08532
2.18719
2.07116
1.19247
2.98989
2.41843
3.80941
2.66454
1.31515
0.649813
2.12194
2.81793
1.90635
3.19627
2.48248
0.947185
2.7104
2.79105
3.7212
2.42263
2.49931
3.94232
2.99285
3.73275
2.66896
1.00773
0.442188
2.39757
1.5224
2.80854
2.62637
3.03355
3.30694
1.97624
3.16428
2.77094
2.35544
1.9416
2.25833
1.67047
3.11414
3.22556
2.90081
1.24751
2.23924
2.38783
2.60934
0.595618
2.61147
3.51793
1.301
2.08792
1.74806
2.77128
3.67219
0.908131
1.89756
2.46944
1.90278
2.77643
2.77968
4.27253
2.84216
2.55589
1.05941
2.9971
2.30703
1.43543
1.10194
1.393
3.42289
2.89174
1.24168
1.70232
1.86345
2.23519
1.82186
2.14617
2.68323
1.40308
3.71113
1.21041
3.8578
2.62349
2.58889
2.56341
3.1247
2.00115
0.658815
1.54389
2.70904
2.16164
3.2333
2.84247
3.14055
4.33796
2.70417
1.54127
2.42795
2.56624
3.33518
1.88115
1.32503
2.89759
1.30086
2.34182
2.36917
2.53888
4.41262
2.38145
1.5823
1.63084
2.87529
3.66143
1.92047
2.29276
1.023
2.03274
-0.0601567
2.33121
3.15297
2.88665
2.31698
1.44137
2.18591
1.13583
3.56475
3.22784
2.69348
2.03214
1.15053
0.955072
2.71091
1.48254
2.98495
2.73399
2.87081
2.36316
2.25807
3.79918
1.07432
1.44552
1.98503
2.4503
2.07839
2.05758
2.40345
2.34746
1.27626
1.25196
2.14934
2.06053
2.36467
2.05225
1.36048
2.45176
2.43675
2.90938
1.62165
2.7991
2.73645
2.151
1.67717
2.18197
1.92655
1.50886
2.57153
2.12273
3.54493
2.58795
2.59161
0.741033
0.950485
3.02852
1.43895
2.43586
4.81142
1.78792
1.55125
2.18346
0.670879
3.6205
1.50673
3.17091
2.61542
3.222
1.94015
2.36736
2.36045
2.39295
2.86798
2.82925
3.30371
1.757
0.693191
2.33975
1.67407
2.75025
2.71393
2.10544
4.31581
2.12525
2.42062
3.25589
1.74032
1.53405
1.09516
1.37683
2.32579
3.86045
1.58162
1.66788
2.81316
1.36399
3.85479
1.87502
1.46458
2.15297
4.99199
1.94806
2.74798
1.1625
4.78588
3.03922
1.69103
3.4706
3.13744
2.88067
3.50034
1.87483
3.1363
2.98293
2.79926
1.57391
2.36431
2.10426
1.88507
3.19046
2.53656
1.18453
2.08643
2.67807
3.89146
2.00991
1.77692
3.2233
2.76822
3.33571
3.22577
3.18093
2.40762
2.25813
3.65964
1.34224
1.93088
1.96879
1.56613
2.86273
1.73682
2.26036
1.2631
2.6524
3.27004
2.4275
2.16046
0.699463
1.02173
1.79685
1.72567
3.2155
0.886594
1.31738
2.99866
0.96626
1.52796
2.10595
4.30721
1.90447
2.20308
1.84503
2.04264
2.29434
2.23111
2.99657
2.95517
2.40686
3.13363
3.66357
1.44822
1.22562
3.81946
1.50592
3.45724
2.52438
2.46647
2.50104
2.12388
3.4795
1.24738
3.08187
4.06963
2.9687
3.01528
3.14214
3.74863
2.9651
1.76506
1.99321
2.40879
2.21599
2.42924
2.23417
1.51586
1.25535
2.25439
2.97908
4.00906
2.95783
2.71249
2.29877
2.27705
4.22871
2.88297
3.01951
3.80964
3.69448
1.17138
2.18808
0.62172
1.72333
3.55637
0.896014
2.02157
2.60323
1.51587
2.05257
0.461268
2.0336
2.64246
2.59101
2.74996
3.03457
2.74377
1.68314
1.61003
3.16911
2.80423
2.26384
2.69878
3.64957
1.64868
0.63073
1.89093
3.22334
3.56394
1.71342
2.57121
3.11023
2.73235
3.48031
2.93108
2.96525
1.4227
2.90111
4.14861
2.03791
2.56208
0.518437
3.58486
2.42006
1.83124
1.58534
3.92381
2.27664
1.57413
3.68138
2.65298
1.47681
1.54304
1.67555
3.7368
2.49551
1.94207
2.42114
2.28046
1.89176
1.96032
4.07592
3.93839
0.628803
1.7051
2.65677
5.51522
1.86331
2.72928
1.54295
2.71662
2.76736
2.68091
2.03618
2.01929
2.51391
1.34513
3.36206
1.52769
2.84766
2.73572
4.71436
1.44977
1.63118
2.02749
2.65215
3.59513
1.24092
3.97817
2.52314
2.58178
1.74366
1.34456
1.03666
4.1921
1.84582
3.07753
3.99897
2.21302
4.2719
2.46319
3.19392
2.55009
1.88422
3.60509
2.33215
1.9503
2.63966
3.82369
2.02654
1.56627
3.8801
3.73523
1.69238
0.589598
2.56291
2.3909
1.62588
2.04737
1.75172
2.89929
3.27936
1.58908
2.35033
2.95261
1.51941
1.64691
0.823358
1.56228
1.61682
1.38867
1.63617
2.4406
3.25335
2.75751
2.4776
1.98569
4.32664
1.30098
1.68412
2.15348
3.79815
1.97429
2.72595
2.29277
3.15602
3.50817
1.60186
3.72754
0.522196
1.24986
2.6314
2.93161
1.76889
2.26941
4.08584
2.34935
3.17927
1.36787
3.26211
4.10535
1.95169
2.77012
2.35531
1.75646
2.28524
1.24168
3.29448
3.43997
2.69495
1.44408
0.952161
2.9152
1.37118
3.20524
3.3644
2.40887
2.27986
3.30313
3.66517
1.94881
1.63632
3.03211
1.35735
1.63722
2.39822
2.10336
2.07459
1.16339
1.38947
1.82142
4.00096
1.92445
3.09123
1.64142
1.64419
4.37322
2.39619
2.84839
1.87849
0.494251
2.08503
2.88402
2.1534
1.63574
2.243
3.63223
2.57588
2.8911
0.742785
2.45668
3.08155
2.83114
2.27419
2.52697
2.07635
3.14151
3.23924
1.59265
1.38786
2.72339
2.63984
3.45246
2.63883
3.32645
1.51508
1.7503
2.9364
2.23436
2.14199
1.92739
2.257
2.6722
1.49336
2.25501
3.31201
2.85542
4.96514
3.81964
1.41988
2.17009
3.90954
2.37885
2.19556
2.77966
3.55069
1.65
1.65117
1.61953
3.02662
2.5821
1.37211
2.14754
2.33784
2.94797
3.23725
1.71768
1.69163
2.51689
3.23867
2.7357
3.00873
1.6087
1.53518
1.47929
1.95746
2.34979
2.45214
3.07828
1.6776
2.95944
3.06821
3.14991
3.29966
2.21625
2.84909
3.0195
2.56136
1.5664
3.58615
2.88165
1.51549
1.77912
2.13988
2.81081
3.65761
0.813245
1.88129
3.11025
3.11506
3.09124
3.61917
2.79048
2.91226
2.5242
3.45858
1.3521
2.72542
1.05734
2.58026
2.35405
1.1038
2.80731
2.29173
2.30931
4.128
1.05298
2.92549
1.69189
2.48428
2.63111
2.07405
1.3329
2.21942
3.05584
2.87232
0.804084
2.19755
3.99205
2.3535
3.32457
2.22913
0.00926772
0.661456
2.36867
3.71843
3.59071
3.64906
3.20775
2.20532
1.99434
2.74962
2.38258
1.93464
2.16658
1.41195
1.12423
2.92627
2.12803
2.35599
3.40323
3.32166
3.07306
3.53162
2.74172
2.2909
4.38101
1.14596
0.571635
2.6018
3.35472
2.03028
3.68239
1.5057
1.2503
1.00165
1.40484
1.50754
2.55722
3.09797
1.26344
3.20207
3.70509
2.26409
2.33053
1.52448
1.57941
3.13467
1.85086
2.80766
4.33211
2.02956
2.167
1.37147
3.10489
3.33899
2.25612
3.1998
2.29346
1.24581
2.30016
2.07944
2.1467
3.22574
1.75038
0.519189
3.66235
1.97883
4.09541
3.56552
2.35482
3.90179
1.00586
1.78568
2.56956
5.37394
1.47786
3.81542
1.87094
4.84942
3.24383
3.2808
3.40474
1.48663
2.13519
2.50847
2.6019
3.133
2.14392
1.40141
1.85659
2.17605
1.99444
0.236355
1.83791
1.17304
0.833519
2.66941
3.0416
2.25007
3.06333
3.32205
1.83574
4.0403
1.7613
2.1555
2.99256
3.51294
2.29665
2.8526
1.76721
1.10956
1.66296
0.685716
0.817639
0.86409
2.59899
3.36883
4.3895
3.54406
3.30145
1.79383
0.642671
3.10396
1.61967
3.89274
2.58641
3.01634
1.68569
1.89092
2.97108
3.44264
1.41781
2.32057
3.27208
3.57082
4.61602
2.58959
1.84807
4.81212
1.63639
0.29811
2.16781
1.90261
1.39314
0.648018
2.22422
0.948386
-0.0985787
1.91387
1.78258
2.48554
3.17475
1.73703
2.3683
2.54768
2.76027
3.26309
1.9333
1.90783
2.14652
1.79833
0.758179
3.77775
-0.321548
3.56053
2.10701
0.114542
3.26101
1.72116
1.35539
1.0958
2.47926
1.6332
2.70131
2.61539
1.90143
2.77713
3.18719
1.38307
2.58527
3.01937
2.59064
1.79528
1.82491
3.06229
4.0819
5.88919
0.643712
1.92386
3.90051
4.06852
2.8815
1.90407
1.1621
3.19892
2.94847
2.53069
3.09832
4.04217
3.65162
3.64079
2.82656
2.85614
1.77111
3.18162
1.95542
0.871938
3.57353
2.16521
2.14399
4.31426
0.710366
2.09808
1.83803
0.465767
1.48151
1.77417
2.08704
2.18653
3.73054
3.42931
0.761255
2.00888
1.11521
1.83036
2.71887
2.6838
2.73176
3.03569
1.29386
3.00575
3.98221
3.25306
1.42207
1.93915
3.15975
1.58334
1.8338
2.60281
2.61244
0.848858
3.39218
2.97374
2.70975
2.88718
3.15326
3.66769
1.42693
1.28492
2.06469
-0.25838
3.33192
1.1096
2.37482
3.6436
2.02958
0.722439
2.36895
2.10779
2.49779
3.31158
3.6374
2.11344
2.82756
2.33326
0.736858
1.62711
1.44565
2.31616
3.37491
2.07931
1.32015
2.44153
3.04712
2.83649
2.46428
2.88026
2.09345
3.71423
2.83262
1.55693
1.95414
0.629711
2.12779
1.79848
2.50042
0.540541
3.63169
2.8949
3.84482
1.93501
3.17798
1.63325
2.32415
1.70494
2.05015
5.16834
0.702432
4.55741
2.47983
2.45792
-0.0398479
2.09865
2.31764
2.64679
2.48203
4.0799
1.45751
2.5904
2.82963
0.472315
1.77061
4.50252
2.55059
2.7053
2.02014
4.67467
1.84265
1.84243
1.56393
0.084675
2.80383
2.34798
2.79232
2.77115
1.31608
1.84751
3.03754
2.25626
3.17638
2.22867
3.07912
1.5042
2.54494
1.08333
3.15167
4.16862
2.5762
2.4017
1.9315
2.68107
3.35329
1.90758
2.35683
1.76949
2.95621
2.30961
2.02556
3.11412
0.655769
2.41507
2.57158
2.50396
1.34057
2.76643
2.76982
2.0072
1.275
3.86422
4.20004
1.2733
4.57759
2.25623
3.78796
0.486422
2.52673
1.75602
3.01606
3.16092
3.50883
4.15657
2.66898
1.80919
3.77028
1.35594
1.78486
2.53782
2.88128
3.56494
0.854633
3.9646
3.33525
2.40977
2.55924
2.22569
2.39199
2.57701
1.20223
1.54668
2.1214
1.21928
1.69498
0.74441
3.25566
3.94072
1.94531
3.92318
2.63392
2.97912
1.92991
3.19095
2.66863
3.8082
2.59268
1.03149
3.04752
1.18648
1.0517
1.85574
1.5672
2.60752
1.644
2.10515
3.56408
1.3642
3.2566
2.87497
2.93933
3.48742
2.72573
2.22097
3.38637
2.23965
2.70317
2.25802
3.30661
1.52453
3.05548
2.54371
3.58981
2.82801
0.353488
3.08459
2.16245
2.11744
1.72845
2.55086
2.91741
2.63627
1.34561
3.99341
3.78108
2.95754
1.84555
1.81664
2.06978
1.76111
2.10581
3.06446
2.39806
2.05524
2.62304
2.60032
2.92291
1.54052
2.87471
2.91453
3.60446
2.24729
1.41554
1.18749
1.29987
1.4795
1.40855
1.58264
3.86295
0.295995
2.03531
2.1188
2.02487
2.54233
2.08932
2.59657
1.64826
4.25237
2.1897
3.07036
2.53249
0.623531
2.99941
2.15797
1.47387
3.16147
4.44377
1.3673
3.11443
2.50232
3.53977
1.8707
1.50103
1.86576
2.62906
2.41591
3.10837
2.06114
0.771148
1.69692
3.56316
1.95481
1.5978
2.75762
1.80752
2.81982
2.53033
0.421354
2.82076
1.91439
0.783725
2.97182
3.79544
3.30679
1.33429
1.77412
2.6987
2.63143
2.702
2.11371
2.89237
2.97742
3.14553
1.83174
4.63679
1.24635
1.60347
2.43101
1.14621
2.21877
2.76116
3.16927
5.12923
1.82237
1.19025
1.51486
0.54244
0.185854
2.89998
0.987083
2.25333
3.08372
2.57331
2.44318
2.67431
1.88293
1.76821
2.39531
3.02489
3.89621
2.06502
2.75684
1.61541
2.52245
1.73156
1.63766
1.71639
1.95146
2.84936
2.40381
2.84366
4.24849
1.6847
2.69962
2.87254
2.58764
1.91889
3.06447
2.68869
1.86941
1.16414
1.57279
1.32665
3.28285
1.77566
-0.610432
1.52829
2.09265
1.75135
0.877331
1.25206
2.63159
1.97619
3.47117
0.478585
0.47445
3.55287
3.87359
3.78155
2.16921
2.21136
2.05806
2.96461
2.68419
1.57168
3.24762
1.47432
1.95123
1.83767
1.88263
1.0734
2.40647
1.86087
1.9773
3.23382
3.45452
4.52042
1.21881
2.86392
3.09353
2.7536
0.426302
1.48905
3.53526
1.53318
1.18004
3.28018
3.60079
3.21764
4.81132
1.65044
3.06054
2.81922
3.26774
1.88603
1.75476
0.698515
3.36851
3.96363
2.76459
3.16906
1.39477
2.17615
3.21942
2.13576
0.79736
2.51938
2.30773
2.95234
2.1193
2.02708
1.67718
2.49138
3.47206
2.94917
2.22343
2.75008
2.82935
1.20879
1.00432
1.50304
3.25208
2.74686
2.19425
0.780642
3.9801
3.65272
3.59988
2.1348
2.28224
2.06565
3.742
2.00187
0.183968
3.69433
2.26681
1.67805
1.0538
2.84684
2.6733
1.28254
3.32073
2.31845
4.13362
2.66955
3.39607
1.91749
2.00415
-0.359532
3.85516
3.11166
3.95707
1.69442
2.66227
2.75926
3.8545
1.30507
3.00687
0.684393
3.24698
3.18237
2.14582
2.81315
2.9966
3.80848
2.0826
4.02075
3.68671
3.70398
3.5025
4.09226
3.73922
2.96941
1.34342
3.77066
3.25935
1.88751
2.64941
3.526
3.99791
1.89156
3.89275
2.16836
2.43443
2.32727
1.47816
1.98014
1.75236
4.10829
3.5536
1.71196
1.59111
1.78235
2.15763
0.622159
1.24476
3.17339
3.97339
2.0203
1.13033
0.761482
0.863819
3.25276
1.50156
1.62969
3.70239
1.20044
2.59756
3.4944
0.928391
1.65212
2.33088
2.00259
0.875603
2.61182
1.76326
3.18529
2.13665
2.11424
2.17355
2.60709
3.10701
2.43556
2.65983
2.23974
2.56626
3.47332
2.57666
0.889001
2.43389
1.94628
2.93274
3.12966
1.63935
1.72506
1.25798
2.84104
1.49678
1.12296
2.11915
2.6249
2.80361
3.21769
3.14412
1.652
2.7827
3.47218
2.97485
2.62479
2.15115
3.17649
-0.254371
1.73357
4.57376
2.46851
2.89547
1.71012
2.6568
1.3769
1.97565
3.14393
2.79639
2.64601
2.64902
2.41925
4.90211
1.70551
1.13956
1.82118
0.79605
3.89796
3.04585
0.993334
1.26878
1.53073
1.62693
2.50384
3.65566
1.94624
3.47677
0.451151
2.1248
2.47014
2.22531
2.73924
2.66063
1.9313
2.80625
3.31122
2.47649
4.02988
1.40377
2.06884
1.91254
0.422345
2.24586
4.36101
0.247434
2.99039
3.27987
1.16198
1.43472
3.06509
2.42396
2.57351
2.74431
3.59311
2.01925
1.97061
2.64375
3.44691
1.66016
2.44415
2.44646
3.66648
1.37418
2.06184
2.26291
1.06716
4.28815
2.90229
1.4673
1.72376
3.11
2.76698
2.0632
1.70121
2.59788
3.10618
2.02848
1.56508
3.05256
4.20598
2.673
1.79331
2.32535
2.76682
1.91413
2.95004
2.1423
3.67531
2.03419
0.245139
1.7446
2.80293
1.53884
2.57618
2.25261
2.32691
2.98287
2.39361
2.664
2.77016
2.29955
2.23069
2.70364
2.77104
1.5111
2.55294
1.45527
2.25246
1.801
2.40914
1.78229
2.179
1.1154
2.28204
0.44949
1.81093
3.28172
2.61889
4.10904
2.25183
1.53255
3.70086
2.66093
3.58575
1.2448
3.50922
2.86089
1.6674
3.50696
2.71422
1.32525
1.4607
1.04568
2.37611
2.21644
4.1964
2.24275
2.45884
2.28476
3.62597
1.66869
2.80243
1.48515
3.07126
1.35101
2.32118
2.62874
2.4779
1.52677
2.85159
1.1126
1.26664
3.03162
2.13452
2.08978
2.13851
1.59877
1.91043
2.09838
2.00688
3.21178
-0.0188543
2.13103
1.67814
4.11856
0.532145
2.73839
2.62441
2.85322
0.172918
3.14128
3.7974
3.40651
3.16741
1.16873
2.02947
1.57831
0.453691
2.99043
1.74125
2.74268
1.77225
3.61161
2.37332
1.18211
3.74669
2.91774
2.26662
3.8783
1.15197
2.66201
0.496916
3.08218
1.08091
4.81576
1.21479
3.80964
1.74606
2.24041
2.41566
2.21662
3.49679
4.42093
0.329807
1.79623
1.88881
3.25947
2.71282
4.13816
4.34948
1.76792
3.36253
3.33665
1.40242
2.00153
2.39458
3.63277
4.64991
2.5243
1.84297
2.19773
3.80228
2.28973
1.83447
1.53601
3.64827
2.75582
1.7033
2.84333
4.09297
3.02587
0.708056
2.98722
0.507785
3.20586
0.979669
2.24866
1.24984
3.62435
2.9171
4.00435
3.20557
2.68983
1.79911
1.77012
2.18893
3.78537
1.58593
0.406212
2.84644
2.3343
2.48432
1.79191
1.19839
2.70728
1.37213
2.23949
2.57583
1.79233
2.50922
1.60377
2.82174
2.37017
2.19432
2.64614
1.99158
3.617
2.38298
0.592106
2.37234
-0.60043
2.1971
1.73482
2.35361
3.14954
1.69345
2.57989
5.03562
2.78329
1.51484
1.51758
2.64024
2.77356
2.00055
0.710402
2.68258
1.8335
1.81382
2.03118
3.09319
2.35201
2.36412
3.44597
2.29442
0.991763
1.65557
3.07899
3.35869
3.18385
2.87966
2.73306
0.538803
2.54204
2.50819
3.64739
2.66193
2.32017
1.99334
0.319821
2.75759
2.96909
2.97754
2.02006
1.54156
3.11858
1.80552
2.43468
1.70611
2.78246
2.11623
2.98503
5.57302
1.77417
2.72294
2.58189
1.47523
0.984824
2.50127
4.02433
2.29617
3.08487
3.0879
1.68843
2.25285
2.507
2.40567
1.40319
3.69712
2.30016
2.24844
2.55743
3.36411
2.37529
2.08105
1.74974
2.22836
2.55606
4.00525
2.95537
3.44063
1.48096
3.01322
3.04358
3.90033
1.92134
3.04671
3.47176
1.00089
2.58333
4.04351
2.60457
3.26665
2.35569
1.76499
0.819016
3.65683
1.57077
2.28369
1.93239
0.782765
5.65247
1.89645
2.30087
0.982581
3.22999
2.95803
2.03988
4.08761
1.84069
3.20098
2.51999
1.12129
1.27844
3.04512
2.06112
1.78461
1.1212
0.804292
2.72748
2.08942
4.92073
2.42463
1.00328
3.10972
4.8678
3.00478
3.31873
1.05726
2.9216
1.48142
2.79113
3.49141
2.2204
3.21547
1.23198
2.40015
3.39025
1.36215
2.9042
1.59407
2.52473
2.24647
1.56482
0.489596
3.67674
3.24591
3.16154
3.54635
3.72784
1.4024
2.99414
0.413205
1.81869
0.0426199
1.96517
4.12123
2.87812
3.17362
4.07024
1.82041
3.40728
3.56787
2.14825
0.942836
1.52112
3.94377
4.32759
2.21787
3.71921
2.41074
2.31224
2.45148
2.62209
3.15179
3.60309
1.9781
2.11297
3.91664
3.47429
2.09436
1.42657
2.53081
3.53934
1.06931
0.766507
2.09036
2.54607
1.04523
1.71819
1.24879
3.49936
2.01105
2.44597
1.85548
3.30279
2.49146
2.59524
3.38685
0.975926
1.44302
2.48349
2.37029
3.99406
1.98687
2.42231
2.75416
-0.294204
4.816
2.34195
1.60741
2.19525
1.83169
3.13568
1.43634
1.68652
2.81601
2.28967
-0.225746
5.15155
2.59459
2.03345
2.35321
1.82554
2.40536
2.46315
1.66003
1.77746
2.57609
2.48511
2.22441
0.888601
3.15479
2.08098
0.930905
3.37112
2.45847
1.93839
2.39685
1.74073
2.97826
1.23544
2.09766
1.96012
2.42964
3.37546
1.536
1.65211
3.39529
1.78226
4.00968
2.19584
2.29693
2.09712
2.34248
3.89502
2.148
2.1661
2.95798
2.0403
1.42272
3.6567
1.45462
0.953267
3.96161
2.74946
3.8663
1.9604
1.08564
2.83736
0.25444
2.71364
3.40628
1.96198
1.24526
1.00995
3.29869
1.23676
3.05041
2.56894
3.31914
1.22559
2.55163
2.39912
1.82932
2.99621
3.18833
2.73551
3.13442
1.51359
2.70969
3.862
2.40862
2.51898
2.5461
3.92688
3.65052
3.36854
1.08375
4.36608
1.50576
2.5174
3.60642
1.84974
4.22097
2.17272
1.65531
2.37248
1.63423
2.34323
2.7834
4.40824
3.56827
2.39495
2.17761
3.71129
0.985062
4.10086
3.76156
0.255971
2.3835
2.16204
2.48265
2.73783
3.44531
2.08136
3.26006
2.60816
1.696
1.52963
1.83883
1.76679
3.75954
2.86715
1.35262
2.89298
2.55496
3.2619
1.85082
2.13803
2.86367
2.6217
2.66181
3.20825
4.16845
2.93849
1.07117
2.41127
3.75478
1.59591
1.8988
2.50447
0.675
1.02415
1.37979
1.38714
4.21886
2.18256
3.12421
2.18811
2.93744
2.03595
2.08635
0.741059
4.03775
-1.05699
3.3621
0.588629
3.48346
4.49899
0.658938
2.14895
2.02459
3.0964
0.372367
1.98977
0.925181
3.9281
2.19339
3.95576
1.35859
1.23755
2.67673
1.63833
1.89922
0.66989
3.16505
1.93414
2.39617
3.59288
3.81517
1.65996
0.113253
3.9569
0.59832
2.34387
2.86552
2.10999
2.23307
4.20979
3.07125
3.08464
3.32402
3.42132
1.59201
3.51925
2.08321
2.03503
1.49464
2.44422
2.65671
2.02605
2.99609
3.49341
-0.256499
3.61207
3.13022
2.98482
2.35763
3.10231
3.39991
3.13418
1.11514
1.52731
2.56796
2.47051
1.21223
3.29718
2.77816
2.36589
1.40446
3.0899
3.34142
3.3339
3.78255
1.5496
2.7805
2.71865
2.54615
0.937684
2.56021
2.50271
2.79495
2.60576
2.8727
2.4367
1.17944
2.9214
2.37906
3.01456
1.96779
2.658
2.52268
3.51453
0.700966
2.11625
1.00097
1.17325
0.807362
2.12016
1.64044
0.455924
3.59648
1.99213
1.22645
2.35898
3.86697
1.48485
1.05417
3.52478
0.412061
3.15612
3.47692
3.16378
1.79434
2.10123
2.67359
2.58082
3.64714
2.0975
1.63447
2.35167
1.48632
3.18727
4.41282
1.55687
3.83779
2.17759
3.21979
2.00761
2.66001
1.50873
3.65965
2.66256
2.40127
2.19833
2.27567
1.34797
1.51354
3.97119
1.28839
1.90337
2.05588
1.64434
3.70637
2.99101
2.99225
0.742756
2.3391
1.53887
3.54569
2.67571
1.47514
0.656173
3.59054
2.29205
1.7293
2.38088
1.59633
2.89407
3.6999
3.30631
0.72851
0.641766
1.99415
4.26854
1.29958
1.55611
1.76266
2.77189
2.73018
1.63386
4.1253
3.58032
2.15367
2.75318
2.26464
2.94198
1.91802
3.03787
1.20797
2.62613
3.58369
2.10899
2.23773
3.53607
2.19662
3.06887
1.87083
4.01261
1.82788
0.525419
2.02241
1.62161
3.17991
3.51853
4.01471
1.98361
2.93856
1.38262
2.16333
3.17197
2.33173
3.98888
3.55224
2.70274
3.2462
1.49097
2.85604
3.38652
2.87375
2.76451
2.16147
3.43678
2.74542
2.20019
1.37344
2.47843
1.51354
1.5916
3.24561
2.45393
2.32709
1.99327
1.95433
2.38696
1.54753
2.31256
1.47007
0.725103
3.42002
1.49055
1.40023
2.94317
0.885563
3.19716
2.2136
2.75692
2.27326
3.92672
2.8314
2.71577
-0.0341999
2.99585
1.08641
2.77077
3.38631
1.62071
2.9332
0.970274
1.64936
2.20908
1.48039
1.08776
2.43331
3.64579
1.32132
1.50648
1.98285
2.37811
2.07132
3.25273
3.24682
2.50238
1.8417
2.6117
4.04034
2.61063
3.16708
3.64655
1.67104
3.45224
1.96709
1.69827
2.38307
1.3095
2.20978
1.12997
1.16802
2.83595
1.89728
1.43816
2.93557
2.91999
2.68891
1.03255
2.54236
2.79982
1.88299
0.163332
2.13388
2.67977
2.61274
2.44716
2.50939
1.90725
1.95036
2.08151
3.37462
2.77341
2.40304
3.33204
1.60066
3.61624
2.84659
2.53367
2.88669
1.61041
1.9376
3.67316
1.96513
2.58315
1.01836
2.27685
0.971645
2.60285
4.06722
2.83985
2.10652
4.17829
4.38922
1.51883
1.85248
3.40623
3.6333
1.71561
2.15531
2.58269
2.83142
2.64424
1.03699
3.47847
2.71192
3.0648
3.70594
2.88769
1.73263
3.77324
2.26403
1.30952
1.65601
3.60726
2.15399
1.4002
2.26508
3.65373
2.00094
2.17032
1.46755
2.30118
2.36759
2.14279
2.0014
1.45533
2.82647
3.72463
1.66884
0.785106
1.26437
1.92345
1.27288
1.19834
2.69308
2.85923
1.41911
4.27503
1.04157
2.15072
1.0673
2.08097
1.44413
1.39111
2.43133
2.6106
1.40114
3.27397
1.60593
4.03995
1.49287
3.35503
2.55047
1.77548
1.77469
1.52905
3.35427
2.2576
3.24155
1.27752
1.40603
2.63241
2.61523
2.40019
0.491685
2.72535
1.49578
2.1162
2.56898
3.40186
3.08059
2.64522
0.191925
2.342
3.17057
2.79044
2.4203
2.00987
4.64809
2.1182
2.35708
2.60631
1.07353
1.83809
2.51458
2.54815
1.49621
2.47464
2.4002
3.39753
3.08889
2.90988
1.57713
0.436153
1.83483
2.19483
2.65282
1.59599
1.44198
2.74768
3.16615
1.35648
2.82899
2.23079
1.9279
2.61477
1.7668
2.06173
1.88262
0.734115
2.01113
2.01801
3.48548
2.92876
2.481
1.56776
2.14396
2.75741
2.81975
3.06216
2.84198
2.35952
1.80682
2.2463
2.42858
2.00563
0.89543
2.31125
2.94323
2.0447
1.53552
2.62324
2.98229
2.00866
4.57996
2.47962
2.36521
3.60879
3.45182
2.1919
2.74383
1.89515
1.91502
1.53659
1.92326
2.00115
2.14803
3.45387
2.44762
1.92003
3.36498
2.60926
0.355731
2.40944
1.69974
2.98235
3.03691
2.67543
2.05648
4.18197
2.6238
1.74871
2.38462
0.850151
3.2603
2.50311
2.40527
3.01206
2.32219
2.71141
2.82036
2.68749
2.01395
1.40682
2.68185
2.95586
1.74709
2.87153
2.65378
1.71665
2.46386
0.873904
1.48085
3.13819
2.45069
2.8398
0.620284
1.86707
2.62372
2.87088
4.36851
3.71615
1.36213
4.14071
0.84764
2.67269
3.85449
2.66403
3.85812
3.1203
3.28699
1.04304
4.12896
3.29826
1.22319
2.37472
1.93908
1.48264
2.4451
2.58362
2.72641
1.44009
2.30358
2.04825
2.9588
2.16139
2.89916
1.82867
3.58722
1.73882
3.48057
2.96363
2.18901
4.15122
2.17861
2.692
0.967314
2.32373
1.39968
1.83873
1.51188
2.82471
2.36318
3.16204
2.95893
1.91762
2.62842
3.46711
2.2723
2.96679
2.42528
2.08691
0.587012
2.92551
2.76543
2.37144
3.56588
3.03979
3.43129
4.15209
2.41439
2.83335
1.37695
1.95136
2.18184
0.503989
3.31665
1.16465
1.99573
0.962131
1.30561
5.36975
0.925494
1.28597
2.56352
1.80037
0.162693
2.94793
3.15251
3.79833
3.11743
0.510079
3.53345
2.25822
2.16026
2.21449
2.08027
3.43025
0.694906
1.42447
1.02043
2.078
3.69756
2.72741
3.64596
3.79412
2.61796
1.81519
2.59013
2.42299
2.88343
1.99372
1.41677
3.53931
4.10416
2.03778
2.28298
2.82677
3.91105
2.71239
3.50074
1.68608
3.54615
3.38275
2.56326
4.31819
2.27894
1.9091
2.72525
1.98988
1.93488
3.03941
-0.837884
3.19076
2.35947
2.16568
1.31365
3.36782
2.75214
2.74504
2.57251
2.4788
2.87919
2.3406
2.88091
0.367012
1.17414
2.87955
2.82373
4.54765
2.49649
1.01866
2.16986
2.72351
1.57545
1.28131
3.11446
2.82649
1.70254
2.84056
1.56468
3.14979
4.00426
2.022
1.06457
3.51558
2.37673
3.74058
1.07459
1.89359
1.86096
1.95174
1.59598
3.28241
2.7091
2.24134
1.8804
2.55484
1.64975
1.28209
1.9316
0.553844
1.83249
1.74038
2.53493
0.956306
3.34819
3.99671
0.0589447
1.96444
4.87699
2.30296
2.78735
1.97217
2.02819
3.6213
0.92657
2.67761
1.08264
1.96515
2.83088
0.930091
1.75851
2.06855
2.17647
3.08794
2.02517
1.88712
4.17942
2.86748
1.71581
1.19333
2.23415
2.34466
2.42518
2.81017
3.08178
1.40452
3.40206
3.44772
3.04494
1.9006
2.93814
3.40475
2.01589
1.01057
1.92938
1.90901
1.91453
2.42642
2.62097
1.55001
3.4761
3.39793
2.81044
3.01064
3.64658
2.40864
1.96076
3.09259
2.34385
1.61854
1.72277
1.46822
1.65296
2.23043
2.31324
4.56482
2.23728
1.6493
1.74014
1.96431
2.32557
2.68437
1.80098
3.42743
1.91666
1.58085
1.76558
4.95148
2.48326
1.87849
2.91519
1.55761
1.82659
2.47734
1.49578
3.31355
2.00448
0.921767
2.31209
1.62802
0.317004
3.31321
1.9232
4.05794
1.71975
2.55662
2.79394
3.74859
1.8456
2.32451
3.30131
2.68281
3.93879
3.56615
0.265116
2.82631
2.121
2.08175
1.50575
0.643276
1.79974
3.11787
4.42353
1.25886
1.04015
3.15851
1.84332
1.2988
2.54405
2.28716
3.09392
1.73198
2.41407
3.72935
4.37615
2.11011
2.86396
3.32814
2.8492
1.77751
3.59043
2.58281
2.68413
4.10455
2.42411
1.81625
3.77418
2.64829
4.16944
1.89916
4.41849
3.84829
1.20708
2.7663
1.53109
3.45118
0.765261
2.75733
0.559174
3.10089
3.58521
2.61462
2.48631
2.7433
0.797236
2.69699
2.31273
2.60056
2.54503
2.85254
1.98493
3.03834
1.87251
2.42657
1.87273
2.56297
0.861172
2.61112
2.45252
2.67331
3.19637
3.74523
1.71029
2.59541
2.63162
3.13336
-0.111073
1.72786
0.886477
2.5816
0.531633
1.95264
2.37891
3.22257
2.19434
1.13309
2.42116
2.17367
2.96313
2.30824
1.32036
1.43224
2.72919
2.37774
3.2982
3.52802
1.72771
1.98582
2.62769
3.21925
2.34949
2.26589
1.27174
3.22705
2.95326
3.10823
1.4284
1.65555
3.47145
0.714459
2.40262
1.90798
2.55994
2.8703
2.94699
2.19852
1.52707
3.13512
2.82853
3.12919
3.16313
1.7811
1.61165
1.82256
2.16063
2.80757
3.06889
2.96751
3.11113
2.90974
2.1616
2.28627
0.761165
3.84131
2.08102
1.93295
1.25069
4.01499
2.79254
0.455919
1.84438
1.70173
2.20921
2.6544
3.82628
2.55161
2.42197
0.761569
2.88139
4.28651
0.415799
2.67498
2.24152
3.37313
1.87956
2.17488
2.75304
2.27574
1.64919
0.490044
2.52347
1.91462
2.58976
1.26995
2.32529
2.9103
3.73054
1.41779
2.37958
2.90829
3.65469
1.71059
0.755497
1.86393
2.56325
3.13975
4.73015
3.68442
1.06422
-0.071157
2.45446
2.37171
2.95469
2.03399
2.2407
2.45375
2.9354
2.20215
3.12553
1.79624
0.703643
2.07086
3.2248
3.5976
1.91706
2.36177
2.36583
2.26623
1.4313
1.75359
3.69309
3.68552
1.33697
2.02897
1.90327
1.30178
1.21732
4.07969
1.43058
1.84646
2.05964
3.6849
1.55448
1.93715
2.18668
-0.471347
1.99751
2.00924
1.63813
3.12634
2.57066
2.70584
2.43702
2.23849
2.48674
3.68263
1.73909
2.18186
2.85998
2.47224
1.61435
2.46713
2.49181
2.1125
1.56039
2.31
2.13195
2.05964
2.96638
3.40779
1.32312
1.83814
1.225
4.12075
1.54266
3.6387
0.695961
2.83195
2.40524
2.50667
2.36154
2.43664
3.34977
1.87295
1.55924
2.99844
2.78556
1.17523
2.32487
2.98409
2.19378
0.348789
2.94685
1.86419
1.67488
0.573589
2.71461
1.35271
2.61752
1.40032
5.05081
0.472681
2.67716
3.43846
3.0391
2.76767
2.65957
1.61448
3.67568
4.40261
1.99444
2.14074
1.46386
0.647724
2.63239
2.45602
3.15588
3.16767
2.45435
2.8329
2.47301
0.308847
2.92755
2.639
2.22701
1.07382
1.75544
1.6933
2.76588
2.98122
0.234282
2.45828
3.15887
2.29926
2.97808
2.32321
3.27625
3.67299
1.84242
1.50432
3.3066
3.70743
3.11363
1.88403
1.88021
0.689171
0.37626
4.05485
2.23717
3.97475
2.45432
2.39532
1.90819
4.24829
2.44978
4.50487
1.74427
3.15068
2.5623
3.99462
3.13808
0.575687
2.11729
0.150953
3.27946
4.09609
1.91583
2.56131
2.8445
2.03798
0.840832
1.88384
1.73173
3.15998
4.00551
1.81921
1.92538
2.46
3.73007
2.07336
2.27541
1.47897
2.38058
3.84445
1.76554
2.37982
1.7274
2.73974
2.96454
4.84848
1.84719
2.93962
4.50158
1.96974
1.29308
1.69142
3.68434
2.41192
4.57194
1.12413
3.08971
2.79872
2.46765
1.98772
1.32619
1.70647
2.24868
1.61996
1.96164
3.33353
1.77109
1.81137
1.78518
3.69718
1.67294
3.13537
1.28221
1.66051
1.41709
1.14109
2.89681
1.14629
3.26421
4.79359
4.20309
1.10763
2.64306
1.8465
1.75658
2.275
3.62429
3.48324
1.51817
2.05691
2.2681
1.49198
0.751075
3.36068
0.597618
3.31812
2.23548
0.961187
2.245
2.16922
2.39363
0.821241
1.371
3.70201
2.81229
3.17614
1.57053
3.06645
2.3746
1.2737
4.12869
1.93926
2.5843
0.829437
4.07455
2.38576
2.53779
2.98916
1.8639
1.83947
1.83118
1.42393
3.06162
2.5038
2.06733
1.22919
1.25434
2.83211
2.70828
2.99496
1.65169
2.40929
2.89583
3.45729
1.81631
2.52953
1.48505
1.99453
2.58251
3.87088
3.12898
2.55895
1.4464
2.63515
2.60664
2.54447
2.34899
3.23302
1.47362
3.67322
2.21302
2.38646
2.71952
2.09577
2.21306
1.82048
1.60767
3.79802
3.61288
2.21829
1.05876
4.25368
1.78339
3.63501
2.1582
2.07862
1.54441
2.05909
2.14767
2.81009
3.26587
3.0041
1.39536
3.80648
1.41207
2.26893
3.63171
3.06151
1.58168
4.49012
3.38958
3.04561
1.60035
2.72196
2.95584
0.791336
2.98695
3.04157
2.22901
0.869013
2.03472
2.28062
1.62637
2.07711
2.33903
1.3045
2.09326
2.80436
2.40962
2.40998
2.44872
3.17176
1.22276
1.76364
1.75726
0.655786
2.62336
2.86783
2.59747
0.823437
1.72793
2.05279
1.5823
1.84398
2.80699
4.25143
1.69295
1.95655
3.11469
1.70776
3.16042
3.35447
1.70046
-0.174728
1.02479
4.09384
2.71514
2.96053
2.02979
2.86609
2.90254
2.92677
3.14699
1.80814
4.89136
1.33694
2.36928
2.9278
2.78496
1.99469
2.1398
1.45314
3.01731
3.77168
1.77994
3.66485
0.988361
2.66999
1.27027
4.07834
1.79586
1.56409
4.30358
1.86599
2.46404
1.15442
0.776868
3.2508
4.48861
3.42368
2.13866
2.7669
0.600952
1.36234
1.28272
2.60315
3.00762
1.97618
2.87832
3.53883
1.38163
0.759455
1.39202
2.04947
0.93593
1.19046
2.42791
3.30752
1.73769
3.39845
2.06393
2.64019
3.91825
2.23012
1.21589
0.331014
2.08855
3.21153
1.55121
3.4096
1.84592
2.16966
2.60695
2.84545
2.01832
1.44025
2.43066
3.06348
3.8566
4.21769
1.63534
1.08363
2.15315
2.90621
2.32349
1.56528
1.14889
1.84438
1.97103
2.1389
2.07104
0.166516
2.32011
1.77391
2.88079
3.11337
2.09707
3.51893
1.41733
3.44173
2.6007
0.879273
2.71502
4.42486
3.30597
1.9109
1.44139
2.40126
2.74463
1.1762
2.11243
2.60593
2.64993
4.31205
3.22458
0.894454
1.81002
4.15764
1.20386
0.533161
3.52538
2.73181
2.44286
2.81832
1.8365
3.67787
2.45578
3.07684
2.69704
3.41387
0.398494
2.28046
1.40544
2.95262
3.70904
3.10508
1.4715
2.13822
2.5286
2.44561
1.59612
3.68795
1.83912
3.56279
2.75494
2.26568
1.82982
2.81051
1.997
1.7457
1.65411
2.78766
3.77999
2.28635
3.63873
1.6356
2.80324
2.47083
2.71559
1.8545
4.00866
2.57208
2.85758
2.52252
2.05956
2.28918
1.62063
2.4434
1.7901
2.08309
0.979631
3.28108
3.57625
1.23108
1.1101
1.19497
2.9983
1.79881
2.66052
2.21429
2.32456
2.22588
3.22535
4.04504
0.590012
2.40167
2.60136
2.60716
2.59251
1.18386
2.18728
2.02487
2.24295
1.96333
2.68698
2.72025
2.72009
2.59321
3.8129
2.28209
2.72303
2.23512
0.579154
1.81089
2.64995
3.15203
2.76678
3.38572
2.23632
2.21384
1.98117
2.80676
2.32879
0.688089
3.20401
4.01467
2.73205
2.02935
2.2735
4.25143
1.08233
2.7232
0.672003
1.62907
2.54949
2.07426
2.49577
1.66587
2.67362
1.89637
1.56786
3.78982
2.96079
1.31767
2.36657
2.36324
0.959109
2.14365
2.56988
2.43152
3.73916
1.32543
3.03564
1.74248
1.96411
2.09029
3.4853
0.925507
2.19788
2.1689
1.57983
3.20237
1.484
0.756433
2.65047
1.436
2.50402
2.56991
2.62113
2.86889
2.30222
2.99702
3.68559
1.89825
3.15044
0.783018
2.20421
2.81999
2.39474
1.27666
2.33183
2.39042
2.64377
2.66138
2.40247
2.17785
2.20753
1.4803
3.44643
3.20379
3.97513
0.65998
0.344061
4.01597
2.89645
-0.134246
2.38881
0.790001
2.27062
2.67702
1.46291
1.74597
0.726004
1.50093
2.0243
3.34981
3.42008
2.8293
3.64443
0.73994
2.96704
2.83407
2.29929
2.81208
2.69788
2.77455
2.51589
2.22741
3.22996
2.19366
2.53112
2.64763
3.98438
3.18255
2.49361
2.96345
3.54345
3.02061
3.24307
4.18934
2.59293
3.83345
2.6404
1.82156
3.0476
1.8583
3.43884
3.83751
2.80974
4.31861
3.28723
2.94328
3.10856
1.67186
1.74535
1.99719
1.69408
2.01691
2.24166
0.795003
1.80912
3.92614
2.4457
1.60821
3.61553
4.37816
2.02817
2.98918
1.45471
2.68861
1.03563
2.85171
1.74054
1.03056
2.10517
1.94006
0.516158
1.85622
3.02541
2.5255
2.99607
3.66213
1.50344
2.16426
2.23499
3.26522
2.24588
1.22575
3.40064
1.71745
1.37399
2.1616
4.32594
2.97288
2.01471
1.34169
3.05068
3.39273
2.44304
3.36582
2.64246
3.25862
2.34527
1.39896
2.95741
3.52337
2.25821
3.54476
1.58447
2.56563
2.85078
3.02201
1.32314
2.52341
2.82396
4.25852
1.84294
2.4342
3.51324
2.12909
3.08329
2.2886
2.28056
1.84087
2.6996
4.28701
2.2443
2.57645
2.63849
0.45759
1.74334
3.08808
1.87406
3.6739
2.71322
2.21742
2.80645
3.82708
2.09866
0.894757
0.634978
2.12901
1.81871
1.13117
1.4431
3.33186
4.5077
2.24666
2.68627
2.97413
1.65322
1.59859
2.00283
2.39521
3.56378
3.96398
2.711
0.455162
1.88653
3.22788
3.3107
1.63466
3.20703
3.00472
3.0698
1.02384
1.9263
1.38891
1.75771
1.8117
1.81246
2.9192
1.82968
1.72554
1.32116
2.56441
3.37811
3.02461
2.79296
2.06434
1.97131
2.08143
1.18865
3.17802
0.582357
2.72908
2.77984
3.45665
0.821348
2.82784
2.70985
2.43091
2.06744
1.15043
0.827596
2.10191
3.49079
2.35116
2.67928
2.31796
1.92901
1.97603
1.78082
2.51067
2.1265
3.37346
-0.487616
1.72506
1.98778
1.97692
2.2923
2.10785
1.35383
1.84055
3.06077
2.20403
1.50016
2.69838
0.583379
3.34015
3.14282
1.37801
2.44952
3.10466
2.43002
2.90125
2.01427
3.8141
2.4537
3.07694
1.10429
2.71658
1.124
2.78151
0.504687
3.8746
2.81146
2.95421
3.30595
3.1109
2.36611
2.62119
0.940707
3.22422
0.489352
1.74277
3.40969
2.45806
1.68181
1.83371
1.34411
3.76634
2.09937
3.00514
2.11236
3.53217
1.42004
1.80048
2.92115
3.74381
2.46788
1.91674
2.72034
2.38749
5.38027
2.75746
0.616153
3.07694
3.37313
2.60457
0.841586
2.02171
1.16281
2.81574
1.47201
0.702678
2.47368
2.7633
2.49062
3.49655
2.54639
1.2825
3.10351
2.20207
0.297796
2.84888
3.06646
0.936921
4.34363
1.03083
0.886078
2.67748
2.14153
2.21747
3.10754
2.5904
1.70885
2.25074
2.07818
2.67539
4.11851
2.23998
2.96942
2.22373
1.83961
1.40124
1.59279
1.62622
1.45492
1.35513
1.85591
1.62532
2.77333
3.83925
2.1385
1.6539
2.10537
1.63476
3.05996
1.33109
1.90017
1.58636
