2.65927
2.16712
1.709
2.83919
3.30218
1.57713
2.89363
1.87794
2.31179
2.79812
3.23665
0.810693
1.85817
2.57979
2.63358
3.11661
1.54112
2.72289
2.50012
3.57531
1.34975
2.15654
2.74244
1.7335
1.88113
3.07517
3.60736
2.81933
2.01024
0.984991
0.988756
1.84266
0.882903
2.72233
0.918559
2.01982
3.18866
2.89223
2.61948
1.00815
3.00695
1.95597
1.75594
1.94765
0.745375
2.54081
1.92496
-0.131528
2.70338
0.0915927
3.12859
1.02683
1.59126
0.464181
1.53209
1.04652
2.7419
1.79574
1.56265
3.25509
3.05824
2.32429
0.767136
1.02122
1.74643
1.45482
1.83292
2.40621
0.882409
2.87631
3.45101
1.93512
1.42031
1.59628
1.61132
3.22366
2.23927
3.13169
2.43175
1.81282
1.66746
2.47621
1.757
0.713072
1.04114
2.41532
0.808713
1.84539
1.751
1.8387
1.43936
1.35589
1.39379
3.69076
2.55869
2.66317
2.11166
1.39703
2.81378
2.90488
2.61204
1.80554
2.2883
2.45454
2.26876
3.1304
1.63625
2.27492
1.61551
2.86348
1.08159
2.89988
2.24772
1.94873
2.43117
1.21866
0.915911
2.31465
2.77411
2.26593
1.42571
2.71383
1.13815
1.67686
2.09615
2.74411
2.38153
1.203
1.0178
2.82058
0.734028
2.74885
1.03996
1.26204
0.53344
1.35192
2.0675
2.13633
3.41921
1.41221
1.38474
2.97703
2.78876
3.1898
2.86047
1.00379
1.81117
2.63065
1.00053
2.3999
2.55322
2.35726
0.959252
2.35695
1.80941
0.822111
1.50058
2.17475
1.69788
3.52121
1.36263
2.48946
3.26755
2.23983
1.86512
1.50124
2.96075
1.02721
3.17502
3.71206
1.74502
2.88523
2.69788
1.98115
2.85961
2.65397
1.93928
1.85209
1.78819
1.7575
1.63133
1.64612
0.841202
1.28212
0.760189
3.03828
1.02717
1.01216
1.39263
3.5415
0.862567
2.06657
0.878826
2.95974
2.96301
1.86329
3.11676
1.46457
1.75759
2.18633
1.38796
2.26006
3.39398
1.85252
3.65551
2.61268
2.31471
3.08096
1.08291
1.91814
2.29661
2.14985
2.92225
3.83753
2.02915
1.30291
2.2123
1.41083
2.35856
2.05533
0.894293
2.24404
1.77425
3.33175
1.89449
1.99739
3.79767
3.07978
1.75056
3.65774
1.38944
2.39634
1.96833
1.762
1.65335
1.07309
2.64114
3.02563
2.25454
3.12704
1.84799
1.74979
2.07457
2.54932
2.3593
3.21188
3.30607
1.11641
1.71644
1.41337
1.26333
1.55715
2.04984
2.30547
1.93464
1.63857
3.59577
0.72447
2.42802
0.840649
2.52476
1.23501
1.68235
3.1497
1.54672
2.2429
3.64172
1.46133
2.58076
1.14215
2.43141
2.42134
1.03187
2.18583
2.41727
1.64551
3.25758
1.75412
2.95043
3.6674
2.4597
1.44147
1.4727
3.29953
1.98334
3.15691
1.05472
3.99444
1.77045
1.84746
2.70007
1.98309
1.39823
4.51547
2.03476
2.61565
2.60612
3.3095
1.28288
1.6919
1.77551
1.87802
1.70312
1.11771
1.24932
1.7804
2.05669
2.65691
1.26737
3.06644
3.24337
2.23312
3.88578
3.44564
2.6418
2.95203
3.73013
1.61346
3.71865
2.49925
2.35376
3.22773
2.57668
2.72895
1.64918
2.88551
3.75122
2.89658
1.93547
2.2542
1.68527
2.79137
3.47769
2.85213
2.32371
2.37787
1.36632
1.64946
1.22154
1.53507
2.65302
2.12041
1.48493
2.1992
2.17511
3.31423
2.64281
1.42277
2.12241
2.09136
1.97078
2.0121
2.48634
0.281772
2.81594
1.88062
3.63451
2.28296
2.25737
3.21059
2.79619
2.8349
0.250542
2.31547
2.25148
3.40788
1.93473
3.15812
2.35973
1.11861
1.44883
1.47639
2.82629
2.40559
2.08289
2.35101
3.47876
1.82753
4.05973
2.09448
2.06272
2.75154
0.951102
2.91545
0.5874
3.09405
3.33472
3.37018
2.40951
1.89366
1.93939
2.54376
3.29064
1.66453
2.18585
2.19797
2.97236
1.32501
3.64308
3.20316
1.56406
1.56013
2.02757
3.25717
2.59944
1.57429
1.6205
1.17805
2.06096
1.36668
2.87559
2.42142
2.50634
2.35698
2.11481
1.98208
3.4109
1.63756
2.53005
1.73573
1.74408
0.61689
1.98349
0.20918
2.9007
1.83584
1.17318
3.10975
2.06837
1.77747
2.39697
2.38954
2.30832
1.32803
2.96961
1.16434
3.2474
1.11838
2.82538
3.0423
3.18736
2.68448
1.75007
1.88445
3.00529
2.09869
2.19323
1.25851
3.11745
3.65381
1.75815
1.79892
3.14457
2.52538
1.85507
3.07004
1.75868
2.38356
2.60663
3.14532
1.07505
1.06779
2.15802
0.91202
1.99022
1.72712
2.65848
1.70782
2.74472
3.72772
3.31629
2.33168
1.19727
3.13891
1.57658
1.25917
1.01477
2.7239
4.44934
2.28061
3.44393
2.34558
2.02228
1.95256
1.34304
1.83265
3.00509
4.2612
2.98026
2.62346
0.84585
4.06901
2.18314
2.72247
2.34584
1.73061
1.22867
2.15054
2.57597
3.60184
1.52017
0.969089
1.78376
2.92253
2.81826
2.72766
1.60229
2.37642
1.99085
2.23523
3.34805
3.05001
3.48912
1.26396
3.47524
1.63329
2.55029
2.80441
0.942357
1.18355
1.16318
1.76381
2.76447
2.31077
3.98849
2.22082
3.51809
2.77659
1.7112
2.18767
1.55181
3.30985
2.96678
2.39243
2.59589
3.24475
2.33152
1.65679
2.78126
3.07239
1.50384
0.872543
1.57634
1.97138
0.648159
2.17369
2.14631
1.22113
2.02646
2.3304
2.40516
3.37423
1.58083
0.882717
1.7988
3.85986
1.5891
2.84041
3.75621
3.65842
0.371542
2.19702
2.33421
3.05917
1.96828
2.37258
3.38692
1.7478
3.48374
2.57246
3.67395
3.3966
2.27804
2.70529
1.4827
2.39768
0.944626
2.41909
2.66017
3.69582
3.452
2.94362
2.8401
2.16513
2.53775
1.19359
0.630392
3.61762
1.71484
2.91229
2.73408
1.62358
1.59845
2.14307
2.00233
4.26555
1.98513
3.60904
1.99563
2.19063
1.99338
1.83982
2.55021
2.90939
2.7182
1.49279
2.40506
1.92771
2.20248
1.44878
1.82048
1.59084
1.65654
2.23709
1.95901
2.44703
1.47694
0.756504
1.77584
1.82964
3.04359
2.00896
2.31633
2.35077
1.3721
1.66818
1.72894
0.866029
3.25609
2.05264
2.71879
2.31438
2.56278
2.35622
2.43547
4.05656
2.89348
0.306224
1.25089
2.17473
2.14697
1.91382
1.96574
2.17241
2.90529
3.47566
2.35413
2.0197
2.95819
1.37969
2.68012
1.58748
2.23297
0.783466
2.32446
2.74867
0.894976
2.1945
2.33132
1.35518
1.02713
3.06007
2.66804
2.18611
2.30124
1.76403
2.55863
1.64459
2.26415
1.26724
1.65139
2.49604
1.67006
2.30463
0.880384
1.72712
2.36192
3.47455
3.27575
1.84544
3.25689
3.65053
2.25651
1.82678
2.85648
2.61338
1.37909
1.1464
1.41192
2.23983
1.57957
3.46357
0.443919
3.80925
1.26883
1.80979
1.02984
2.03169
1.75849
2.41889
1.3468
2.34716
1.78522
1.74961
1.93898
2.33835
1.82645
1.62323
0.83444
1.96252
3.96933
1.413
3.06608
2.229
2.5128
2.16409
2.17518
2.50955
1.34355
2.31926
0.793345
2.88291
2.37432
2.28011
2.82503
2.53621
3.04896
2.41536
2.33606
1.96319
1.53611
2.35195
2.66791
2.36373
2.70112
1.79422
0.641053
1.76475
2.32541
2.20734
1.54886
2.87774
3.06317
2.6582
2.31811
2.27009
0.373659
3.34717
2.4099
3.52987
2.81303
3.77897
2.50566
2.21912
0.494639
1.66483
2.12702
2.78542
2.52819
1.94153
0.271363
2.67068
2.45165
1.46789
1.61357
1.32701
2.1097
1.39975
2.46187
2.50134
1.27657
2.10037
0.992758
0.874744
2.75483
2.73508
2.4211
2.09908
1.25684
2.13986
3.16676
1.55626
1.77617
0.914234
1.93543
1.21549
1.19785
2.77283
2.90777
1.95639
2.88597
1.82564
2.75188
1.71011
1.71991
2.40855
3.83485
2.15272
1.33555
3.77997
2.95778
2.04224
0.785745
1.06539
3.31273
2.25908
1.91403
2.37435
2.29775
2.61137
1.42234
1.86307
2.47693
2.17142
2.72565
1.0772
2.44715
1.46559
0.505995
2.24725
1.73284
1.84828
2.19439
2.1929
2.32701
1.43304
2.52786
2.12188
2.88145
2.50673
0.966445
1.04119
1.4201
2.3339
1.5563
2.294
3.64702
2.54664
2.2611
2.64556
2.76033
2.26619
1.19261
2.34184
2.11661
1.22392
1.79062
1.44407
1.93326
2.10379
4.2585
2.33824
1.47859
2.86941
3.51338
2.63732
0.0537291
3.36407
1.07611
2.60327
2.33987
2.59665
1.80537
2.90755
2.83312
2.00006
0.712937
3.11149
2.4621
2.81826
2.33276
1.87202
2.41148
3.00004
1.84822
2.2472
2.83079
1.88919
2.24825
2.18292
2.47398
1.95099
1.6817
0.770086
2.99872
3.47356
1.45562
0.912436
1.90065
2.44085
2.08147
2.08261
2.51973
2.42295
2.04139
2.5492
0.804461
3.38746
2.41093
2.63283
3.02851
3.05897
1.05914
1.25565
1.31127
1.42288
2.81959
2.31705
2.09098
2.53456
1.59212
2.65036
2.78644
3.64302
2.87755
1.82849
2.37061
0.230635
3.1378
1.24157
0.956364
3.56253
1.07832
2.05497
1.32653
1.76501
1.55041
2.1983
0.746753
1.81093
1.61453
0.427505
2.54696
0.198203
3.31139
2.27265
2.21264
-0.23316
2.28463
2.38553
2.78053
1.089
1.58556
3.40904
0.459292
3.82643
2.26814
1.48897
2.15525
1.22115
1.28448
2.86947
1.97109
0.854503
2.77427
2.01485
1.65527
1.80341
3.83671
2.96353
1.80427
1.67337
1.74781
2.81925
3.35317
2.30347
2.59694
3.09509
2.99366
0.873377
3.05363
1.92615
2.20859
3.25937
1.60036
1.64488
2.24744
2.84582
2.68304
-0.193923
1.74059
2.84405
2.65366
2.44637
0.172941
2.92156
2.85879
2.30433
1.97899
2.98283
2.24097
1.40638
1.48655
2.71492
2.86316
1.85881
1.79627
1.9709
3.17396
3.6884
1.95876
3.12603
0.888361
2.43695
1.71201
3.16784
2.32436
2.94053
2.52368
1.47576
0.60028
1.13144
1.40525
2.01025
2.00722
1.99174
2.31483
2.73133
2.42883
1.26097
3.14001
1.96479
3.32434
2.20586
2.59691
1.54114
3.01149
1.6853
0.391338
2.30062
2.52717
2.44794
1.55469
1.68695
2.88777
2.51806
3.05192
2.05968
0.562747
1.55934
2.98945
0.440296
0.961321
1.92026
3.20657
1.9046
1.00104
1.6969
1.24585
2.44199
0.789023
1.03075
1.48931
0.799906
1.35169
2.95525
1.93607
0.789071
2.22408
3.58587
0.79117
1.8898
2.9448
1.6605
3.158
1.7407
3.36792
1.89019
3.5095
3.32542
2.7061
2.92273
2.4791
3.04219
2.91106
1.44454
3.56398
2.00121
2.20345
3.27367
3.37635
2.84122
2.83034
2.5008
2.0358
2.2114
2.42518
2.37555
1.61335
1.84268
4.04135
1.81614
3.04181
2.57483
1.6824
3.01061
1.71357
2.8576
2.73897
2.30519
1.06688
2.54048
1.69452
2.32156
1.60916
2.06322
2.71507
2.0959
3.01682
1.55311
1.81491
3.72988
2.07964
4.041
1.89754
1.48506
2.24854
1.00338
3.029
2.93749
2.47788
2.2051
1.98813
1.78228
2.95594
1.80239
2.54234
1.81795
3.15896
2.43394
2.24741
2.58987
0.252997
2.45478
1.81892
1.68838
3.69751
1.686
2.3011
2.58188
2.56335
2.37108
2.65301
3.44279
1.37145
0.9388
2.47507
2.01036
2.83502
2.47159
2.8646
3.02653
1.10177
1.69614
1.82871
2.83488
1.44157
2.34164
1.85697
2.23328
0.781051
2.63132
3.10913
2.31063
2.27203
2.24226
2.07082
1.65491
1.77966
1.19191
3.67703
2.01987
2.3779
3.1344
1.08707
1.53046
2.63648
3.24022
2.21628
2.85945
0.897455
2.74117
1.14346
3.53152
2.72686
2.62394
2.09138
3.09465
1.54777
1.65054
3.15554
0.945044
0.791924
3.97038
1.30277
1.4737
2.22637
1.70604
0.600723
0.896454
1.51175
2.73944
3.43362
1.85801
1.59628
2.05915
2.61733
0.996328
2.02371
0.842269
1.95921
1.95957
2.24179
1.09502
1.27067
2.72004
0.919735
1.87224
1.55745
3.18306
1.80912
2.47463
0.776584
2.07609
3.49415
2.0537
3.71591
1.80822
1.01012
2.88305
3.45332
1.53865
3.84805
3.46846
1.78888
2.57037
1.71949
2.92504
0.791811
3.00781
2.68857
2.43623
3.22243
1.08475
2.42609
0.843225
2.41898
1.36603
2.73613
2.69722
2.17744
2.48047
2.24939
1.80811
2.5527
2.3166
2.36183
2.75431
1.84715
2.5871
3.31101
3.34748
3.92577
1.23705
0.812452
1.49182
2.26478
1.50924
2.17039
2.62695
1.63259
2.11768
2.44219
3.02294
1.70174
0.999047
1.1887
1.22549
1.74946
1.57447
2.45169
1.88726
2.43168
1.53871
2.14799
1.84143
2.6108
2.20316
3.32872
2.37623
3.27818
3.09737
2.69311
2.24502
1.38421
1.41895
2.67248
0.840142
2.63395
2.95173
1.98829
2.48246
3.05924
1.42333
3.32623
2.1719
1.04783
2.85309
2.62658
2.64154
2.91059
2.51945
2.21889
2.11565
2.94072
2.11494
3.19731
2.73859
2.73968
2.64433
1.54988
2.63845
1.30935
2.55513
4.23866
2.7755
1.7451
1.7558
2.28326
2.47641
0.688739
3.06289
2.00893
1.30269
2.18526
1.96735
1.94832
2.33935
2.18849
1.83632
2.38694
1.68961
2.68819
1.51688
1.85407
3.19168
1.66462
3.04118
1.69622
1.00232
0.5121
1.72734
2.31698
2.34969
2.25275
1.33244
3.64426
2.29226
2.66264
2.52097
3.70345
2.47535
1.35174
2.47922
0.506693
2.1731
2.7338
1.27839
2.93455
2.55833
0.856876
1.52043
2.48119
1.07079
1.16011
1.1681
0.229739
1.92064
1.25629
0.714825
2.06376
2.66861
2.71228
1.85939
2.12107
1.5882
1.9673
2.99937
2.1435
1.68846
2.1958
3.52144
1.74578
1.83019
1.6957
1.90294
1.60906
3.00772
2.23653
2.72708
2.63444
2.28448
2.49827
2.34402
1.66374
1.74881
1.5246
3.59127
2.04364
2.63416
2.6575
2.21599
2.83524
2.46021
0.950331
1.95225
1.99164
2.67004
3.29653
2.1393
2.09644
2.92692
3.51821
2.4094
1.4196
3.43287
1.31934
2.80824
1.94822
3.67465
1.94579
1.94495
2.09934
2.60541
2.2161
3.05005
1.67517
0.746207
1.59225
2.69764
2.25696
2.56161
1.33045
2.35706
2.73459
2.60621
2.20548
1.09608
1.32689
1.35934
3.14336
2.81035
2.6057
4.06921
1.22963
1.77698
1.07232
2.65363
2.69787
2.76003
1.52011
1.22353
1.60048
2.52915
2.4096
1.2182
2.51606
0.349523
0.777277
1.44573
2.53688
0.929933
2.80577
1.85536
1.63162
2.36485
4.04149
3.75576
2.00653
2.38838
1.74536
1.80585
2.76001
2.06723
2.28423
2.77422
2.99736
1.38495
4.26424
4.28412
1.68212
2.31976
3.44661
1.50364
2.1425
1.31639
2.21264
2.73304
3.78134
2.93915
2.42619
1.25157
1.04766
1.35596
1.91579
1.76792
2.40193
2.27686
2.48981
1.97473
2.59386
3.70614
1.13373
1.57053
1.07404
0.892575
1.51147
1.32022
1.5275
3.08886
1.82353
3.05231
1.5604
1.34808
0.48914
2.26079
2.53677
2.34322
3.02378
1.47964
1.538
2.41518
1.5101
3.78756
2.7093
2.67794
3.05007
2.29006
1.35028
1.08083
2.0209
1.85079
3.39772
3.57579
2.74772
1.29032
2.99207
2.67335
2.62087
2.85789
3.24159
0.976563
2.10166
1.55442
1.999
0.641304
1.03849
2.26714
0.505086
3.02441
2.79957
2.09097
3.23426
0.877746
2.53968
1.65684
3.2789
1.48589
0.363631
1.02344
2.74297
2.0057
3.08477
2.5735
2.73897
2.72062
2.39582
1.70468
2.6889
2.07557
2.66368
1.148
2.13719
2.85554
2.81382
2.47441
2.80647
1.39773
0.679939
1.14354
3.58101
0.301239
2.5276
1.63351
1.5717
4.10704
3.52008
1.35185
3.2258
0.795795
3.92448
2.65872
1.33088
3.69999
2.4456
2.43667
1.86501
1.47411
2.65857
0.89548
1.87336
2.86188
2.71681
2.90178
2.47616
2.10069
2.69808
2.23321
1.55575
2.41242
1.625
2.74183
3.0094
1.41244
2.1593
2.37546
2.62414
2.55013
1.78014
2.74133
2.65404
1.28054
3.41073
3.56105
2.69723
1.94535
2.4367
1.07012
2.20789
1.98028
2.15508
0.383749
1.40771
2.55842
2.73264
2.34467
1.68439
1.41108
1.70683
1.52907
1.71372
3.03487
1.77064
2.83147
1.41374
3.59688
2.1851
1.46177
2.81455
2.64049
0.264504
1.64342
3.78462
1.52248
1.92448
3.07847
2.06086
2.77219
1.50364
2.83997
1.76485
2.47321
2.55848
3.26581
1.80061
2.72531
2.02537
0.802298
1.74931
2.4511
1.94768
2.15533
3.13544
0.0782767
1.24014
3.21676
3.12951
1.28657
3.35125
3.24934
0.442411
2.22789
2.15621
2.35187
2.28744
2.52067
2.51488
2.00976
2.65374
1.44259
1.49488
1.86008
1.40299
2.47448
2.18507
1.52183
2.00605
1.64191
2.66019
2.04024
1.13602
1.85118
2.40929
3.83039
1.16322
3.24209
3.56126
2.523
0.750075
2.42871
2.52202
2.19293
1.95842
1.38648
2.28905
3.54578
1.36706
1.58042
2.7916
2.507
0.263577
2.29886
3.3969
2.46062
1.29648
2.14989
0.590576
1.28112
1.07331
2.21242
2.2289
3.45704
2.89709
0.565077
2.06241
1.93726
2.07597
3.09418
2.32048
2.54225
1.48918
0.856554
1.95278
2.02317
2.64684
0.213399
1.69098
3.07472
2.15054
2.50463
1.36669
2.44451
2.5583
1.39459
1.94746
2.16732
1.66976
2.72283
2.0867
0.549559
1.43598
1.11265
1.58548
1.01259
2.86653
1.86748
3.15447
1.98602
1.78335
2.33345
3.97663
2.33122
2.90469
2.14639
2.68153
1.81842
1.31954
3.28792
3.07665
0.854583
1.58302
1.93357
3.15852
0.656503
1.27911
2.63618
1.65882
2.64618
2.01446
1.76836
1.92999
3.31145
3.17026
1.88545
1.80776
3.12889
2.49737
2.42382
2.70486
3.11982
2.48627
1.74727
2.41979
2.33825
2.17488
3.12965
3.5392
1.27268
2.21504
2.36264
3.82583
1.29175
1.30185
1.99536
1.84268
1.52252
2.71143
2.28805
1.88
3.06471
2.64314
1.77603
1.33058
3.02104
2.16124
2.40353
2.38353
2.17756
2.41424
1.98485
3.1314
1.12678
2.53065
3.03475
2.28592
2.28706
2.78921
2.21244
1.91446
0.995116
2.93232
2.40041
2.63261
1.88508
5.18798
3.50857
2.42963
2.16382
0.700553
1.81382
3.40584
1.92071
1.41666
2.88755
2.16714
2.72354
2.23904
2.87072
4.42417
2.54587
1.8307
3.16492
3.37048
2.17158
1.35874
2.29704
2.64649
2.42656
2.06364
2.92083
0.379909
1.97802
1.44915
1.9859
3.02714
2.40992
2.35545
2.01733
2.07163
1.8256
1.27716
2.52383
2.03684
2.44491
1.32936
2.0415
1.55835
1.12311
3.20917
2.37751
2.95808
2.95183
1.74686
3.73046
1.78492
0.986119
1.17859
2.46458
1.24352
1.83916
2.25519
1.83834
2.03635
3.25877
2.70332
1.24247
1.87708
2.20432
1.29048
1.4918
3.30745
1.83046
1.9653
3.7457
1.93594
2.43661
1.41468
2.18927
2.14206
2.42527
2.10768
2.30803
3.53788
2.33653
2.73024
1.85362
1.62327
2.49713
2.42305
1.99234
2.6643
1.59491
3.44125
0.682659
0.498674
2.46735
0.936624
2.52846
2.5437
1.67508
2.85076
3.22053
3.06244
2.30106
2.22612
3.20023
3.17271
1.86237
1.87059
1.37517
1.93388
1.48885
2.8629
1.83856
3.37533
2.82305
2.10142
2.07242
2.315
2.73842
2.84104
3.91665
1.09097
2.34561
-0.355322
2.10828
2.59841
2.53688
2.64607
0.999401
1.68387
3.11109
1.87421
3.3936
2.40024
1.30291
2.04409
2.1678
1.12451
1.95676
1.13909
2.88444
2.17135
2.00984
2.31183
2.40055
2.7493
0.665952
2.78788
2.97052
1.4683
2.44826
4.06223
1.70486
1.47543
3.28656
3.76594
1.1075
1.74639
1.957
2.57536
1.78123
1.49435
1.23882
2.20525
1.22156
2.41311
3.03281
1.04935
3.79608
1.3193
1.3245
1.96594
2.87249
3.00775
2.4376
2.5778
2.19397
0.753999
2.1982
2.61226
2.7947
1.92717
0.913662
2.89522
0.415972
2.74861
3.0942
1.06014
2.63527
2.40578
1.60385
0.514092
1.47532
1.91425
2.61512
3.25409
1.98727
1.6989
2.68187
2.26858
2.07684
1.94703
2.67771
2.0868
1.82567
3.2623
2.55245
1.02036
2.18686
2.45329
1.73626
1.94127
3.34211
3.64198
1.91008
3.15664
1.7372
3.37768
0.836818
2.81476
2.82847
1.45147
1.10991
1.77485
2.82612
1.94652
3.20327
2.31435
2.20763
2.20044
2.18131
1.93969
2.70716
2.38964
2.96936
2.29409
2.2296
0.908008
1.77934
1.15446
2.46871
1.69383
3.04488
2.45371
2.76966
3.66693
0.58409
1.54416
3.77693
2.56084
3.13846
3.6441
1.55953
0.843302
3.47336
3.69565
2.40727
2.45956
2.51521
2.51932
2.01997
3.55976
1.79135
2.94166
1.72431
2.46589
-0.193854
3.95865
1.40822
3.40063
1.93906
0.881238
1.5434
1.10053
2.04457
2.9721
3.73804
4.24853
1.58001
3.48516
3.62613
2.28047
2.49766
3.12049
3.58476
3.6095
1.18933
2.23153
1.75955
1.96432
3.22212
2.73894
1.81959
2.64499
2.66891
3.32201
0.675939
1.59633
2.71098
1.71577
1.49499
0.935268
2.14699
1.34356
1.617
2.16874
3.02539
1.57548
2.63941
3.41806
1.90505
2.4913
0.103781
2.72844
2.77447
1.20701
3.11468
3.46446
1.05424
1.50467
2.94548
2.85518
2.06349
3.06784
2.82861
1.25172
2.32466
2.66035
2.59722
2.48115
1.20737
2.379
2.78074
1.84154
-0.150598
0.911077
3.25294
4.01251
2.12692
1.07667
2.96057
2.34601
2.30993
2.11721
2.21127
2.67861
1.37291
2.27418
2.76779
3.01648
0.89261
3.19101
1.08401
0.581079
3.01715
2.91794
3.36433
1.99361
2.53156
2.30817
2.72923
2.03807
1.12344
2.12725
1.46722
1.93686
2.90823
2.32472
3.24779
2.29427
2.72911
0.872608
3.08651
2.37086
2.5431
0.649253
1.45321
3.89251
2.39187
2.21761
1.28693
2.49588
1.75106
1.28538
1.0593
3.07359
0.9167
3.05049
1.86979
3.68523
2.20015
1.31969
1.24916
3.72018
2.57062
1.9812
3.19148
1.90927
1.77125
0.91599
2.0671
1.76828
0.366484
2.11695
3.25143
2.79338
2.59516
1.95351
2.38969
2.73033
3.62356
1.35302
2.58741
2.63136
1.82108
3.76733
2.23415
2.32735
2.86037
3.24011
1.36725
2.67137
3.14899
1.13983
2.44658
1.01463
3.50527
2.13573
2.26168
0.637303
2.82324
3.30871
2.09339
3.09799
2.26729
2.41704
2.19386
2.26091
3.31459
1.55658
3.58347
1.77839
1.50095
2.04404
1.99186
3.27399
2.85587
1.6861
1.75841
0.778766
1.72598
2.29818
3.86254
2.85092
1.10008
2.80449
2.71241
-0.161115
2.57282
2.56849
3.63467
1.41711
3.6102
0.771018
3.31259
1.08349
1.97106
1.73656
2.18491
2.31457
1.49533
3.09377
1.82392
1.91438
2.41988
2.68773
1.08298
3.86871
2.84206
2.00862
1.83602
1.76688
2.11832
1.82419
1.55377
2.51013
0.745408
2.7611
2.66666
1.48912
2.90014
1.86477
2.77939
1.33384
2.79062
2.95694
1.99553
1.53161
3.11693
2.84037
1.27055
2.65899
2.64434
2.20639
3.69209
2.05493
1.59831
2.97755
1.09746
2.26033
1.30928
2.9236
1.49158
3.37444
1.42987
1.8217
1.36776
2.70263
1.44677
2.91906
1.02808
1.8494
3.75072
2.62023
2.97183
2.78502
1.91689
1.96584
3.04036
2.02471
2.71237
3.32268
3.22039
1.9955
1.5424
0.940588
0.838865
2.90965
0.744819
2.51359
2.0725
1.49397
1.49698
1.01257
1.14659
3.61447
1.74948
2.73897
2.01928
1.01232
2.77858
1.11583
2.21216
3.21976
3.23181
2.23146
0.612015
2.57466
2.7264
1.98132
1.94472
3.42702
2.18704
1.2036
3.43594
2.08041
3.17358
2.32081
2.60933
2.17417
3.5961
1.60979
1.50787
0.976211
2.16557
1.72156
4.21396
2.30285
3.11771
1.64303
0.284526
2.83921
1.02502
2.52755
2.35746
2.74827
1.83869
1.97778
2.54546
2.52295
1.54428
2.90682
3.21793
2.8017
1.53682
2.74595
1.65696
2.31625
2.80665
1.48888
1.64699
1.48911
2.09456
3.00265
3.01094
1.70282
2.75137
2.88936
1.90671
2.42055
1.54125
2.86017
2.08047
3.071
1.90561
3.08254
3.09137
2.85494
2.13763
2.88932
1.59692
1.92089
2.35252
2.56901
2.19241
2.83677
1.95651
2.49999
1.25476
2.0301
3.07511
1.06883
3.25323
1.53663
2.04976
0.392443
0.952748
1.6458
1.5671
3.55831
2.70371
1.51258
4.14779
2.58434
2.08032
1.12719
2.34106
1.01155
3.2721
2.02365
2.33985
2.79127
2.68839
3.56791
1.17883
2.14717
2.06014
1.49912
1.65696
1.65144
0.446508
2.83835
1.14023
2.92235
1.11144
3.54333
2.26104
1.21016
1.15099
1.87015
2.04475
1.66046
2.71246
1.85703
1.47699
2.46123
3.18271
1.60075
3.53342
2.66444
1.83511
2.04809
1.60839
2.91095
2.62167
1.11313
1.6264
1.35883
2.7346
1.12697
3.15977
1.19491
1.13744
1.48689
2.62492
3.32854
1.44492
2.23725
3.00626
2.23138
2.30676
2.54335
1.59338
2.09623
3.26407
2.25136
2.41785
2.77516
1.74716
1.87722
2.32069
2.01168
3.69065
3.03599
4.53703
1.64411
2.70113
2.68091
2.85687
1.66472
2.82972
2.44296
3.46656
2.31862
2.82752
2.38765
1.63039
1.63879
2.33833
2.39729
2.16222
0.919791
2.03471
2.50357
2.21205
1.71814
2.40728
2.48574
2.99661
2.28463
2.92015
1.71986
1.75472
2.81308
2.26104
2.49175
3.01723
-0.463131
0.79262
2.42837
1.23797
2.05436
1.83585
2.10777
1.74581
2.71779
1.84611
2.05777
1.37466
2.8417
3.84035
2.53946
2.45652
2.15895
2.75946
2.62592
4.20428
1.53426
2.13838
3.21701
3.14775
2.36939
2.62243
2.36312
2.02009
1.83047
1.87003
3.39079
3.31247
1.46075
2.2109
2.81731
2.86354
2.72532
1.072
3.21477
1.92919
3.21543
3.0191
1.44304
-0.538386
2.06862
3.02457
1.22424
2.03812
2.4607
2.62455
2.57856
1.86036
2.72351
2.35923
3.69189
2.32117
2.39298
2.15629
1.44256
3.01234
0.477945
1.89423
2.09998
3.3399
1.37674
2.58013
1.49967
3.39574
2.45624
2.50744
2.72864
1.69995
3.06585
1.30147
0.900356
2.32405
1.27497
3.47142
1.18914
2.30642
2.31054
3.03977
2.4215
3.44308
3.25596
1.92336
1.62772
2.75083
2.7697
3.10337
2.51134
4.42093
1.7648
1.52424
3.59304
2.99229
2.00166
2.45455
3.47535
3.15417
1.3943
1.8748
3.06639
3.16051
2.66845
3.10352
2.63435
3.21107
1.56272
2.57447
1.85508
1.72793
1.67377
3.07547
1.36766
2.0743
2.13923
3.69521
2.13793
1.5145
1.54559
2.03416
3.207
3.5053
2.34067
2.28633
2.33991
1.96853
2.99808
2.31977
1.50105
2.2219
2.26276
2.01073
2.27052
3.65854
2.65538
1.43114
3.04413
2.37152
2.20347
1.81509
0.827178
1.25222
2.09886
1.46673
2.13063
3.29951
2.23237
0.579732
2.28116
1.9939
4.19217
2.18232
1.82513
1.55302
3.03576
3.60526
2.86696
2.89144
1.84852
1.8266
2.63067
1.79179
3.27665
1.86359
2.74182
2.85428
2.88938
1.8452
2.75646
0.453728
3.16657
1.99195
1.68352
0.9795
1.73751
2.51197
2.93055
3.05067
1.47144
1.6641
2.21463
2.05368
2.98233
2.64051
1.69108
4.20038
3.22059
2.51672
2.40269
4.69004
2.55908
2.63482
3.54088
2.11338
1.66205
2.83681
3.29291
1.69019
1.72168
2.65055
2.67685
2.67729
1.59502
2.12242
2.85381
3.5893
3.10821
1.90972
1.93948
1.6415
1.29038
0.188889
2.01531
2.42897
1.70482
1.07713
1.59154
0.231878
2.20855
2.25114
2.59784
2.23572
3.14818
2.90045
2.46574
2.55026
1.78905
2.06276
3.49785
3.72212
2.55473
2.10617
1.86986
2.42393
1.93177
3.82458
1.93969
2.75562
2.69379
1.37313
2.17804
1.43427
0.589673
1.94396
3.08773
0.764506
2.91196
2.2312
1.34372
2.10908
1.58254
2.57572
2.0986
1.72837
1.11614
2.24158
2.9245
2.08794
2.28756
0.688242
2.79615
3.00161
1.40826
3.3123
2.45534
3.92442
3.38947
3.26708
1.60908
1.59997
1.67591
2.41851
1.9639
1.98953
1.96207
3.18602
0.993624
2.00519
1.26049
3.72539
3.57986
2.42283
1.11849
1.27545
2.13593
1.3687
1.87869
2.45205
1.35763
1.5407
1.94179
1.20656
2.60962
3.17561
2.20184
2.15212
3.11412
1.58427
1.31954
1.99982
1.56053
1.76657
3.26604
2.74205
0.929594
3.03913
2.83125
1.17393
3.33955
3.13765
3.7816
1.16806
2.63894
2.30134
1.55349
2.02777
1.6382
0.501373
2.26837
1.62306
2.53338
2.68565
1.68814
1.54456
2.78087
2.23194
1.39718
1.67268
2.5557
2.08966
1.66124
1.17625
1.78479
2.91405
3.13526
1.13943
1.51
3.14622
2.21739
1.8803
1.30157
3.17582
3.13323
2.5454
1.38733
1.66697
1.94697
3.04073
2.23962
2.55297
0.842993
0.75628
0.807536
1.8515
2.46943
1.60253
0.234945
1.99548
2.68707
3.13313
1.74258
1.94792
1.94757
3.03458
3.44908
1.69322
2.91789
3.2467
2.81836
0.117902
1.50247
2.84092
1.75642
2.67553
1.49898
3.67899
2.90176
3.21087
2.97048
2.51704
2.23352
1.95109
3.43352
2.11805
3.15278
3.01389
1.84259
1.74233
1.80475
2.78793
3.00611
1.16343
1.44694
1.69771
3.54803
2.42127
3.43534
3.35862
1.68659
3.35066
1.78943
3.11582
2.95746
1.7329
2.45803
1.55235
2.49613
1.497
1.61403
1.15682
4.41356
2.23556
2.18126
2.23547
1.77614
1.52666
0.888563
2.78255
2.01149
2.90874
2.78528
2.39741
2.58177
2.14953
2.0991
3.04123
2.02917
2.03933
0.0892596
2.12012
1.70344
3.73203
2.52493
1.33924
1.57377
2.76697
0.795574
1.53274
3.36066
1.76306
0.896278
0.913077
2.3929
1.62994
3.06955
2.38116
2.04381
0.749181
2.71498
1.75361
2.13006
2.77488
2.93318
2.43664
0.826537
2.9327
3.57874
3.26788
3.07751
1.82285
1.5886
0.812458
1.64617
2.97412
2.59125
1.09826
2.77822
2.74209
2.10458
2.78305
1.82619
1.05253
1.48368
1.57316
1.05085
2.28969
2.24375
3.80458
1.67766
2.73043
2.99118
2.23431
3.75448
1.32664
3.49856
1.8324
1.75622
1.80965
1.19584
3.31521
3.00392
2.42607
3.55449
2.0643
2.51979
2.48593
3.32696
0.688136
2.93346
2.67798
2.74883
0.309507
3.26292
1.61566
2.50723
2.72918
1.36096
3.15322
1.23298
1.7973
3.8321
4.02252
1.44479
2.58121
2.45723
1.38808
1.50849
1.19253
1.83382
1.71854
2.37498
3.17222
1.44552
1.53962
0.423516
3.43226
2.41535
2.53053
1.16909
2.02642
1.25511
2.61522
0.859477
2.79354
1.6255
2.10736
2.21046
1.00095
2.82003
2.18437
0.679663
2.26782
1.52729
1.57752
1.52172
0.925396
2.3793
3.52884
2.87315
2.12589
2.22945
1.52161
1.73417
2.3766
2.6335
2.26332
2.72238
2.0337
0.793452
3.00245
2.72799
3.94467
3.10639
1.57843
3.10803
2.57762
2.22441
1.05789
1.89272
0.797934
1.96949
0.398729
2.72725
1.67952
1.64379
2.34425
2.66617
2.66852
2.32189
1.54132
2.43239
2.27612
2.05334
2.644
2.46905
2.66851
2.12942
1.22996
2.10934
2.55098
1.30738
1.68779
2.22246
1.99094
2.40665
3.01215
2.39562
2.75015
1.6001
1.31347
0.752764
1.51451
3.76176
0.261836
2.25864
2.43328
1.4798
1.73259
2.87553
1.37293
0.719482
2.57022
3.09349
1.49528
3.07661
1.40834
3.94185
3.47125
1.66756
2.44019
1.4996
2.02709
1.75085
1.62884
1.23732
1.62055
1.87734
1.0817
1.98836
1.48765
3.02308
3.68616
2.26901
2.50931
2.53132
0.909609
1.77013
1.80168
1.66744
3.39642
1.85866
2.0606
1.15293
1.78608
2.55594
2.22666
2.34484
1.90725
2.47005
2.05708
1.61468
2.45438
2.50913
2.1771
2.1348
2.15808
2.492
1.49559
2.02316
0.656681
3.65703
1.40443
2.54662
2.26447
1.72532
2.92576
2.31295
2.46462
1.33621
1.89544
2.02629
3.51657
3.1496
2.28084
2.05477
0.91306
3.48186
2.7072
1.23216
2.05915
1.65182
0.91379
1.82604
2.84067
0.532385
1.76407
3.60467
2.05627
2.34824
1.59302
1.5701
1.28003
0.951294
2.13472
1.23224
3.08305
1.95669
2.30382
1.6442
2.10566
1.41553
2.65212
0.892992
2.11934
0.848459
2.26942
1.39828
1.58077
3.18492
2.52716
1.85854
2.65778
1.95571
2.03629
1.73404
2.85395
1.95153
1.94818
2.1867
1.82935
1.68398
1.84618
2.36055
1.95121
3.28149
3.04429
2.81227
2.00647
2.16283
1.8456
2.46679
1.82474
2.63696
3.06678
2.50754
2.29812
3.14373
2.48315
0.82849
1.80433
2.52101
1.01127
3.01776
2.06422
2.051
2.45981
1.7755
0.49047
1.54308
2.85049
2.75185
2.70876
3.36418
2.98926
3.0672
3.13783
1.33402
1.93406
2.79194
2.05552
1.47651
2.20966
2.79873
2.60527
2.53848
1.63219
3.08796
3.1281
1.837
1.57846
2.43676
3.45689
1.75955
2.45729
1.4888
0.9288
2.23174
2.89081
1.41128
3.24592
2.71557
2.21673
1.81988
2.03628
1.39394
1.17609
1.98715
3.03242
3.26849
2.8941
2.81914
2.55042
1.94056
3.2171
1.59823
3.4833
2.30679
1.53454
2.36981
3.1984
3.37206
1.53001
2.14462
2.16684
2.01671
2.87592
0.741945
1.56696
1.38343
2.06793
1.61266
0.0397762
2.22199
2.93899
1.65213
1.45543
2.68897
2.9088
2.4839
1.66858
2.66005
3.21543
1.89289
1.64503
2.79775
1.91841
1.37572
4.79689
4.36908
2.78065
1.07024
2.65021
3.00835
3.1553
2.33312
3.03091
2.57161
2.23475
2.27937
2.75564
2.70756
2.24456
1.19201
0.818105
1.99394
2.52245
1.50833
2.05233
1.10398
1.03125
2.16326
2.41227
1.53964
2.32675
1.66493
2.35487
2.93743
2.03998
2.16835
2.59004
1.69472
1.56872
2.21008
2.10981
4.30676
1.73907
3.31602
2.47464
3.01864
1.79693
2.34706
2.04421
2.40001
2.98536
0.788272
1.33195
3.14879
1.90948
2.92372
0.845737
2.52468
1.01453
1.67538
2.90218
2.27089
2.3023
0.630893
2.34598
3.10751
2.63119
1.10921
1.61761
3.06413
2.28891
2.45661
3.49033
2.78553
2.42307
2.53939
2.27279
1.51734
1.66269
0.54499
3.0326
3.31624
4.40572
2.37577
3.6508
2.49573
2.77232
2.34453
1.46524
1.7535
2.80615
0.609601
3.62014
3.27472
0.956878
1.86513
2.23104
2.69531
1.60616
2.70189
3.51985
2.26503
2.73281
2.34389
2.42316
2.34669
2.06042
2.06203
2.39505
2.70008
2.2313
1.61739
2.18785
2.47414
2.46442
2.94252
2.50935
1.72641
0.381638
3.65196
1.82525
3.14178
1.30755
2.19023
2.31845
1.51656
2.57654
1.15344
2.62282
3.66475
0.897438
2.26575
2.65653
2.33569
0.874105
1.76755
3.32449
0.908384
3.72638
1.47429
3.32991
2.04604
0.230044
2.67892
2.12541
0.828781
2.56469
2.39215
0.509697
2.13017
3.47323
0.85056
2.85439
2.58469
2.13151
1.97693
2.38675
3.53633
1.79432
1.95596
3.40377
3.28962
2.64312
3.35455
1.64587
1.09422
2.23774
3.34054
1.7881
2.33981
2.34775
2.70644
2.3932
1.97771
2.53993
3.15346
1.70681
1.75948
1.33949
2.09907
1.59528
2.73591
1.77831
2.11835
3.57053
1.5309
1.72579
3.513
1.9552
1.94677
1.85047
1.41673
2.25068
1.54049
1.9208
1.86822
2.72112
1.50755
1.78633
1.72658
2.09768
1.17623
2.26701
1.03015
0.912271
2.9411
1.92549
2.68056
2.02325
2.54626
2.07739
0.822305
1.10315
1.00594
2.23312
1.39104
3.74673
4.0445
2.52794
2.34745
2.82068
1.95625
3.30787
3.48339
0.873576
1.16722
2.5055
2.64341
1.59556
3.18374
1.45166
0.566222
2.77643
1.26338
1.31127
1.78079
3.252
3.5994
2.38193
0.933696
1.78676
2.2191
2.59745
-0.180838
2.58392
2.4947
2.91003
2.44555
2.9575
2.31104
2.88029
1.35981
2.92841
1.72869
1.25591
4.11788
2.20856
3.04152
2.46874
1.41471
3.1083
1.69019
2.78429
1.91584
2.2849
1.64332
2.22098
1.32037
0.84911
2.15178
1.51257
2.10685
2.22351
1.77578
1.177
0.964926
2.10881
4.2353
1.97629
0.978406
1.98173
2.17427
2.03932
1.89522
2.3287
3.0987
1.70245
2.40044
2.04203
3.66894
2.87068
2.73052
2.14867
0.821556
0.915773
2.9455
2.28475
2.11278
2.94615
1.48831
1.44878
2.35758
3.10925
1.45889
2.26837
2.12743
3.20127
3.67534
3.72882
4.00667
2.48881
1.45857
1.20405
1.83073
1.54616
2.26296
1.70775
1.99543
1.34169
3.09893
3.75455
1.84423
2.68126
3.02376
2.75419
1.82013
2.99114
2.87028
1.83086
1.31871
1.05163
3.15211
3.92116
-0.268133
1.2416
1.90817
1.54191
1.8466
2.06206
1.95258
1.99518
1.50614
2.46747
2.12482
4.63531
2.94446
2.77289
2.23555
2.76646
2.58186
-0.484516
2.5577
1.27059
2.57471
2.46319
1.20896
1.45049
2.32336
2.3971
1.91525
2.14609
2.49309
1.06892
1.40722
2.44876
4.39414
3.10312
2.80838
3.11582
2.24616
2.16146
2.9581
1.20718
2.21501
1.96392
2.6407
2.47109
2.05507
2.66768
2.57982
2.12136
2.34477
2.54336
1.86049
2.8195
2.83194
0.976582
2.63899
2.81797
2.01864
2.09235
1.02174
2.46607
2.88346
1.71876
1.98945
1.60446
1.16808
2.64515
2.1357
3.23139
2.53366
2.00016
2.41972
2.51017
2.08093
2.58668
1.56401
2.46195
1.94983
2.0056
2.85989
0.893648
1.48071
4.25631
2.34476
2.15166
1.49609
2.25767
2.40867
1.82646
1.81012
2.60788
2.45451
3.01789
2.51499
1.27433
1.23677
2.67173
3.33226
3.42929
3.70601
2.42301
2.21719
2.39672
4.06484
3.57023
2.19898
2.07609
2.28729
2.74749
2.00217
2.30388
2.68238
3.18063
2.72703
1.36984
1.32049
1.48643
1.0747
2.52881
1.96018
2.71917
4.30169
3.19605
2.39493
2.31157
1.57067
2.73504
1.37121
1.04552
3.12627
1.83901
2.02264
1.87797
2.34614
3.5484
2.48004
0.749622
2.97958
3.3045
1.11605
3.24417
2.95449
1.82648
1.90638
3.49941
2.08998
2.07268
2.47723
0.951091
2.50713
2.71978
3.50627
2.34998
2.3923
1.03994
2.56233
1.49518
1.44213
2.01494
3.2907
0.386516
2.54671
1.49749
3.36959
2.85883
1.14773
1.91347
1.67525
1.77129
3.06309
2.68279
1.83287
2.00913
2.10797
2.20471
2.13569
2.61438
2.72558
2.11337
3.63719
0.967
0.279568
2.18473
1.73152
3.40787
3.69384
2.64679
3.00903
0.765486
2.50937
2.56442
2.18145
1.60176
3.27139
1.05787
1.12162
1.66935
3.42058
3.8191
2.55291
1.98768
1.429
1.37993
2.40764
1.82963
3.60287
1.90228
2.71316
1.58157
2.30291
1.7776
1.34441
2.18789
3.06698
1.5989
2.80494
2.42473
2.08643
2.04685
3.29152
3.03903
1.83203
2.47179
0.92584
0.522821
2.88877
3.46582
3.221
1.28653
2.12009
0.630263
2.11071
1.77914
0.987759
1.70995
2.87205
0.671671
2.21136
2.89402
-0.641031
1.96512
1.04625
2.6189
3.04623
2.39937
0.987923
1.87673
1.81529
1.98965
0.94634
2.07064
1.49335
1.8017
2.54678
1.38949
3.24873
1.93205
2.25894
3.75491
3.19594
2.33784
1.46889
1.2653
1.99006
2.46764
1.44258
2.36666
2.37062
1.2421
1.22187
2.57095
2.32201
1.85625
2.63355
3.55676
2.0207
2.27542
2.40381
2.06435
0.143498
2.95505
2.50794
2.38885
1.57838
2.7601
2.16221
3.62879
3.46376
3.34129
2.61066
1.42501
2.46506
2.3495
1.53075
1.13153
2.1923
2.67023
2.02968
2.49137
2.05253
1.99511
3.4774
1.98706
1.95413
2.31426
2.61171
0.783101
1.77438
1.40239
3.15696
2.34123
2.97481
3.29275
1.09342
2.14607
2.981
3.12228
1.69213
2.02714
2.80402
2.3843
2.4816
4.3049
2.0652
3.39321
2.15496
1.48134
3.17602
2.0788
2.23376
2.09614
1.5689
3.05372
1.83045
2.98689
2.41874
1.45043
2.64814
1.19578
0.660772
1.94788
2.39517
2.14434
0.896067
2.41581
2.60716
2.47345
1.57086
1.78455
2.21168
0.57843
0.814126
1.47358
2.52941
2.96534
1.94419
1.76146
2.05012
2.20175
3.345
0.959709
2.29261
0.756443
0.926215
3.19205
1.64136
1.848
2.59655
1.80327
2.05141
2.82053
2.86958
2.54596
1.64148
1.26425
2.23455
2.55393
1.1103
2.20144
1.99615
1.6527
0.755161
1.79884
0.963823
3.46287
2.87182
2.44443
1.80004
1.96043
1.91479
2.54204
3.23954
1.92691
2.01811
1.94476
1.29711
1.36743
3.21315
1.97187
2.76254
1.06241
1.70777
1.62918
2.32301
1.16472
2.44436
2.69921
2.55777
1.69675
1.51314
2.84561
1.84354
2.20402
3.27038
2.14796
1.23826
0.652246
2.6874
1.01899
2.6937
1.53597
2.67189
1.99542
2.50619
1.49769
2.25323
3.22024
2.14638
1.73965
1.81888
0.675033
2.77954
2.72067
3.75576
2.62048
0.974161
1.60743
2.61604
2.69323
2.27055
1.57116
2.19895
1.94131
2.09714
1.94494
2.48469
1.72515
1.66158
3.05788
1.60731
2.64744
2.15523
2.17373
2.33348
2.63323
2.60492
2.03695
0.662418
2.93274
4.06589
1.81053
1.90668
0.50229
2.89677
2.59773
1.34527
1.79507
1.49488
3.1431
1.9315
2.02446
1.60119
2.19567
1.01798
3.39635
2.13164
2.50044
2.81659
3.0074
3.16755
1.51924
2.74535
1.74505
2.51859
2.95385
2.55689
2.99248
1.52986
1.02889
2.63739
2.67678
0.893459
1.94711
3.05962
3.97047
4.13001
2.35684
2.23999
2.59001
2.67415
3.11579
2.06514
1.00819
3.61451
1.56354
0.78947
1.21527
1.11641
1.90893
1.6395
2.56276
2.72151
0.533706
1.91347
4.16008
1.61964
1.7796
1.09526
2.44195
1.8312
2.70714
1.32863
1.63601
1.86976
2.1542
1.8028
1.23335
2.14671
1.38315
1.6771
2.05351
1.63902
3.01303
3.26733
2.16565
2.03054
1.97604
1.71034
2.09162
2.20959
2.84414
0.899909
2.90787
0.783022
2.50854
2.78844
1.5272
2.1604
3.01804
1.71687
2.71292
1.45061
1.70075
2.61946
3.76889
1.1161
2.2251
1.70144
2.60933
2.19272
0.708158
2.68652
2.25729
2.67507
1.34194
2.22528
3.33261
1.84807
1.42441
2.49692
0.806144
1.45678
2.65667
1.82764
1.3343
3.70199
1.51604
3.43749
2.2055
1.8982
3.01708
3.47987
3.46603
2.00297
0.440649
1.13676
1.88801
2.65826
2.10308
2.81628
2.7124
3.28995
2.26799
1.66938
2.0247
3.29521
0.863779
2.10617
2.98664
2.48845
2.25039
2.22391
1.90146
1.90193
2.34314
1.61413
2.23194
2.31467
0.292671
2.94559
3.09634
1.21358
2.02455
3.58016
2.37719
2.52401
1.30968
1.49139
1.47579
1.11829
1.40444
3.25996
3.54134
3.11371
2.35026
2.16685
3.01483
2.54861
3.07702
2.53775
1.59471
2.61077
1.99268
2.23336
2.43355
0.704192
1.94223
1.48661
2.64446
0.580547
2.90374
1.8362
2.37793
2.46884
1.9205
2.87209
2.15855
1.12341
-0.274808
2.80384
1.82177
0.878817
0.891105
1.13536
3.47357
1.41604
3.29594
1.15872
2.91633
2.09169
3.64018
2.34243
2.00963
2.27614
0.133512
2.19695
0.836282
2.47271
1.59704
1.24077
3.12355
2.50792
1.4725
3.56569
3.27215
1.9975
2.56958
2.61803
2.00714
1.71812
1.14283
1.91724
-0.021169
1.57989
1.09436
2.96284
2.76298
3.56997
1.874
2.42125
2.15993
1.90178
3.23138
3.2812
1.22436
1.58262
1.82634
1.29342
1.03884
2.79509
1.71474
0.597317
1.03576
1.39625
3.24541
2.58333
1.04929
3.51222
1.55663
1.11745
1.98465
0.888527
2.92061
1.75841
3.62575
2.19958
2.17297
1.07419
3.48467
2.45933
2.9968
2.63083
1.48147
2.01911
1.79045
1.67833
2.94417
2.59802
2.87654
1.99913
1.82503
1.33604
3.20483
3.30349
2.81224
3.75532
1.39168
1.44686
1.52714
3.29722
2.20926
0.849352
2.39133
2.65665
3.49099
2.77323
2.39632
2.7052
1.60983
1.49218
1.5383
1.75575
2.80243
3.36265
1.72479
1.20182
1.78539
1.22245
2.57047
2.10527
2.10637
1.9504
2.34782
1.31687
3.51687
2.4077
2.78081
1.62389
3.24714
1.45323
2.18771
1.46737
2.68311
2.15007
1.39354
1.87426
1.32747
2.47136
1.02972
2.14953
3.49602
1.88424
3.161
0.949033
1.93556
4.02626
2.5881
0.988688
0.789604
2.22122
2.63805
2.72299
2.6354
1.09925
1.45974
3.23151
2.81369
-0.197967
1.17031
2.64961
1.55201
1.97973
2.73951
2.06242
1.80752
2.21808
2.18052
2.88991
3.14732
3.49163
1.58712
1.22395
3.16235
1.34145
2.82697
1.01553
2.94622
2.3491
1.70461
2.08022
2.66875
2.22811
1.83904
2.61575
2.32782
2.91272
2.34616
3.71682
1.47469
1.3836
2.40716
3.19109
0.908639
2.47022
0.638641
3.30712
3.15298
2.03862
2.90185
2.45109
1.47332
2.42994
1.72798
3.0226
2.2257
2.93678
2.78906
2.19099
2.83437
2.81809
1.45989
2.19587
3.35408
0.449957
2.88618
2.51175
3.51215
2.7835
2.73575
0.311046
1.88073
1.33307
1.67638
2.84817
0.790104
-0.0137508
2.36883
2.07568
3.53313
1.62705
2.74848
2.31944
2.62423
1.45994
1.99854
3.55264
2.76713
1.3279
3.0651
1.79554
1.83037
1.93065
2.33054
1.03403
2.62056
2.53494
3.07796
3.29419
2.24709
0.922606
0.370711
2.78858
1.36938
2.96878
1.10805
1.31173
2.3986
3.2077
2.53326
2.37252
3.0344
2.1889
3.09771
2.3717
2.27815
3.3575
3.06037
1.66794
1.56119
3.27134
2.67058
2.94766
1.84334
4.26872
1.96418
2.16379
2.43101
2.01623
3.02067
0.848072
3.575
2.02035
2.21345
2.72875
3.24504
2.29078
1.91561
1.4363
2.4156
1.04886
3.02549
2.1194
2.10028
3.08128
3.66946
1.54353
1.3799
1.32617
1.75073
3.07014
2.20382
2.80931
1.68206
0.338155
1.3229
2.29717
1.12115
1.59628
1.88522
3.2494
2.37361
2.14012
1.56674
1.63989
1.18831
2.26658
1.96768
3.04646
2.56112
0.805329
2.50428
2.03624
2.64304
2.66582
1.00237
1.4366
1.41872
1.59134
2.22327
2.94596
2.94474
1.41442
2.91003
2.69909
1.24853
1.90141
0.447388
1.21317
2.26535
2.04086
3.39486
2.58792
2.71064
1.79847
2.95717
3.91189
2.01807
1.98689
2.56023
2.57234
2.91541
2.21474
2.65032
2.51773
3.83284
1.5879
1.91264
2.93297
2.79391
1.93351
3.49477
2.49494
1.54104
2.84101
1.23918
3.50873
2.33887
2.69661
2.75196
2.94797
1.73444
1.99318
2.81647
1.32934
3.10073
2.86251
1.85507
2.55831
3.90015
3.83337
1.94869
3.10888
1.6881
1.45944
1.31397
3.02594
1.67823
2.21137
1.62589
2.61948
1.55779
2.51822
2.58523
1.97382
2.41072
3.81687
2.93772
2.43533
2.72072
1.9106
1.90386
1.98727
2.80962
1.89515
2.50314
2.71799
3.51493
1.92778
0.954168
2.49042
2.31066
1.70221
2.0671
1.27553
2.25029
2.37063
0.481894
2.4134
2.85408
1.82622
1.60041
2.68673
2.0378
3.60493
3.75062
1.76165
2.20732
1.84467
1.94144
4.23989
2.86738
0.663544
0.953338
2.21866
1.5641
1.40393
1.95675
2.11399
3.00247
2.59929
1.9187
3.03683
2.76107
3.38323
2.3848
0.84632
2.30667
3.27751
0.979507
2.51664
1.37695
1.55424
0.9114
2.38485
3.64458
1.97934
1.69079
2.19882
2.13089
2.45296
1.44527
3.70745
2.61556
2.47748
2.26667
3.61644
3.96023
2.3818
3.31467
2.30893
2.34506
1.74474
1.69947
2.75554
1.88582
1.28316
2.6833
1.50283
1.92989
1.23365
0.834001
2.5993
1.05741
2.26907
1.69036
2.5881
1.36421
1.40949
2.2765
2.12375
2.49982
0.734005
2.81445
2.16075
3.54498
2.64569
0.386019
2.94245
2.06881
1.52981
1.82213
3.56529
2.9972
2.80617
2.3916
1.3896
3.46686
1.98378
2.51863
2.92931
1.73968
2.87357
3.10246
3.18987
1.38771
1.42317
1.63381
2.96765
3.58711
1.40667
2.82973
1.59047
2.6266
2.98008
3.27641
1.95857
3.00766
2.0034
2.44726
2.18882
3.16441
1.4724
2.44303
1.4671
2.94455
1.86773
1.7019
2.815
2.33959
1.52181
3.18668
0.853489
2.72118
2.1695
1.89528
2.83416
3.0293
1.62197
0.642244
2.25929
4.14655
1.59483
2.75148
3.0644
1.87231
1.74225
2.35362
0.826458
3.49875
1.7969
1.02052
3.32376
1.16024
1.18941
1.21612
3.91031
2.58003
1.43612
3.51185
0.721952
2.62309
3.31865
2.62345
1.87949
1.99457
1.4583
1.28677
1.91133
3.05813
2.05545
2.87081
1.85655
1.85804
1.63213
2.75198
1.94907
1.77731
2.11239
1.2738
3.13737
1.19751
2.20176
2.33768
3.81096
3.658
2.10012
2.21686
1.81192
1.19766
1.40609
1.61397
1.97837
4.06098
2.16023
1.38838
2.91163
3.25727
0.312152
1.78268
1.96876
1.95403
2.00231
2.59701
1.81546
1.31082
3.25811
3.26191
1.1671
1.79407
0.84737
1.66133
2.63313
1.42094
2.9346
1.90556
1.49544
1.50386
1.2626
2.87927
2.9601
0.985651
1.94176
2.51632
2.47564
1.92085
1.59692
1.58923
2.95987
2.26687
2.52998
3.82345
2.25028
1.97106
2.41991
0.816406
1.68394
3.40862
3.03883
1.37358
2.19679
2.19658
0.95325
2.17855
2.66965
1.42738
2.52045
1.49802
1.92053
1.89588
2.22038
2.02443
1.16978
2.24008
2.37882
2.17985
2.28326
0.359839
2.35837
2.11814
3.53691
2.23753
2.74431
3.83263
1.81215
1.93646
2.20757
0.237096
1.88979
2.35685
4.06409
1.89987
2.04008
2.43406
1.62008
1.92444
2.53502
2.38263
2.07742
2.23838
1.55258
2.27483
2.77718
2.46926
1.10261
2.74277
0.624195
3.27433
2.23655
1.72278
2.25804
3.1521
3.06212
2.61948
1.36986
2.40322
3.02237
3.17961
2.86434
2.6789
2.93522
2.48297
1.26933
1.53799
4.07659
2.94721
2.36576
2.09799
1.4938
1.33286
2.82262
1.51493
4.05637
2.02335
3.0715
2.12877
2.852
2.72408
0.806936
1.45786
2.94273
2.01865
2.12459
2.86843
2.47969
3.45765
1.63993
1.51642
2.55266
1.52115
1.89879
2.66704
3.70556
2.35293
1.26815
2.78354
1.41653
2.85807
3.22034
3.68017
2.21144
1.42571
2.67964
0.559244
1.88704
2.25233
2.24265
2.17024
1.89543
2.7685
1.34213
2.4153
3.50035
1.39244
3.82982
2.34984
1.36552
2.62692
1.88975
1.7365
3.26695
1.14962
1.50913
3.36805
2.25609
1.39442
2.25923
2.62505
2.32614
1.36623
2.97267
3.31663
1.79839
2.33777
0.180378
2.77427
0.503578
2.74893
0.493205
1.43595
1.938
2.63873
2.02232
1.62497
3.37578
1.04008
2.76805
2.56397
1.97804
3.63468
2.66994
2.07395
1.98603
1.49634
1.48808
3.48656
3.05374
2.49811
1.24634
2.40256
2.52752
2.38482
1.78309
1.55559
2.08622
0.758301
2.2348
1.28767
2.57194
2.48142
1.74012
2.19813
1.73813
1.51397
1.54485
2.77341
2.62493
2.66755
2.57598
3.05087
3.15882
1.70501
3.11002
1.73071
2.56673
1.65106
1.72222
4.65765
2.13575
2.21231
1.25067
1.90307
2.51659
2.03624
3.16117
1.58306
2.19905
2.57685
1.12628
0.255515
1.82302
1.80165
1.09283
1.52926
2.3987
0.551688
2.4758
-0.322448
2.99539
2.55045
3.05318
3.30317
1.66374
1.10372
3.02265
3.22845
3.70829
3.09611
0.605663
1.86504
0.808615
3.67006
2.62933
1.43323
1.82444
2.23744
1.50243
2.13522
3.41718
3.16735
2.3408
1.86699
3.6326
2.07945
3.54671
1.83732
2.25303
3.00518
3.89931
3.30514
3.15757
1.83288
1.98404
1.51278
2.40677
3.82036
0.849117
1.32529
0.888409
2.77438
3.15405
3.07444
1.70089
1.63203
2.12251
1.34879
2.82435
2.2398
1.37205
3.54269
3.85599
2.08103
0.947935
2.44884
1.1292
2.57901
3.1233
2.77215
2.30135
1.76195
2.16624
0.228226
2.62951
0.343547
2.29893
1.41978
1.36893
1.70999
3.2082
1.07517
2.41423
2.12664
3.10447
1.17648
2.83853
3.03513
2.21357
2.65511
2.59299
1.59436
3.24252
2.87981
1.98437
3.00635
3.23358
3.05947
1.60391
1.00345
2.76224
1.35788
2.32587
2.80473
1.24015
2.54268
2.83637
2.80054
1.94582
3.6326
2.0118
1.67393
0.750834
2.878
2.01606
3.65506
2.83665
1.28524
3.15682
3.66811
2.11917
1.00589
1.39751
1.40154
1.86906
2.87269
2.06983
2.20239
3.09211
2.5714
2.17745
2.71583
2.72763
2.28933
3.56335
2.30704
0.390444
1.95006
2.59043
1.97002
0.748155
0.419664
1.25236
1.25667
2.22832
1.21252
2.53628
1.15238
3.02335
1.06081
1.52193
2.40845
2.62133
1.58974
3.42303
1.75753
1.999
3.64871
3.0872
2.44171
1.80324
1.27431
3.54988
3.32807
1.75411
2.56771
3.89837
1.62462
2.44965
3.4043
3.73218
1.40486
2.36291
5.02963
2.17928
2.16396
0.946122
0.202119
2.54811
1.26539
0.940267
2.58431
2.37691
1.59568
2.73701
1.6737
2.28973
1.93889
0.576287
2.66308
2.98085
0.83767
2.48679
1.39947
3.43336
3.55486
2.80254
1.35739
0.95495
0.362371
1.71952
1.20628
3.48645
3.10838
2.91261
1.46538
0.991593
2.16238
1.8928
2.73251
0.948741
2.42688
2.45644
2.65174
1.17557
1.99919
1.70635
1.10205
2.5211
2.03819
1.95869
2.29427
3.18088
1.71487
2.59808
2.00646
2.46174
2.87631
2.83421
1.26865
2.36601
2.53748
1.26588
1.80336
1.93698
3.32306
2.58211
3.83826
2.29171
3.42572
3.21134
1.38139
1.67604
-0.0183474
3.29169
1.40934
3.27562
3.16431
1.42603
0.930761
2.24756
4.68827
1.18447
2.1128
2.53408
0.575824
1.40521
1.88221
0.987387
1.39012
2.59718
2.13676
3.22946
1.2448
1.66905
2.88603
3.82696
0.485954
3.10481
2.32687
1.27889
1.8548
2.67143
1.38833
0.412066
1.90021
2.73423
2.67929
1.14332
2.23861
1.35135
2.0613
2.48922
1.19129
0.936381
3.45512
1.43399
1.48682
2.49891
3.06932
1.96224
2.91669
1.62236
2.21695
2.8742
3.59155
1.95362
2.756
3.497
0.589094
2.78056
2.23116
2.39921
1.68716
2.75571
2.65208
1.45209
2.0481
2.95085
0.568899
1.67241
1.7361
1.66536
2.59278
1.8676
3.12342
1.84223
2.59665
4.77737
3.31931
1.82695
1.15014
2.77694
1.88254
3.52168
1.40408
2.21786
0.733251
3.1784
2.92392
2.56474
2.59788
1.24704
3.022
3.14316
1.20181
2.12243
2.14091
3.01319
1.52586
1.80857
2.40737
1.46035
3.03697
2.60023
2.17476
2.71569
2.47682
2.80313
3.61135
3.14375
3.86354
2.68767
2.73438
1.94584
1.85707
2.65935
1.78009
2.24208
3.06386
1.73637
1.92084
1.71869
2.42026
1.16648
0.989023
2.43771
2.21966
2.47772
2.84098
3.08132
1.92571
2.99695
1.55612
2.29954
2.34685
0.59492
2.18377
2.78238
1.70962
2.7932
2.95514
2.56374
3.19959
1.71187
2.93405
2.52143
0.198627
2.71479
2.17594
3.5727
2.33031
3.4901
2.188
2.88434
2.20961
2.86267
1.40868
3.06715
3.12016
1.74916
4.12178
1.67743
1.54519
2.51122
3.11019
1.27278
2.12141
3.42507
1.73724
2.61698
2.84558
3.57557
1.53241
0.971653
1.89006
2.53992
2.32754
3.67781
1.94885
2.76728
2.79216
1.81285
1.97485
3.24037
2.58094
1.64714
3.18022
0.644411
1.35815
2.64219
2.45126
3.06137
0.955698
3.04618
0.754355
4.07812
1.82798
2.18395
1.97776
2.20494
3.52566
1.86963
1.52707
1.6368
3.05902
3.18599
2.50418
1.64766
3.10362
2.52912
2.81991
1.81716
2.54086
2.84501
1.3721
2.27996
2.79649
1.74569
0.924464
3.06277
3.03435
1.20385
1.88593
2.08063
1.96883
2.35647
2.8287
2.76201
1.13352
2.53282
2.48569
3.11362
2.33071
3.1227
2.53555
2.60655
2.04241
2.40297
3.11705
2.10342
2.04898
3.3535
3.18125
0.635132
2.82178
3.21771
2.52087
2.75604
2.01592
2.94682
0.660284
-0.352996
1.73759
2.17721
3.48777
1.03424
1.34809
1.5701
2.81215
2.21206
3.5848
0.947912
3.48197
1.23951
2.28673
1.99973
2.62712
2.59719
1.96679
1.47178
2.34217
3.33411
2.52611
1.80454
2.16996
2.29198
3.07797
0.810413
1.89593
1.13244
3.49554
2.0844
3.57343
2.19165
2.28504
1.21899
2.76761
2.55369
2.62776
1.87703
0.727788
3.08267
1.59935
2.28245
3.11886
3.30633
2.28527
2.88681
2.6644
2.17225
2.63733
2.79557
2.98564
2.70705
2.6759
1.58625
1.75805
3.5861
0.956827
1.79823
1.3201
1.63357
1.17506
1.89706
1.65006
0.816101
4.17805
2.04979
3.2393
2.97095
3.50189
2.89164
1.27175
2.64544
2.08607
2.38022
1.11718
1.21742
1.6608
2.39903
1.18879
2.93053
2.35558
1.48914
2.03743
2.2583
4.5019
1.6744
2.13418
2.41667
2.87821
1.31139
1.76009
3.55939
3.01328
3.09556
3.30433
1.84527
2.78287
2.6595
2.02477
3.05679
2.0391
1.63901
1.65179
2.30162
1.54429
2.90181
1.66629
1.76333
1.41216
3.49362
1.69926
2.48162
2.59604
3.35628
2.84471
2.07333
2.50323
1.94753
1.02149
2.24801
2.01035
1.60105
3.04235
2.24114
1.5223
0.788724
2.45803
2.8619
2.70152
1.62333
3.07353
2.90011
1.13943
0.258908
2.22182
1.78383
4.11398
1.50526
3.25083
2.30886
1.86809
2.04959
1.67602
1.75564
1.0405
2.50031
3.55569
1.46108
1.93499
2.59714
1.776
2.14473
1.69784
1.85466
1.45357
2.78893
1.98739
3.38471
1.13011
2.45006
2.54232
3.31479
2.94241
2.36583
1.65168
2.68121
2.26443
2.11936
1.3816
2.11576
2.92962
2.25769
2.15696
2.50437
2.0756
3.71943
2.3291
2.19803
2.92179
1.92352
4.17378
3.26517
4.05242
1.23321
2.30963
1.65485
2.37035
3.4928
2.68952
2.10839
2.60219
2.94583
2.88637
1.37061
2.53731
1.85554
0.788874
1.59132
1.01347
2.31468
2.51223
2.73097
3.37236
2.73034
3.74029
4.58423
2.54264
3.96045
0.988293
1.79998
2.33658
-0.0271342
1.15405
2.05178
3.20144
3.63933
2.17533
2.14624
3.54692
2.08496
1.92771
1.75729
3.8459
2.35471
3.35405
1.6887
1.80151
2.10152
1.21951
1.89522
2.11547
1.79808
3.37121
1.40106
1.52511
2.90968
1.50816
2.59009
2.59318
1.87264
2.61364
4.18217
2.55581
2.38831
1.41441
1.35307
1.24776
0.575918
1.22074
3.14487
3.65603
2.79915
2.66271
0.618701
1.6296
2.4638
2.48433
1.03552
2.00256
1.57765
2.6488
3.71679
2.816
2.47808
2.47402
2.65866
2.35944
2.09507
2.80361
2.63315
1.78556
1.58005
1.18871
1.74451
1.42849
2.13505
1.70615
2.30421
1.90484
1.64589
2.49884
1.42775
2.84703
2.59308
2.37384
1.23282
1.87954
1.5768
2.66292
2.73241
2.51695
2.35168
2.27908
2.20377
2.13751
1.84707
2.37944
1.79957
2.30237
2.36327
1.63032
2.33266
1.6219
1.51921
1.90743
1.87603
2.11263
3.16467
2.03496
1.74825
1.97835
1.13325
1.31687
2.11469
2.07402
2.61543
1.83774
1.9744
1.68917
2.85272
2.09913
2.20995
2.88882
2.49956
1.35302
3.45405
3.61669
1.65076
1.82968
1.03681
1.29004
2.96879
1.85386
2.89199
2.40308
1.56015
2.69544
3.09524
2.70469
2.38093
1.31777
1.88816
0.862064
2.56031
2.02159
2.10299
3.02351
0.963595
0.51021
2.07001
3.27692
1.84515
2.77233
1.87993
4.38946
3.59938
1.61042
1.45151
2.82052
3.15959
1.8068
2.93029
3.00794
0.936626
1.98269
1.59643
1.69897
1.22718
1.08379
2.12535
2.08126
1.88687
1.64456
0.827415
1.23637
1.69776
3.65418
2.9841
2.62832
2.83791
2.39493
3.33891
3.43995
1.59445
1.66137
2.15174
2.35741
1.40928
0.844213
2.36841
2.25846
3.5166
2.45307
2.65237
3.12413
1.9347
2.28081
1.7713
2.09356
3.13346
1.1964
2.59507
2.35768
1.97548
3.03533
3.08208
1.23164
1.46783
2.45307
2.76892
1.14243
2.14166
1.41305
1.71328
2.21339
1.7672
2.11269
3.13483
3.51463
3.40222
2.67448
1.63198
2.62625
1.81557
2.22075
4.00612
2.30851
3.31834
2.52923
1.94673
4.40714
1.33252
1.87768
1.41883
2.45324
1.85432
2.41592
2.54912
1.91133
2.5515
1.96132
1.72063
1.8257
1.36778
2.04159
0.10419
1.45415
2.63788
3.10524
4.19089
2.70353
2.49901
1.76869
0.956238
1.91402
2.79743
1.1264
1.62224
2.46557
0.261133
1.69643
2.61472
2.1912
3.38022
3.13604
3.15605
0.711557
1.46369
4.81535
2.43084
2.97562
1.3571
1.73582
2.27106
1.70467
2.89003
3.5391
1.51986
2.15358
2.71823
2.02476
3.05598
2.09509
1.15827
1.65517
2.96447
1.74286
0.130762
2.73051
2.62054
2.49013
2.9129
3.05767
2.49022
-0.264065
2.4009
2.65122
2.99198
2.37213
3.99579
1.29952
2.57838
1.40387
1.0245
3.04248
2.29875
1.69665
3.38246
2.73378
1.79063
2.83006
2.7636
1.61681
3.49883
0.279104
2.23879
2.01628
2.00181
1.42922
3.03538
2.06773
2.74053
2.80942
2.71713
1.61839
2.63307
2.5429
2.31691
1.70546
1.09211
2.52771
1.86255
1.43872
0.6642
2.54087
3.19306
1.25838
2.13801
1.39656
1.35293
2.23875
2.00043
1.87316
2.99278
1.93095
2.52042
1.30255
1.78535
1.01688
1.80187
2.4273
2.59058
1.60351
3.65631
1.85995
3.12428
1.51667
2.85378
2.12707
3.19785
2.44759
1.3954
1.45126
1.57756
3.12175
1.42865
1.12348
1.03134
3.48463
3.30703
3.47226
2.24193
3.02309
1.96116
2.76942
2.02951
1.61659
1.87162
1.51117
1.64038
2.7186
2.05611
1.97711
1.20142
4.06549
2.10814
2.2579
3.34395
2.57841
2.00571
2.33283
1.43447
2.42044
2.3969
3.15422
3.32609
2.02539
0.622752
2.12042
3.47901
2.05682
2.11999
1.93272
1.53723
2.91573
2.55695
1.96809
1.77597
3.11313
2.3171
3.57316
3.49351
1.7002
1.2398
1.53962
3.11555
3.03587
3.22102
2.43747
1.21914
2.35751
3.61779
2.99815
2.52985
3.05339
2.3087
2.69522
2.3723
2.36158
2.24972
2.453
3.11475
1.83751
1.20232
2.53177
3.53973
1.50638
2.49133
2.46555
3.30462
2.16945
2.77895
3.5411
1.81598
2.8627
1.46181
2.56131
2.58931
1.43646
2.34686
2.67387
2.43063
0.68949
3.2681
1.11836
3.40412
1.41687
2.55648
1.4723
2.43462
1.82884
3.44079
1.97679
0.493617
3.51647
2.75197
2.20924
1.145
2.76881
1.98508
2.03213
2.7112
3.0216
2.37249
2.39995
1.01233
1.64637
1.45948
3.2164
2.13112
2.2532
2.5652
3.98383
2.87672
1.94062
2.68771
0.370692
3.49129
1.69866
3.06166
2.38771
-0.172825
2.86528
2.5454
2.4711
1.66913
2.71607
3.2515
3.15116
-0.360262
3.68745
3.00665
1.33421
2.74063
1.72543
1.59342
2.45997
3.77265
3.19945
3.38273
1.99764
3.9112
2.2504
2.62635
2.0813
1.09432
2.71733
2.04185
2.95403
2.01582
3.34125
2.38887
1.78406
2.97595
1.95327
3.00558
3.40261
1.20782
1.55891
2.8006
1.50973
1.67849
1.69665
1.39606
1.31913
2.67343
2.13952
2.21706
2.05027
1.38361
1.59338
1.57083
1.37909
1.85564
3.11886
0.953307
2.69237
3.1282
1.95596
3.01975
3.20893
2.2016
1.77151
2.15798
1.65435
2.80589
2.61523
2.53154
1.20069
1.95037
2.94281
3.72834
2.67872
3.19979
2.15809
3.40478
2.36624
0.740996
1.40958
0.816711
3.73877
2.63081
2.78463
0.960569
0.756894
1.87746
1.79474
3.58689
1.57181
0.667988
2.63625
0.703211
2.93031
0.72453
2.20122
2.33791
1.75181
1.5117
1.98816
3.20342
1.5917
3.2216
0.337985
0.576233
2.7103
1.48581
2.16502
3.05884
2.50075
3.01797
1.35015
2.41804
2.62255
1.98987
2.69117
2.63047
1.99775
3.55164
2.68377
0.529371
2.67377
1.23662
2.88165
2.31247
1.71044
2.586
2.35765
3.20914
2.34178
3.33204
2.343
4.17889
3.40262
2.78242
3.0225
2.24328
2.01074
2.52335
3.34936
1.43168
3.41743
2.20999
1.7891
1.33403
0.817168
4.10716
1.34706
2.4898
2.65711
2.45487
1.84484
1.27333
1.11803
2.75362
4.09692
2.51892
3.07687
2.26861
1.48003
2.56464
2.70889
1.47903
1.39396
0.666468
2.12981
2.47993
2.00818
1.48877
1.52718
2.07054
1.89284
2.38496
1.79388
0.426642
2.45689
2.14772
0.785915
2.47106
1.94264
2.61239
2.59821
1.55662
2.03178
2.19569
1.5723
4.31024
2.90087
2.22028
3.48676
1.08813
1.89393
1.65795
1.47458
2.14204
2.62476
0.231557
3.30083
3.27831
1.56622
1.74035
4.17124
2.86882
2.48704
1.85491
1.7568
-0.0481366
1.87257
1.75574
1.99438
1.12318
3.14093
2.45019
2.42475
2.75297
2.86868
1.87954
1.49967
2.89178
2.2705
2.76066
2.66049
2.49323
3.02019
1.96738
1.75037
1.88923
1.54721
1.27609
1.73306
2.03653
3.07176
1.95394
2.72765
1.5543
2.61152
1.70791
3.94395
1.67713
2.00167
3.38696
3.28823
0.613835
1.48571
2.79967
2.80868
1.61384
2.55915
2.70349
2.31506
1.80864
1.17685
3.27045
0.0478185
2.87492
0.13157
3.47963
1.82723
2.16668
2.27265
1.06115
2.10115
4.68122
2.88059
2.34789
2.37051
4.33071
0.0741722
1.90112
0.723225
2.25575
2.56302
0.789373
3.07988
1.4707
2.17724
3.0981
2.59823
2.64681
3.50512
2.51011
1.8914
3.47066
2.61093
2.63331
0.820015
2.20577
3.35847
2.0832
2.27064
2.15147
3.99098
2.08054
1.92906
1.92933
1.73812
3.049
2.25725
1.89571
3.05184
1.6239
2.86044
2.49378
2.75001
1.78963
2.31132
3.27153
1.58169
1.24336
2.77549
1.5085
0.515735
3.18135
1.35532
2.59959
2.02603
1.0069
3.12223
1.87169
3.93565
3.0801
2.4906
1.63616
2.88326
2.92943
0.264008
3.06094
2.71033
3.20059
1.20987
2.25741
2.78456
2.1115
1.5806
-0.0678268
2.99546
2.99105
1.58196
0.86206
2.28982
0.618737
2.08992
2.71973
1.99156
4.16274
2.77147
2.36517
2.45703
0.807574
2.51894
1.45606
1.62029
1.91324
1.51591
0.75782
1.38914
2.10209
2.36978
1.66163
2.26416
2.53364
1.19389
1.5835
2.65921
1.84369
2.16113
2.35603
3.32892
2.54596
3.32397
2.29531
2.13483
3.02569
1.91726
1.78792
2.02697
3.21108
2.61119
2.0591
1.93132
3.1338
3.25648
2.75792
0.364232
1.70798
2.7056
2.43868
1.71717
1.79992
3.00618
2.65702
3.06492
2.46663
2.0636
0.694954
3.3107
2.5665
1.99103
3.80234
1.26514
1.72077
2.74754
1.81778
2.71317
1.54747
1.62935
1.13309
2.36391
1.53608
2.95107
1.94854
2.54294
2.72848
1.34097
4.55245
1.3387
1.48416
1.84109
1.8335
3.31578
1.10814
3.0332
2.76033
1.26842
1.0957
2.8614
2.27021
1.73607
2.05407
2.64018
2.13431
2.08354
1.88624
3.70536
2.04345
5.34378
1.80683
2.11145
1.49432
2.02632
1.89406
2.54264
2.52617
2.15958
3.87613
1.85734
1.96725
2.11011
2.18108
3.59117
1.8449
2.65484
2.04471
1.15344
1.67954
1.93305
2.47556
1.88823
2.69781
1.78978
2.42106
2.09949
3.25656
2.07293
2.27321
3.11105
0.792276
2.56428
2.15029
1.62
1.61482
2.90757
2.46612
1.34168
2.41394
2.59726
3.16629
2.15332
3.17077
2.50547
2.64386
1.55827
1.03897
2.27704
1.59731
1.94937
0.929748
2.47349
2.50305
2.60132
2.22523
1.86187
2.59972
1.09877
3.47725
2.67594
0.935657
1.48737
1.20408
1.67387
3.35384
0.812456
2.09821
2.92417
3.46254
3.04388
1.15732
3.32374
1.10862
3.00866
1.97078
3.04689
1.66504
1.61972
2.41921
1.66747
1.81943
1.85055
1.8922
1.30185
2.32063
2.53544
1.17634
2.97406
2.48573
1.71218
3.04067
3.05878
2.97288
2.79
1.36691
1.25208
1.3553
2.03459
1.67681
1.43812
1.59942
1.50314
4.11918
0.90323
1.2262
0.752965
2.78967
1.78772
2.52784
1.62462
2.26728
2.75144
2.92081
2.51412
1.10259
4.37937
1.71732
2.51297
2.50461
2.69997
2.89291
1.961
1.58064
2.60416
2.11284
1.06918
1.93769
1.87083
2.05685
2.40583
1.09838
0.780483
1.82939
2.01045
2.25501
2.52106
2.06948
1.94362
1.57737
1.29124
2.31876
1.89105
2.68745
2.42471
2.86983
2.37974
1.69976
1.03067
2.74594
1.6589
1.74217
1.78786
0.793442
1.69794
2.06256
2.31845
2.21136
2.03655
2.84225
1.91789
1.50905
1.24559
1.54417
2.22388
1.39302
1.32127
1.49422
0.748647
4.03554
3.44017
2.72443
2.28185
2.4083
3.61779
1.56042
2.04969
1.08612
1.93481
1.23255
1.88604
1.01901
2.08597
1.38993
0.712396
2.34675
2.48338
3.21377
1.69848
2.5795
2.9924
4.75533
1.61624
1.79871
1.23314
2.51914
0.918942
3.06087
2.10549
1.51356
2.1361
1.67219
2.6016
2.13408
1.20206
1.60997
1.24597
2.29016
3.21595
1.93603
2.71359
2.32616
2.94505
1.26224
2.02501
2.01217
3.59785
2.14108
1.99313
2.67641
2.15271
3.61037
3.37484
0.925942
3.2736
2.36246
2.6578
2.42441
2.63481
3.07682
3.28275
3.31571
2.65226
1.65344
3.00709
2.06613
3.38984
1.94799
1.97031
2.65654
2.5665
3.60296
3.39794
3.52205
2.01504
1.94264
2.60709
3.05351
2.24176
1.93221
2.76934
2.60947
3.68578
1.77212
2.27405
3.65174
1.31331
2.37212
3.15812
2.30967
3.98826
0.205964
2.40708
2.57248
3.0784
3.28926
1.75718
3.11028
2.62971
1.54798
2.29521
1.82409
1.94182
2.00053
2.59474
3.92927
2.37028
1.39372
1.18138
2.54142
3.86355
1.79486
1.55415
2.85314
0.844976
1.80995
1.96019
1.4408
2.70043
1.51439
2.73351
2.45415
1.2377
0.997916
3.31272
1.59929
2.66373
2.65447
3.00006
4.26147
1.80643
3.62868
3.54072
1.91244
3.40068
1.23628
1.53061
2.39815
2.24736
4.2054
2.80036
1.8405
1.63803
2.91272
1.53306
1.70044
3.23958
1.90643
2.01154
2.68287
3.35413
2.59041
2.04794
1.77421
3.47331
2.29455
2.15186
1.52878
1.81326
3.54518
0.966294
1.34529
2.01138
2.61511
1.69586
3.75649
2.0708
2.6022
2.46027
1.53806
2.23254
2.52404
1.38352
1.24798
1.68729
2.47329
2.08448
1.79827
3.24566
2.45434
0.987899
2.73781
1.93789
1.33992
2.04387
1.68188
2.90475
1.87861
2.26024
2.794
1.38002
1.82486
2.31891
2.4719
2.29769
2.77181
3.19091
2.21529
2.6075
2.10712
3.00309
2.81923
2.50833
3.22103
3.22151
2.23148
0.913059
3.78017
2.5994
1.04921
1.5468
2.68025
1.65275
1.16903
0.634163
3.37611
1.38664
3.49751
2.19941
3.27728
1.87058
1.98015
2.3686
2.10517
2.89049
2.96486
1.83962
1.51277
2.03783
1.71024
2.10974
1.9547
1.31858
3.38008
2.13207
3.53978
2.02849
1.74556
2.21482
1.51792
1.72954
1.06467
1.32751
0.495838
2.98696
1.47165
2.39249
1.92715
2.9846
1.88951
2.18846
1.89605
2.55208
1.41527
2.26769
3.10369
2.36043
0.0840504
2.47071
2.37162
1.5473
2.11011
1.18326
3.13639
1.81982
2.69808
1.96665
2.31419
2.3866
2.43873
3.25743
2.18776
1.23779
3.41616
0.642932
0.810206
2.50554
2.54907
2.71221
2.1008
-0.0804869
4.13851
2.11897
2.71305
2.2725
3.22341
1.41911
1.28966
2.34843
1.37654
2.45008
1.89374
2.83223
2.60265
1.64097
1.27627
1.34586
1.89363
1.20633
1.57873
1.7886
2.6559
1.04762
2.99522
1.13882
2.70407
2.49036
2.7924
2.76652
1.37222
2.66984
2.78171
2.28099
0.594303
3.22417
2.8451
1.94425
2.01939
3.17226
2.21897
1.95538
1.32093
2.65728
3.51551
3.59336
1.41143
1.21847
2.43391
2.21718
1.35106
1.43372
0.208093
2.58967
2.01369
3.19685
1.16027
2.72259
2.81355
2.96519
4.3361
1.76085
2.13067
4.17302
2.1994
2.49506
2.07245
0.149909
2.1212
1.99129
3.84024
2.10045
0.654582
2.03636
2.49094
2.04975
3.53401
2.57161
3.44432
1.2069
2.05453
3.58986
2.91148
0.411568
2.29951
3.04639
2.62266
1.99794
2.56551
2.61035
1.91038
0.9164
1.46508
0.865848
3.3489
3.2754
3.44291
2.42522
3.4421
2.92191
4.59278
2.40257
2.34678
2.10217
2.60758
2.56754
2.73348
2.77787
2.91333
0.871621
2.61351
0.938125
2.32129
1.66623
2.17345
3.01549
1.54885
2.89998
2.42455
2.911
1.52516
1.08083
1.47948
4.49215
2.14718
2.29083
3.64649
1.56764
-0.0838213
2.28009
3.10941
2.56406
2.45002
2.43675
2.3454
3.39176
1.90345
2.17345
3.52521
1.04308
1.23441
2.55647
2.4732
2.15712
2.41441
3.03012
1.23659
2.83728
1.50088
2.08533
1.7535
2.28048
2.70646
1.33259
1.69557
2.67127
2.60755
1.50017
3.36457
3.4872
2.50689
2.33683
0.381141
2.31335
2.74124
1.43145
1.53571
1.0577
0.798533
2.05712
1.31676
2.73406
0.131286
2.40077
2.03368
2.63375
1.95263
2.55085
2.57347
4.5771
2.69327
1.78643
2.19528
1.29
2.74591
2.66906
2.16116
3.35605
2.28316
1.32077
3.80014
3.0585
2.12031
1.99611
2.56157
2.70438
2.41143
2.04944
3.26938
1.51839
2.23431
2.31177
1.2683
0.56287
2.94782
2.85894
1.01611
0.613685
2.06239
2.09514
2.44921
1.8637
3.73368
1.69801
2.10937
2.22883
1.82374
2.45851
1.63845
0.351495
2.99446
3.14215
2.53328
3.95783
3.1617
1.09226
1.00453
2.56385
2.25755
3.90386
2.52207
2.02167
1.28055
2.58346
2.00256
2.04963
3.14094
1.86595
2.52595
3.16662
1.93689
1.59662
2.82988
2.46708
3.83409
2.61939
2.23103
3.22331
1.53118
2.52898
2.88393
2.41167
1.04688
1.83186
2.2741
3.51714
3.23451
2.12224
0.812871
2.21121
3.89072
3.55404
2.69731
2.11874
3.1501
2.45199
2.06389
2.63755
1.34976
3.25382
1.79688
2.32433
1.66567
2.2753
2.87826
2.22768
3.14782
0.55256
1.94889
2.37961
2.28948
2.02293
3.44438
1.16054
0.576564
2.91018
1.76925
1.07972
1.32693
2.93135
1.09725
2.0516
2.89908
0.565334
1.78549
1.65629
1.36703
2.1458
2.07393
0.451289
2.56039
2.26969
1.70969
2.8152
1.86119
1.95727
1.38233
3.45527
0.818585
2.00162
2.06843
2.32547
2.81186
2.92718
2.85482
2.65641
2.51585
3.0544
1.97126
1.96317
1.11195
2.40244
1.10044
2.39408
2.72525
2.45575
0.569765
2.49122
2.08693
1.66478
2.49355
2.58303
2.04751
3.48117
2.37442
2.41226
1.3048
2.39618
1.26799
3.31254
2.32912
1.97821
1.32379
1.1658
1.36795
0.983828
1.51547
2.19131
2.99802
3.04334
2.60967
1.20841
2.14622
1.9404
3.44355
2.44951
2.60301
1.93592
2.711
1.9296
1.98155
1.8738
2.65046
2.75161
2.97577
1.20689
3.08395
2.51115
2.34973
1.84845
1.88966
4.07982
2.42365
2.50664
3.06544
3.1165
2.22388
3.66663
1.20967
1.05707
2.10181
2.18337
1.27692
1.40967
1.20484
2.62525
0.892841
2.75297
2.83909
1.63228
1.88302
2.94834
2.46668
1.02349
1.6535
1.70406
3.56089
1.67745
3.22679
3.37924
1.92399
1.31567
1.42261
1.30672
2.15302
3.36955
2.0855
1.5436
2.75181
1.87889
2.11307
1.7558
1.98863
2.18227
2.05945
1.72152
0.846635
2.46938
2.46722
1.25308
2.4402
2.41099
1.53965
1.77216
2.11916
1.54809
4.14784
3.24736
2.41617
2.50302
1.33935
1.75819
1.88478
1.77342
1.83955
2.51129
2.28675
3.38222
2.15477
2.28856
2.125
3.09947
2.46427
1.82984
2.74077
2.15772
0.852968
1.42846
2.53296
1.52858
3.43708
3.23392
2.7175
1.72307
3.03447
1.49355
1.55123
1.75367
2.19481
2.06958
1.64978
1.74915
0.0276779
0.16152
2.15115
1.74471
3.86038
1.53737
2.14178
3.03651
2.74565
2.59565
3.83339
2.46159
1.84448
2.73797
2.05641
1.30573
2.17072
0.496354
1.10721
2.56316
2.48325
2.42895
2.72208
0.987385
2.36718
3.43876
2.37287
1.87504
2.14704
2.59883
1.53427
2.37362
1.50155
1.85508
0.39069
1.74101
2.19653
-0.692789
3.63509
1.24337
2.12691
3.32665
2.79775
3.10007
1.25925
1.96221
1.76345
2.92052
4.04352
2.53874
2.56991
2.12502
2.27973
1.78394
3.4557
2.55972
3.60301
2.31209
2.30455
2.09256
3.40093
1.84015
1.88211
3.03277
2.05188
1.79046
1.98969
1.00253
2.03477
3.25808
0.975508
2.52661
1.56522
2.37119
1.15257
0.825493
0.48698
1.28203
2.94335
3.36641
2.60915
2.34332
3.74345
1.84158
2.53695
2.45364
2.70793
1.76416
3.41388
1.79076
2.15749
2.13963
1.5139
3.93944
1.6081
1.80463
1.24742
3.29183
1.5149
3.71629
0.993283
2.30129
1.59305
1.93223
2.13204
3.48513
2.36967
2.32571
1.61549
2.67457
2.4396
2.08182
0.584314
2.65936
2.26699
3.22667
1.38343
2.29435
1.55088
1.15897
4.42514
0.509418
3.14802
1.28558
2.6387
2.63773
2.89012
3.18757
1.76612
0.823521
1.5646
2.96682
0.829544
2.20254
2.15224
2.5922
2.40673
1.54726
2.06431
1.81082
1.65695
1.39092
2.32123
0.843841
2.61347
1.51647
2.34136
3.28905
2.29409
2.52716
2.1002
3.40096
2.07587
1.14946
2.63954
2.90772
1.85829
3.4066
3.12462
2.42467
2.98657
1.65645
3.1593
1.92604
2.9425
3.69779
1.89403
3.8219
3.38265
2.14728
2.67368
1.67869
2.09769
0.484231
1.34324
2.79477
2.15915
3.16057
1.36484
1.45811
2.9456
1.19953
2.07504
1.65921
1.70853
1.51059
2.14909
3.26988
2.62134
1.28547
1.96929
2.10524
2.26294
0.890424
2.4202
4.01298
2.52861
2.69856
1.89564
3.10422
2.1747
2.76969
1.51538
2.35803
1.83283
2.87426
1.37152
2.72961
2.22688
2.06818
3.18152
2.56967
1.70572
0.418023
2.39294
2.52815
2.04074
2.24415
1.15863
1.97897
2.15571
2.94612
1.52329
1.98629
2.32423
0.862692
1.44924
2.57212
2.44488
1.93363
3.66361
1.92701
3.40244
2.84741
2.27869
1.71274
2.63195
2.76373
2.42725
1.89759
1.70201
2.24641
2.56472
1.70276
1.88236
2.18752
2.86565
3.1369
1.63399
2.25494
2.53768
2.1977
1.66501
0.73908
2.20366
2.63003
1.69909
2.00943
2.72945
1.98687
0.904694
1.86422
3.31107
1.84658
2.40865
1.09275
1.85255
3.9303
2.17014
1.49684
2.0977
2.30142
1.83158
2.89548
1.95982
3.65636
2.77359
1.65756
3.53972
1.25608
0.996345
1.52734
2.5428
1.98072
1.08331
1.54805
3.14589
0.43153
1.31402
2.56689
2.94612
2.60851
2.40145
2.48459
1.41688
1.59367
2.36438
1.94711
1.31667
2.01215
1.60668
2.02141
3.34522
4.06884
2.34924
1.53926
1.52238
2.98824
3.24184
4.54395
1.5522
2.79515
2.39679
3.29042
1.50983
2.88775
1.81694
1.65826
2.79745
2.05119
3.87431
2.72938
2.5295
3.56425
2.55782
2.76227
1.97998
2.07548
2.95902
2.68416
2.84347
3.424
2.19154
1.87941
2.17627
3.07135
2.25683
1.85237
2.10058
2.42449
2.66501
2.64277
3.30595
1.83889
2.75625
3.53813
3.42808
3.22873
2.29011
0.644554
2.51634
1.34715
1.90602
1.65494
2.83516
3.02586
1.94411
2.73442
3.58143
1.47829
0.73203
2.88725
2.61807
1.505
2.96251
2.6672
2.7348
0.570123
2.56768
2.54865
1.96461
1.20244
4.82874
2.55117
2.62394
1.89155
2.65967
1.23534
2.36948
1.75512
2.64063
1.07916
3.82329
2.50553
1.20401
3.01214
1.20024
3.23299
1.77643
2.33953
3.27587
1.6246
0.947078
2.97934
1.71984
1.47111
1.85333
1.4714
1.96944
1.58701
1.25806
3.12283
3.3193
1.76907
3.59862
1.90387
3.71186
1.21362
2.2582
2.0676
2.01804
1.69675
1.0643
1.43414
1.03404
1.44624
0.534465
1.74773
1.8913
3.63075
1.28059
2.59203
3.11879
1.05518
3.55424
1.69484
0.815117
2.06138
2.51574
3.09431
1.75589
2.76961
2.43518
1.513
1.52466
0.49548
2.96352
0.300347
1.33057
3.23169
1.95263
2.36572
2.74095
1.05466
1.25297
1.52617
1.31531
4.05463
1.55199
2.65762
2.49976
2.51546
0.427109
3.0146
2.51375
2.14178
2.20164
2.57548
2.60249
1.13795
2.82463
2.69429
2.64014
2.16204
3.05156
1.49472
3.44076
3.63797
3.10819
2.69461
3.05866
3.02369
1.87948
2.01643
2.08808
2.54354
3.44746
1.97579
2.07017
3.07357
3.32659
2.3808
3.72989
1.35777
1.55814
3.33035
1.96089
1.77771
3.07493
3.99998
3.40876
0.736554
1.5479
2.38225
1.36618
2.03909
0.936919
2.81418
1.7429
2.91329
2.11275
2.25534
1.80302
3.02769
1.71231
3.20337
2.41445
1.76359
2.04187
3.85542
1.51895
2.49487
2.88538
2.96356
2.99032
2.53015
2.50103
2.26591
2.83224
1.67969
2.34971
2.2057
0.591074
1.33241
1.84052
2.21388
1.76463
2.60792
3.06022
2.54462
2.15851
4.32553
2.30395
2.46459
2.14842
1.73702
2.7674
3.6432
2.78521
2.12476
1.4988
2.2365
2.77252
3.08541
1.6439
1.82259
2.49076
3.60901
1.12963
0.929413
2.17075
2.47011
2.66974
2.71238
2.13959
0.680224
2.87271
1.90178
2.13815
2.71677
0.644124
1.88767
2.36347
2.31156
1.82404
1.73907
2.79284
3.24474
2.86167
1.16039
2.92319
1.96558
2.62094
3.15366
1.11226
1.86907
1.90108
1.67667
3.0559
3.55117
2.08039
2.49423
3.11781
2.36605
1.1643
1.70278
1.8031
2.38947
2.97282
1.92769
2.74637
1.62283
2.84759
1.6595
2.2161
1.3448
2.15951
2.04132
2.97916
2.06594
2.71418
2.63479
-0.0591039
1.10885
2.11715
2.20419
1.42295
2.38258
2.24398
1.89146
2.09734
1.4691
1.50552
3.2558
0.238746
2.36235
1.85536
2.45888
2.51987
3.04898
2.55696
2.47978
2.6178
2.63007
3.83239
3.12307
1.54086
1.85605
2.37943
1.4284
1.25876
1.74022
1.80272
1.29768
2.36939
1.84824
1.24817
2.31761
2.65889
2.01867
1.62069
2.18883
2.27695
1.17433
0.938674
2.59822
1.17195
0.180535
1.52359
2.12294
2.10574
2.12113
0.907634
1.83149
2.98312
1.4221
3.7676
2.72252
2.04031
1.8157
3.02227
3.45145
3.39675
1.69108
2.74505
2.9015
3.33989
2.69446
2.83151
2.24432
2.69389
3.25934
0.537132
2.9143
1.47839
2.36028
1.27775
1.5027
0.791967
0.90863
2.29821
2.57876
2.11256
1.49838
0.799029
2.46867
3.50543
4.02357
2.39596
2.69965
3.28914
2.03408
2.19105
2.51728
3.19925
2.40754
2.52898
1.92112
1.25639
3.25035
2.26803
2.09042
1.46053
2.32912
2.26406
1.12744
2.1683
1.84378
1.85917
2.89372
3.34088
2.98774
1.29336
2.28729
2.43567
2.16687
3.04615
2.12087
1.60478
1.60184
2.65815
3.19676
2.34067
2.42818
1.59735
1.59266
2.19308
2.38091
2.17167
3.05482
2.43832
2.09326
2.19445
2.27423
3.33374
2.31925
2.54605
1.55151
1.19861
2.37325
1.4605
3.07712
3.30074
1.97894
1.86026
3.52409
2.19869
2.57825
3.50712
1.19604
1.92796
2.84561
1.64088
2.62553
2.92487
2.0109
2.51657
1.90982
3.31332
1.53972
3.13385
1.76181
1.81992
2.13259
1.62897
-0.130481
2.45594
2.86194
0.529102
2.68653
3.112
2.29396
2.28054
2.87314
1.96273
3.06913
1.05551
0.420024
1.54686
2.0362
1.49858
2.8722
2.20454
3.21361
1.33174
2.68202
1.81368
1.42629
2.95789
2.15471
0.978097
2.40949
1.52001
1.10319
2.38514
2.49022
2.33208
3.34978
1.68627
1.42749
1.22148
2.80027
2.99025
1.74437
1.0075
2.18602
1.82737
2.41667
3.79802
2.00238
3.01763
0.31829
2.70546
2.05428
2.53164
2.45874
3.24508
2.14818
1.91226
1.52389
0.701542
2.70586
1.61771
2.43083
1.89862
2.1043
1.75495
1.61049
2.65603
0.847474
2.48097
2.5088
1.64826
2.14614
2.16074
2.27542
1.7945
3.09773
1.76464
2.71053
2.14218
2.19826
1.61544
3.0799
2.89195
1.72188
2.24933
1.18069
1.70325
3.0148
2.29953
2.47949
3.02742
4.02126
2.25206
2.60604
-0.227022
0.817084
2.30782
1.96404
3.50504
3.63694
3.61966
2.80645
3.39305
2.7101
3.72791
2.58264
2.06431
3.36356
2.31586
3.00989
1.71251
0.354183
1.43523
1.24745
3.72691
2.66986
1.58678
1.47593
3.0295
2.72689
1.3151
1.73986
0.862807
1.88147
2.24292
3.59061
1.55022
1.65573
1.8242
2.42049
2.49357
1.76129
2.05138
2.47892
2.44671
2.13663
1.30969
2.43443
3.02241
2.42075
1.45626
2.50061
1.38677
1.23321
3.01079
2.40435
0.120483
1.31384
2.054
3.41697
2.00338
0.801783
3.32865
3.13936
1.91472
3.4066
4.17562
2.02052
2.04269
2.75978
2.82013
2.7764
2.71486
3.11754
2.30695
1.68961
0.779252
2.65561
2.74981
3.26262
3.34351
2.15842
2.04726
2.78322
1.30178
2.51612
1.88809
2.62164
2.2088
3.85484
1.95333
1.49195
2.66146
1.26488
2.21283
2.01606
0.63618
1.5344
1.61071
2.833
0.232177
2.14432
1.32683
1.73913
2.34479
2.23281
3.35006
1.43223
1.8629
1.98802
2.14354
1.22543
2.21878
1.44312
1.02254
1.51286
2.05533
2.82791
2.52657
1.92532
1.96694
2.73586
1.01125
1.94337
1.97943
2.26766
4.06005
3.14202
2.50646
2.63682
3.18736
1.47043
1.19112
0.17381
1.63169
2.51616
2.13765
1.43598
1.79617
3.22379
2.20183
1.94154
2.44673
2.54967
2.44187
2.42438
1.15343
1.03642
1.66916
3.01212
2.96138
1.89148
2.53249
2.38241
0.976912
2.99441
1.88073
3.12566
0.776867
1.52304
1.08391
2.42281
2.93106
1.41565
3.59546
1.78956
3.43984
3.6925
2.39912
1.47918
0.886281
2.53577
3.47446
2.57669
2.39269
3.04389
1.51581
1.95806
1.10651
1.70993
2.42149
2.41916
2.21967
1.70662
1.89419
2.65442
0.953943
0.259501
1.35793
2.54934
2.47946
1.54277
3.74891
3.49404
2.16414
1.53918
2.06444
2.40598
2.71172
2.65872
3.04711
1.00197
2.40089
1.55795
1.70453
1.75233
2.61446
2.25295
1.99842
2.775
2.58217
2.84763
0.773364
1.60422
0.683946
2.36699
1.52186
1.02589
1.99075
1.48954
2.14699
0.109978
1.0945
2.43503
1.67077
3.08825
3.01281
0.64512
1.18665
2.68835
1.18506
2.37993
1.79673
1.56603
3.09918
2.97098
1.58629
2.06739
3.78026
3.68717
2.63298
3.58562
1.11657
1.7901
1.89939
1.28445
2.20006
2.60064
3.69736
1.64821
2.17954
2.71571
1.36113
2.60091
1.55841
0.968378
2.59665
0.880522
2.81751
2.69977
3.0918
2.14822
2.00923
1.98618
2.94597
1.89945
1.68019
3.27948
2.42898
1.1406
0.982948
2.47332
0.832257
0.0355045
2.19846
2.19272
2.96401
3.25391
2.71367
2.89472
2.50459
2.3498
2.68689
3.40455
2.28967
1.69956
4.2052
2.90973
1.18844
1.25063
0.912242
1.74331
2.01543
2.85007
2.02428
2.62613
2.41728
1.4786
0.659075
1.75231
3.33158
1.93547
2.63406
1.57036
1.91466
1.0218
1.88744
3.9163
3.03028
0.958794
2.55291
1.6588
1.67683
0.745874
2.32657
1.25695
2.43707
0.879593
3.47502
2.23819
3.11992
1.46809
3.10437
2.03792
1.78178
2.79314
1.49303
0.594981
1.94242
1.32754
1.2851
2.50068
1.99621
2.11667
1.71391
2.20971
2.09287
2.07019
1.3899
3.28371
2.69268
1.0736
2.06978
1.50082
2.0487
1.08434
2.3964
3.19238
1.84622
2.61486
3.04961
3.35186
1.73425
1.53669
2.01104
1.7724
1.87843
1.14022
2.66704
2.60417
3.43177
4.04556
1.95934
1.95142
1.75108
1.79529
2.19435
1.26416
2.4327
1.19349
1.55732
3.06161
2.63531
3.39548
2.5169
2.78144
2.16013
3.64129
2.32657
2.78942
2.23771
0.549444
2.40882
3.03336
2.01219
1.7269
1.39645
1.38679
2.82485
1.94038
1.68058
2.7201
2.02703
0.850425
4.51318
0.808448
2.70124
3.45337
1.26782
2.65907
2.55692
1.50206
4.09866
1.69797
0.980475
1.09653
1.82239
1.31433
3.44905
2.15983
2.20777
4.1016
2.65164
1.98323
2.94804
1.63957
1.84669
1.91614
2.9012
4.29121
1.12296
3.17523
2.12987
2.93873
1.94581
2.42581
2.68293
3.59506
2.21139
1.98833
2.16458
2.42031
3.33606
1.85472
1.84055
2.53205
2.27827
1.7896
2.90334
3.10384
1.20351
1.99925
2.85182
1.48163
3.23247
1.0448
1.76951
3.39474
1.74954
1.11931
3.93931
2.14595
3.02234
2.54549
1.54324
1.16243
2.55844
2.55815
2.15089
2.49275
2.25689
3.09941
1.5704
2.33635
2.32148
3.73513
3.3313
1.98936
3.29193
3.04623
0.889578
0.136902
1.73114
2.22225
2.36833
1.97369
2.27498
2.61508
1.34966
3.38934
2.22109
1.19828
2.38021
4.66312
2.48747
1.97501
2.60314
1.89795
2.09931
2.2879
0.93269
0.961423
1.56558
2.58848
3.77345
1.15111
3.25199
2.16873
1.44641
4.04792
2.94568
1.15195
1.08552
2.81603
2.22266
0.761517
2.11664
1.82291
4.24496
1.51085
3.59904
1.81763
1.25051
1.80534
2.83954
1.49628
3.09356
3.40438
2.07721
2.67724
2.26685
2.76726
3.57716
3.02822
1.73641
1.95852
2.15362
2.17893
2.15769
2.47671
2.22884
2.69706
1.19346
0.220854
1.75929
1.75876
2.13985
2.25311
2.1213
1.329
1.34382
3.02057
3.26572
2.00258
2.55142
2.29967
3.20182
3.85342
3.80493
3.44687
3.34369
3.03463
2.09404
1.90044
2.39247
3.60094
2.02787
1.14092
2.27054
1.9981
2.14309
2.3798
3.66961
3.67495
1.72332
1.69373
1.18458
0.82857
2.75092
1.56653
3.23967
2.60469
2.80489
2.1007
2.58431
1.83181
1.34503
1.92693
3.14522
0.442026
1.99049
3.17113
2.27617
1.99983
3.29105
2.73857
1.41226
1.85082
2.43347
2.63793
2.97465
3.24761
2.38369
3.13593
2.31946
1.99489
4.08455
1.35897
3.72351
0.564673
3.22292
2.17546
0.972773
3.05462
1.04083
2.01195
2.40348
2.37875
2.056
2.96416
1.8825
2.17065
1.88423
2.43493
2.58175
2.6534
3.03807
3.90967
1.7317
3.6541
1.32943
2.90489
2.33897
3.15692
2.09817
2.50162
2.49768
2.8283
3.69023
1.6732
0.68385
3.05526
2.47268
2.06367
3.26135
3.29896
4.78371
1.47484
2.80165
3.83962
1.18929
3.40857
1.81982
3.37649
2.98885
2.05455
1.6712
0.683075
2.5099
1.0613
2.03496
2.22314
2.44043
2.75189
0.814073
3.02818
1.42473
0.456868
1.82478
2.48965
2.00136
0.797283
1.53351
1.69485
3.19582
1.79617
0.842744
2.66162
2.98133
0.843014
3.14817
2.28512
4.05158
3.26719
2.06994
1.90147
1.08273
2.67281
2.74476
2.70285
2.616
2.22285
0.516292
1.99827
-0.0320276
2.45496
2.81841
3.36159
3.2747
1.80307
2.56379
2.25578
3.06678
2.55434
3.25123
1.57488
3.73549
2.13737
2.03772
1.83443
3.79567
2.12621
2.24336
2.50917
2.49742
2.94086
1.09813
2.71585
3.95936
2.06713
1.66685
3.26776
2.04253
1.91518
2.85718
2.4188
3.19901
2.75497
1.07811
2.11415
2.52607
2.16167
1.24562
1.69354
2.23466
1.62902
3.11443
1.7145
2.71701
2.25331
2.15368
3.43883
2.91827
2.0437
0.143501
1.30471
1.39626
2.47422
2.22926
1.36629
0.829609
2.86825
2.39035
2.00629
2.62269
2.60381
2.69403
1.98969
1.46832
1.22087
1.76527
2.20508
1.88597
2.69998
2.80511
1.74604
1.08452
2.36017
2.72173
0.926689
1.63258
0.0276469
3.9305
2.73129
0.663489
2.54231
2.57479
1.23914
1.90558
1.872
2.5262
3.2067
1.41816
4.51643
3.66592
2.85496
3.06568
2.14418
2.68458
2.16326
1.94148
2.94556
2.83793
2.23139
1.75092
2.1704
2.90983
1.12167
3.18107
1.82945
1.48603
3.97671
1.74334
2.54438
1.49688
3.15072
1.91032
1.56959
3.38688
1.31559
2.05767
2.04479
2.93846
3.51619
1.99043
1.80611
2.13869
1.31538
2.17392
1.83231
1.33021
3.26042
2.18155
1.41999
2.71885
2.96226
2.63589
2.17977
1.87801
2.88235
2.21011
1.35445
2.84065
1.79915
0.64959
2.3689
3.01693
1.37433
3.04654
1.69452
2.06207
3.66638
3.15542
2.07396
2.82758
2.22258
1.91893
2.07375
0.686783
2.8982
2.64602
1.76434
1.14217
2.01111
2.46479
3.87874
2.71713
2.48019
2.88348
2.48111
2.58828
2.80275
0.735676
1.07333
2.01648
3.07731
1.67137
2.01802
3.09953
2.46673
2.16366
1.52096
2.33699
2.15764
1.44213
2.24364
3.60243
2.78585
2.36436
3.50804
3.19234
3.24404
3.15504
1.91931
1.60465
2.6511
2.81134
1.27126
1.95447
2.28
2.55966
2.15652
2.60865
3.02624
1.94683
3.38422
0.650714
2.94828
1.9783
0.578767
1.46123
1.68601
2.87767
2.47046
1.39898
2.03206
3.34005
3.01456
2.67898
1.00533
2.24569
1.49502
2.39044
3.01556
1.91694
2.00222
1.00259
2.54544
1.2555
0.951151
1.84557
1.14632
0.981794
3.45741
2.89326
1.31721
2.32183
2.61355
2.02612
3.83251
2.09659
2.94391
3.66571
0.46003
1.36782
1.26667
1.87821
0.879986
2.28823
1.7307
2.51461
0.377791
-0.0743823
2.44224
1.06465
2.6979
1.18603
1.34566
1.40424
2.10646
1.82709
1.4875
2.54775
2.66866
1.06986
1.88893
2.78483
1.80679
2.49933
2.67667
1.75407
1.69958
2.87175
2.14093
3.03609
1.19637
3.14243
2.76048
1.43172
3.03595
1.21597
2.04245
2.14614
2.87766
3.67406
1.95793
2.26559
1.87877
1.68917
3.221
1.47615
1.23072
1.72933
2.32173
3.31094
1.78909
1.86413
2.69885
2.11987
1.98201
0.27892
2.53929
2.90901
3.23281
2.25277
2.93822
2.1585
2.03588
1.70959
1.8563
2.79649
3.41124
1.52179
3.78117
3.50896
0.497951
2.60016
3.2755
0.885684
0.78876
2.33491
4.1362
2.614
2.80411
2.89461
1.87742
1.25151
2.20339
2.5603
2.33514
2.48449
1.1496
3.40558
1.59236
2.98035
2.66643
2.70608
2.24084
4.19525
1.80665
1.87221
1.74376
1.03179
2.72176
2.4747
2.08009
2.73199
2.2865
2.29169
1.44234
4.56483
2.7392
3.99703
2.2609
1.0895
1.54992
1.07493
1.81979
0.534607
2.96633
1.80141
3.6429
2.74904
0.868845
2.01194
1.9534
2.61235
1.74123
0.25138
0.714055
2.77457
2.75704
2.4881
1.25806
1.09943
0.999639
3.42563
2.51456
3.1996
1.66428
3.47307
2.91631
2.67352
1.38065
1.97815
3.03289
2.16274
0.592987
0.529337
2.00779
2.22836
1.84222
1.67621
0.897248
2.84264
1.87662
1.28066
2.95006
2.87516
2.36859
2.96584
2.37619
2.05303
2.40693
2.73917
4.47318
2.43501
2.111
2.21607
4.23886
2.14405
3.0605
2.49191
1.47631
1.89082
3.22662
1.18403
3.24935
0.701961
2.49435
1.70934
1.50979
2.84191
0.944759
2.03195
1.93931
1.60757
1.97341
3.88343
2.65494
2.00697
2.74872
2.34016
2.32599
2.9533
1.59026
1.07132
2.39939
1.79013
3.43132
0.621095
2.95783
4.55451
2.37682
2.03258
1.20954
1.41825
1.82568
2.23511
2.11783
2.37276
2.09337
2.85897
1.96505
3.85107
1.73331
2.55385
2.43041
2.1996
1.83228
1.09418
3.59734
3.11181
1.66871
1.59008
2.36425
1.48352
2.82772
2.52987
1.94074
5.25756
3.1586
3.43779
2.93082
3.42023
2.00193
2.40212
3.00218
2.24149
1.68347
3.95085
2.38578
1.59055
1.99249
3.37981
3.18194
1.35005
2.06807
3.35253
3.22356
1.83657
1.94148
3.0333
1.62809
2.85496
2.00089
1.74071
3.83757
1.15271
2.96943
3.36477
1.88863
1.6054
1.86449
0.556909
2.11685
2.70944
2.60554
1.88444
0.978819
2.06841
2.50002
2.14208
2.5645
3.56701
2.89297
3.35354
3.55541
2.86423
2.03783
2.37007
2.72029
2.24445
2.97839
2.53464
2.45091
2.29523
1.72026
0.801976
1.39587
3.90025
1.86315
3.32369
2.56337
2.74148
2.22896
1.38142
1.8469
2.35266
2.603
2.56828
3.6453
2.45212
1.81862
1.48875
1.71819
3.71124
2.56229
1.43178
2.37947
2.76842
2.41205
2.32762
2.992
1.54743
2.48502
2.0416
4.38517
1.84229
3.40582
0.856817
2.93532
1.06224
2.75141
1.65521
2.47657
2.71406
3.43928
3.34134
2.00338
1.64936
2.38344
2.35934
3.3114
3.27557
1.91989
2.25004
1.2205
1.71709
2.05672
3.25158
1.47241
2.07043
3.17141
1.56484
2.46417
1.13826
1.60617
1.68025
2.78649
1.3463
4.1862
3.23684
3.16428
2.33322
2.43739
1.71046
1.00132
2.84159
1.26636
1.36836
2.29174
2.32292
0.878544
3.35378
3.12302
2.27335
3.50375
2.28775
1.94738
1.18032
0.991909
0.633166
2.91892
2.77592
1.86388
2.43464
2.84784
2.41842
2.07114
1.63985
2.41
2.59702
2.686
0.712088
0.975363
1.55653
1.78939
3.02675
3.18236
2.85847
1.62742
3.14741
0.749708
2.9209
3.08358
3.24511
2.69631
3.18845
2.57706
1.25455
1.11408
1.59362
1.58358
2.25587
1.91527
0.701843
1.93741
1.90433
2.58122
3.52113
2.3165
2.34075
2.0633
3.27059
0.960434
2.33407
1.87029
2.61386
2.21099
2.40235
2.25663
1.96468
1.38475
1.55072
2.98884
2.31177
1.84329
1.6072
2.82349
2.4059
2.62685
1.42044
1.69149
2.05352
2.48407
1.57816
2.86261
1.98627
2.24051
1.0061
2.15961
0.907958
1.46212
1.60876
2.43058
1.04854
3.13422
1.30456
3.34609
2.43535
2.6385
2.46733
3.45603
1.51574
1.64696
0.935326
1.00735
