2.99377
2.28093
2.30971
2.59924
3.56533
0.753173
1.33448
2.32079
0.353248
2.62874
2.7721
0.506997
3.24791
1.21953
1.33208
0.950676
1.6187
2.05899
2.48781
2.56402
3.38028
0.857367
2.66292
1.64112
2.02468
2.75667
2.38763
1.30183
0.170988
1.34383
2.83197
1.94185
0.915949
2.30927
1.97508
4.04518
3.4949
2.35831
1.25483
2.15428
1.97176
1.83467
3.66069
1.87648
1.10679
2.23041
2.69547
1.46163
3.68137
1.88657
2.4554
0.379831
2.93309
1.66414
2.02466
2.21386
3.09014
1.7275
2.19142
2.94425
2.02512
2.24603
0.173556
1.50254
2.402
2.84942
3.95115
3.05937
2.12328
1.01496
1.7321
3.08396
3.48057
1.7576
1.19999
2.18932
1.36911
1.93446
1.93069
2.57614
2.70149
3.23138
3.03951
1.52071
3.47702
2.81921
2.37033
2.12092
1.72464
2.1575
2.11551
1.36858
2.74516
2.5138
2.81082
1.58426
1.60777
2.74292
3.51278
3.16708
3.24985
1.99516
2.33308
1.93101
2.71899
2.27612
1.94494
2.58317
1.31263
3.17112
3.39251
2.23831
0.992423
2.35478
2.31359
0.956229
0.572886
1.59165
1.08159
2.62882
0.459912
3.30545
0.339907
0.118021
3.30453
3.55307
3.13665
3.04691
3.47331
2.43149
2.39104
1.64715
2.09867
1.79303
3.61123
1.99812
-0.33596
1.61611
2.05238
2.10055
1.94795
2.26348
2.10178
1.45507
3.10743
1.53315
2.91947
1.67225
1.68597
1.19372
1.90807
1.7851
3.02101
1.86733
2.71808
3.93322
2.18207
2.738
3.5367
1.00094
1.88496
2.38341
3.17986
3.03384
2.23272
3.37723
2.86169
2.76473
1.78696
2.19442
1.7841
2.05788
3.43055
1.76549
2.72667
2.52987
2.63826
2.55585
2.08826
1.56551
3.89219
1.41388
2.55291
1.67137
2.79204
1.16076
2.47975
2.62639
2.55968
3.42042
2.27805
0.955617
2.84103
2.89506
2.73544
1.5413
0.914316
1.60794
0.359453
0.240995
1.4587
2.44205
3.25338
3.71675
2.31391
4.41148
1.89242
3.01829
2.25986
2.74591
0.902276
2.67626
2.72026
2.99789
3.09845
2.97467
2.94451
3.58872
3.35567
1.51476
1.4458
2.92902
3.57822
2.61409
2.65166
0.689387
1.1225
2.91232
2.67325
3.16516
2.85553
3.46475
2.72088
2.49098
2.14267
2.99926
2.65262
1.31728
2.64114
2.49504
2.52394
1.7703
1.62325
1.57528
1.90351
2.05555
1.84061
1.55988
0.383157
2.35648
1.39755
0.747754
2.04237
3.17202
1.77581
0.946234
1.35061
2.54977
0.826522
3.61754
2.6203
2.57757
2.33826
1.81623
2.21453
1.33724
1.66007
3.26876
2.73038
1.81919
2.30842
2.07541
1.25811
3.17537
2.6954
2.78493
3.17625
2.06522
2.12475
1.06572
1.23039
2.52026
0.625284
1.30792
1.1978
2.80817
2.33941
4.13535
3.16693
3.12161
4.00516
2.65449
3.03602
1.2844
3.1788
1.82848
2.25834
1.24393
1.89963
3.4513
2.05726
2.00533
1.71579
2.35373
2.00376
2.72179
3.08498
2.31945
2.25963
1.22028
1.88867
2.22592
2.89891
1.77336
2.45609
2.44245
2.62386
2.89442
1.85835
3.23875
1.93102
2.4561
4.64129
1.87905
2.66736
1.19547
1.9744
0.306197
1.39443
2.0722
3.93962
0.83106
3.20557
4.35158
3.36879
3.07955
2.35919
2.8776
1.28392
1.70122
1.85647
2.04281
2.37603
1.73466
3.0233
2.53506
2.16967
1.90587
0.977971
2.33742
2.72225
2.19605
2.51658
2.79163
2.78028
2.08495
2.80526
2.95478
1.82293
2.05686
1.51161
0.446962
2.53435
2.34644
2.19234
1.9425
1.69698
1.93739
2.31053
3.01681
3.03962
2.64773
0.990687
3.04903
2.16984
2.10184
1.68932
2.04172
1.57474
2.46693
3.49032
2.68413
2.89233
3.0648
2.74674
2.69606
2.32216
2.87237
3.56794
1.67118
2.43252
1.05444
2.25728
1.3495
2.31097
3.36611
2.38984
2.34696
2.49484
2.21266
1.47655
2.27157
2.09944
1.99838
1.67213
2.29856
2.86564
4.24051
2.64396
2.97669
3.44254
2.16434
2.02465
1.51027
2.87602
3.03126
2.92576
3.06719
3.91861
3.58867
1.42966
3.58936
1.78953
2.16217
2.31904
2.1417
2.74885
3.9504
3.36509
3.19394
3.41702
1.74937
4.31679
1.98564
2.81548
2.89903
1.14779
2.78824
2.71119
2.74026
1.18714
1.43989
0.872994
2.03074
1.50296
2.96372
3.82721
1.4602
1.78883
2.2277
2.56708
1.56559
2.03954
2.16016
1.21807
1.20765
3.45391
2.12296
1.53146
2.09673
2.47559
2.00452
2.39297
2.56233
2.64997
0.750316
1.02336
2.02128
0.691401
2.16994
2.1174
-0.0296838
1.87043
1.79742
1.63497
1.66093
2.08353
2.56592
2.32202
1.47057
2.33931
2.60241
3.42247
1.54809
3.54125
1.68638
1.45283
1.8683
0.883203
1.28442
1.87987
1.81321
2.81147
3.71541
3.73648
2.25339
3.19941
2.2508
1.80781
2.47095
3.0866
3.42759
3.12344
1.2426
1.2812
2.58192
2.03118
1.85797
2.63067
2.38068
2.00367
4.03981
-0.434632
1.20406
1.7488
2.64052
2.70959
2.86938
2.68033
3.15711
1.20004
2.84255
1.41262
2.16636
1.94305
1.0576
2.39639
1.10215
3.04775
1.29958
2.16544
0.568098
2.1918
0.930761
2.967
3.32576
1.54696
-0.110792
1.8431
3.45856
1.63098
2.81101
1.08498
3.4046
2.49995
3.10986
2.12255
1.61544
1.9572
2.206
1.41621
0.830206
1.10114
2.59654
2.53085
2.12014
2.2525
2.03694
2.24664
3.78047
2.27937
0.906656
1.50776
2.30072
2.67216
1.80386
3.37937
4.18394
1.51091
2.95759
2.29338
2.94859
4.03981
1.25362
1.74615
2.82275
1.68027
1.4044
1.53603
1.40017
3.22087
2.74715
2.18129
1.80345
1.6437
2.88249
0.242972
2.76915
2.8844
-0.874528
1.9319
1.5401
2.13348
1.56333
2.4
3.33476
0.889613
2.69494
1.88232
1.00375
0.575732
2.27896
0.415501
1.81262
3.22575
2.10064
2.7162
3.04963
2.10555
3.02206
-0.449611
0.947297
1.4702
1.06625
1.0087
1.37285
2.61378
3.87383
2.10727
3.86036
2.62885
3.13184
1.96244
2.2639
3.57424
2.7629
1.79603
3.35553
1.30558
1.79967
3.13662
2.88695
2.63847
0.983333
1.9308
2.07111
3.41625
1.37547
1.93369
2.46517
1.85887
1.49358
2.05975
2.71532
2.46876
2.19344
2.08695
1.4358
2.04542
2.98529
1.57897
2.34327
2.52139
2.96466
2.89053
1.58917
2.60231
2.41898
2.93324
1.08953
2.69565
1.66075
-0.215908
1.91079
1.53511
2.57425
1.07794
0.93423
2.88794
3.86374
1.30363
2.7046
0.704599
2.49261
1.42605
3.06133
2.83024
2.80119
2.79115
1.82393
2.33375
2.56635
3.5891
2.25688
3.28049
1.95328
2.77746
1.91399
1.59288
2.89697
0.759717
2.93511
1.48739
2.93975
1.1833
0.866443
1.74761
1.90683
2.02589
2.55348
2.68926
3.00716
1.55538
2.16178
2.33726
1.28105
3.32864
2.42572
3.85714
2.79643
1.91279
2.4818
2.47724
1.77244
1.81035
1.44956
0.484566
0.417701
1.89709
2.44951
1.39513
4.18517
1.75156
0.882907
0.642538
1.72092
2.94241
2.26886
1.44846
2.18448
2.19078
1.32576
1.5296
0.763889
2.09047
1.97536
1.94685
4.88821
2.13126
1.6367
1.10714
2.41793
2.02837
3.01864
2.66664
1.43071
1.11008
1.4449
1.53242
1.80611
2.4489
1.23228
0.986819
2.51154
3.96603
1.43464
2.22447
1.8382
1.80459
2.58298
1.35816
2.38354
2.48409
2.80229
1.00519
2.88674
2.85737
2.32646
0.767499
1.87588
1.0084
1.62813
2.03509
1.98909
1.02513
3.17225
2.85295
2.39395
1.67501
1.41696
2.22176
2.83239
1.2525
1.8257
1.21092
1.93114
4.34219
2.23454
3.52656
1.70886
1.14191
0.63325
1.99179
2.70521
2.1229
2.67169
2.2319
2.13231
2.16641
1.36547
2.2007
1.96938
1.08465
2.93488
2.96688
1.95411
1.64206
3.04734
1.50305
1.23514
2.91182
1.57979
3.51806
1.86747
2.15353
1.11475
1.56767
3.2089
1.38107
3.02653
1.69473
1.86909
0.9075
2.38653
1.22869
3.21883
2.71072
2.06872
1.93681
2.85718
1.98915
1.55614
2.12112
1.44144
1.73074
3.32101
2.19726
2.10015
2.83986
1.55251
2.57426
2.85656
2.66977
2.70666
3.57433
1.90509
2.19645
1.14674
1.99963
1.76713
2.11868
2.99817
1.41554
1.42765
0.565597
2.23716
-0.00509702
1.45255
1.31514
3.31585
3.30051
0.247305
3.13762
2.77853
2.11834
2.9278
2.2399
1.38882
1.43101
2.58537
2.25171
2.44439
5.02215
2.96318
0.654964
1.24883
2.56634
1.45419
0.760755
2.29705
1.29046
2.50151
4.61434
0.661227
1.40737
2.40926
1.93541
2.0164
2.07295
1.16749
1.86899
2.56191
1.58182
3.141
2.09593
2.44546
1.42985
1.84982
1.68026
1.95926
1.56203
1.51832
2.4386
1.80764
0.64705
2.53124
1.30999
2.80919
2.2815
2.1128
1.63144
1.5111
3.06159
2.9949
0.242364
3.34759
1.87948
1.6245
1.49979
1.58553
2.00613
1.74579
1.96352
2.4911
3.08852
0.919485
2.08205
4.07282
1.43006
2.47327
2.54127
2.80295
1.7625
1.66058
2.32479
1.9035
2.23473
2.80346
2.69396
3.73119
1.69462
0.891593
1.28556
0.0360436
1.25732
2.55267
2.96785
1.84373
2.07027
1.42303
1.6469
3.36004
1.18132
1.20863
1.59312
1.39419
2.35113
1.74008
2.85236
3.41472
2.32007
1.4868
2.88433
-0.132031
2.88054
2.21159
2.67827
1.93082
0.573341
1.62522
3.33236
3.34771
1.8206
2.32976
2.57967
2.62752
2.30231
3.50751
1.46617
1.03041
2.67685
3.45631
1.82288
2.10745
2.68501
2.39403
0.645256
3.43085
3.4989
2.88072
1.4622
1.95179
2.79059
3.03528
3.72353
3.16747
2.1859
2.5073
2.39391
2.41103
1.19861
2.59311
2.94859
2.61973
2.59683
0.954267
2.55328
2.22286
3.77772
2.58129
2.76429
2.59689
2.27734
2.75026
2.26328
2.02775
1.9153
3.17554
2.56841
2.19506
2.26884
2.24511
2.24596
3.40806
2.30124
1.71081
2.62075
2.8615
2.47518
1.69495
1.27291
1.30167
1.96332
3.48842
1.53363
2.78237
3.50847
3.09877
3.46039
1.65367
1.9141
2.89837
3.16232
1.26496
2.46454
1.18178
2.77904
1.63085
3.31654
2.85242
3.09969
3.26189
2.35408
2.60793
4.37841
2.3412
1.79739
1.56336
1.24249
3.39578
3.65448
2.53581
0.994147
2.91633
2.51168
1.48061
2.61041
3.3338
2.22691
3.31029
2.4431
1.95506
2.3609
2.55664
1.98979
2.49436
2.58908
2.66463
2.7224
2.63578
1.54495
1.13953
3.20085
3.45691
1.73847
2.23397
1.8052
2.33337
0.411929
2.53616
1.61396
3.77861
1.76177
1.64242
1.40049
1.88048
2.53354
1.57419
2.03752
3.06982
1.53332
3.68488
2.95606
3.99468
3.08076
1.85942
2.45545
1.17546
1.83654
2.22074
2.84071
2.4391
1.23695
1.22523
1.54019
1.88102
2.5933
1.50105
1.28232
2.59115
2.7404
0.644366
1.91648
1.801
2.36868
1.60108
2.93139
1.75201
2.80161
2.66455
0.793046
3.52587
2.77195
1.51476
2.9222
3.2694
1.15603
1.41268
2.41249
1.85411
1.28206
1.64465
1.93678
3.48046
0.873632
2.22303
1.34527
2.35586
-0.161698
1.41509
3.21308
2.74084
1.58372
1.47049
2.79684
3.01942
2.68347
3.12333
1.65969
4.09686
2.85547
1.14116
0.945265
2.76301
3.22906
1.88062
3.41554
2.76166
3.61768
2.31496
1.65108
1.68671
2.06066
1.64896
1.75961
1.72597
2.67571
3.21866
3.32278
1.29172
2.94726
2.81783
1.02689
2.03361
1.7694
1.24901
2.76335
2.30846
2.32376
1.30966
1.86394
2.91165
2.58859
2.86816
1.80126
1.89508
2.63412
2.41266
2.24332
2.34457
1.22532
2.41997
2.13112
1.24705
2.40428
2.5146
1.16864
1.9798
2.12221
2.83802
2.85049
3.11834
0.689088
2.72424
2.302
1.74158
2.41182
0.912941
2.55474
3.44225
1.61712
0.526325
3.69919
1.62852
1.83163
2.84155
2.32418
3.05678
1.25462
1.91408
2.02949
1.11463
2.60639
2.18387
2.94572
2.18063
1.44814
0.641225
2.44419
1.58162
1.5635
2.09847
2.27376
2.15104
1.27821
1.23211
2.36237
2.82145
3.39168
2.09481
1.20448
2.10276
1.37215
2.31209
2.25625
0.774812
2.32108
2.47464
1.53105
2.82319
2.10872
2.56277
2.55884
4.40823
2.3032
2.70245
3.14471
1.74241
1.51818
2.49536
2.32182
2.62588
1.27558
2.77211
1.71648
2.82667
3.11147
3.45437
2.75639
2.12069
1.94682
2.53782
0.83518
1.26916
2.33472
2.21247
3.7497
2.39211
0.971084
3.75567
3.45067
2.88139
2.03312
1.23351
2.62004
3.11948
2.95722
2.72289
1.51726
1.96314
2.62372
1.82909
0.725738
2.79814
3.62685
4.37299
1.91688
3.1386
1.97407
2.77981
0.500763
2.57024
2.24885
2.30695
1.81517
0.762195
1.95313
2.69714
2.02059
1.34497
2.29317
3.09559
3.15639
2.48547
3.58576
1.00344
2.34175
1.74608
2.43244
2.34254
3.19303
2.54157
2.83606
2.09744
0.0344939
2.15176
2.80103
1.86585
3.28467
2.10404
2.09841
1.8777
1.7651
1.06985
2.48894
3.24153
3.08095
1.5677
0.824746
1.62898
1.55159
3.42015
3.10212
1.54939
2.17012
1.37858
3.19662
2.37466
2.90773
1.39437
1.74505
3.0882
1.97411
0.930847
2.81559
0.699975
1.69839
0.0745117
1.07915
2.40348
1.28902
2.11318
2.35485
2.58426
3.1332
1.33922
0.314539
1.35996
1.78873
2.1627
3.32002
2.68925
2.14133
1.21008
2.21885
1.09274
2.78622
2.40705
2.83347
2.56065
1.91899
3.0557
2.31093
3.00023
3.21498
3.18792
3.96713
3.49589
2.01934
1.54133
2.38254
1.55609
1.87396
2.18988
2.80761
0.396245
2.04924
0.106756
1.36119
2.47938
3.60787
2.62961
0.445735
1.2966
2.76006
2.84479
2.49784
1.55396
1.92236
2.66747
2.37024
2.32771
1.73995
2.45101
0.272339
4.01121
2.72027
2.85671
1.41841
1.77765
2.19186
4.07153
0.656921
2.16269
1.29946
2.62978
1.90334
2.70162
2.79904
2.97669
2.45098
2.86789
2.06079
2.24681
1.53077
2.08544
1.56171
1.71929
1.48684
2.08426
1.42109
1.88756
1.97902
2.62204
1.3769
1.58206
1.77199
2.5423
1.40562
2.72499
1.87418
0.789517
1.72517
2.71111
1.63709
2.06377
1.07976
1.33561
2.35391
3.41758
1.07273
2.34453
3.35811
1.81788
2.93819
2.01935
1.4716
2.60811
2.41056
1.28057
2.79901
2.51616
1.80499
2.37354
3.03273
0.366124
1.91998
1.88111
3.13675
2.03532
2.39466
1.73814
3.02587
3.58661
2.4154
0.659571
2.27309
0.86622
3.20241
1.8878
2.7023
1.85081
2.96078
3.25426
0.601481
1.50661
2.50458
2.35171
3.03507
1.5037
1.35592
2.32912
3.75809
1.71061
2.21489
2.30525
3.86096
3.25186
2.06677
0.106331
1.79156
1.82011
1.90421
1.67802
2.24459
1.96191
3.43526
2.61533
2.29488
2.39974
2.62832
1.67328
2.22319
2.77475
2.23043
2.53506
0.896607
1.63608
3.20325
2.87614
1.93605
2.31762
1.71631
1.42393
1.4335
2.32575
2.3575
2.76152
1.04029
2.41549
1.92211
2.39015
1.15945
1.85159
2.56097
3.18154
2.54119
2.16156
3.0438
2.48503
3.03368
2.1452
2.02869
2.63647
2.68378
2.74212
3.05873
1.95554
2.4653
2.73669
3.12275
1.42221
1.70827
1.26369
2.95773
2.50244
1.23145
2.50768
2.5279
1.84027
1.78688
2.60619
2.97482
2.56149
1.81349
3.32976
1.424
1.97961
2.84848
2.37464
2.51467
3.67467
2.73321
3.58528
1.25852
1.36445
2.87257
2.13707
1.60154
3.10609
2.6521
1.02225
1.95103
2.37487
2.57812
0.786041
2.29957
1.98487
2.15437
1.6988
1.8231
2.92578
2.5281
2.14508
1.82072
2.9922
1.53157
2.88824
2.91576
1.64711
0.436717
1.97425
2.68456
3.43021
3.34652
2.61884
1.79302
5.21294
2.12602
1.60569
1.5867
1.66724
0.56922
1.44917
1.71962
3.27854
2.23105
1.86431
1.8385
1.44545
1.67887
2.27331
2.17479
1.43046
1.59063
1.36161
0.544762
2.29241
2.45072
2.19561
1.35069
1.13433
1.16742
2.51123
1.33143
1.47809
2.36264
1.99055
0.728597
2.5788
3.38488
2.45243
3.44238
3.23964
2.31454
4.057
2.88989
2.37162
3.68268
3.56837
1.54561
2.77166
2.17371
2.80992
1.11431
2.1676
3.36419
1.71215
2.39728
1.25228
3.4501
1.58768
1.5972
3.02758
3.80078
1.16111
3.61875
2.00783
3.60641
1.32539
0.916874
1.67546
2.07082
3.46105
3.30582
2.68608
2.58836
1.90654
1.22736
2.73365
4.15885
1.87968
2.98009
1.61506
1.51358
2.25715
2.83361
2.38177
2.85817
2.18308
2.62552
2.03473
3.71976
2.51115
2.59733
3.84284
2.71495
2.4973
1.20926
1.21697
1.41003
3.004
2.59806
2.00548
2.78373
2.10267
1.55922
0.580097
2.01274
1.17527
0.931158
2.97961
3.45735
3.02186
2.44306
2.06364
1.37653
2.73857
2.32092
3.78139
1.7046
2.15159
1.28583
1.02415
3.11904
0.74137
0.905521
1.87116
3.61668
1.67306
1.03862
1.6523
1.6937
1.9983
2.54876
2.33079
3.29585
3.27209
1.4622
2.43965
1.17683
2.2213
1.0493
2.45552
1.65567
2.59592
2.37346
1.97295
2.61898
2.34625
2.06788
1.02347
2.32642
4.07398
2.20014
1.16148
1.46745
1.43241
1.39581
0.771909
2.29676
2.32554
1.23408
3.07849
3.08856
3.46861
4.31685
2.44509
2.5752
2.55981
2.05067
1.14152
3.47421
2.31621
2.18177
2.60831
2.15505
2.22844
0.279619
1.39133
1.58223
2.99148
2.45211
2.75931
2.95955
3.14309
2.28414
0.874877
3.11355
2.36232
2.43866
0.825227
2.17584
2.43992
2.64048
2.23379
2.57545
2.40295
1.97087
0.0927578
1.53628
3.16793
2.77873
2.55068
3.17286
2.06324
2.6169
2.31802
2.92649
2.12084
1.57202
1.99224
2.95691
1.48087
1.84781
2.22275
3.03971
1.9493
1.21105
0.590001
1.58214
3.58715
2.25364
2.55113
1.15794
2.28551
2.75719
1.4795
2.81272
3.52444
2.81649
0.0494463
1.0735
1.80079
2.25354
2.00214
4.34644
2.95043
1.08458
1.51517
1.20851
1.53512
2.99381
1.14041
1.55945
1.38032
1.93333
2.07853
1.52553
3.35013
2.80135
2.64257
2.84807
3.12052
1.8639
2.38231
1.97278
3.11963
2.21212
2.02547
3.09886
3.4224
2.01763
2.1811
2.24699
2.85357
1.79951
2.03627
1.98766
1.66104
1.46717
3.51657
2.34254
0.899899
1.74603
3.11473
1.20304
2.0711
3.0052
3.10487
1.74107
3.40496
2.07353
3.16567
3.07078
2.059
1.99999
2.33194
1.59876
1.81866
2.08275
3.5607
0.982447
0.632159
2.82063
1.82022
4.14044
3.07515
1.61657
3.22831
3.01026
1.72298
1.00086
2.71265
1.86497
0.947837
1.4517
0.793461
1.74616
2.43397
2.347
1.87755
2.28962
2.5361
2.82068
1.26325
1.74351
3.10315
2.87149
1.21715
2.62262
1.20026
2.01374
1.91083
1.44028
3.17226
2.50046
1.91647
3.00509
1.98896
3.67219
1.77264
1.86662
1.01054
0.459403
1.03534
1.62867
0.50671
4.02512
1.88226
2.36753
3.21128
2.65523
1.88704
1.9172
3.84343
1.46146
2.05683
0.0659272
1.1214
1.82049
1.5902
1.17793
2.70431
2.19514
2.10761
2.70068
1.34741
2.03072
2.35858
2.95156
3.21082
2.31662
2.45191
2.49821
3.52276
2.05697
2.48428
1.30882
0.708971
1.76854
3.48924
1.29715
1.61698
2.83082
2.2987
3.35522
4.26877
2.97243
2.19117
2.3583
2.59304
1.53566
1.66656
2.54267
2.53223
2.36247
3.20783
2.55252
0.710483
3.01678
3.10106
2.10652
2.55856
2.31004
1.36455
2.95075
2.69651
1.83317
3.23407
2.08376
2.51709
4.17631
2.58715
2.64574
1.39992
1.61022
2.93111
2.84632
2.53477
2.31156
3.79853
1.53166
0.772693
1.89851
2.85085
2.85537
2.05531
1.64484
3.1861
2.21533
3.76555
2.06998
1.50681
3.53793
2.1556
2.51655
2.63076
1.74763
3.7636
3.92319
2.23815
1.61358
2.35032
1.56147
2.31101
3.76735
1.88615
1.74601
2.05602
2.2748
2.44452
2.63349
1.56588
3.14188
2.26626
2.87502
1.92091
3.81243
2.45409
2.03206
3.09146
3.03942
2.80052
2.39319
2.64902
1.29752
1.72078
2.6413
1.89261
2.76579
1.61795
3.26093
3.27466
1.25727
3.33236
2.02453
4.12407
2.40232
2.63732
2.64333
1.62223
1.57995
2.07118
1.77856
1.18374
2.44347
2.37877
2.11124
2.29906
1.12845
2.80653
2.64941
3.59064
1.34211
2.88456
1.72393
2.48555
2.89393
3.80986
2.78096
2.94529
2.36398
2.8277
3.10655
2.66425
1.62668
2.89447
2.1974
1.06371
0.668614
0.372026
4.01301
2.88463
2.49967
2.03732
2.41899
4.19913
3.29406
2.80628
3.66416
3.78468
3.95417
1.81368
1.64705
0.708139
2.90317
3.04667
1.47473
2.27115
2.75428
1.06831
1.84068
2.47083
1.30984
2.5642
1.39486
1.7748
2.33651
1.03376
2.668
3.25695
3.84587
2.66871
1.23241
3.06199
3.21205
2.0505
3.22197
2.10441
0.765982
1.75678
1.52208
2.72506
3.29385
2.51798
2.80191
1.40541
1.95724
4.35883
2.48423
2.20296
2.10436
2.00043
1.93026
1.54951
2.18135
1.83169
3.26716
2.12619
2.2293
2.16691
1.81223
3.01153
3.31496
2.35378
2.58041
1.08413
2.81636
3.04891
2.98763
0.288096
2.11318
1.76454
3.36909
1.6211
1.86357
1.87272
2.05547
3.71068
2.38947
1.56684
1.7642
2.49181
1.62376
2.04883
2.20588
0.659093
0.752478
1.07749
1.72103
0.917545
3.25088
1.89102
2.68435
3.74709
1.77436
2.03322
2.7427
1.9947
0.448437
3.43429
1.67383
2.04473
2.50188
3.44243
1.24067
3.24187
2.1658
2.80898
1.96562
1.94706
1.63484
2.7024
3.19114
2.18425
0.906148
1.67069
3.61895
1.65275
3.58708
1.82377
0.17796
1.32962
1.79249
1.91214
0.413985
1.56825
3.32476
2.93619
2.53066
2.92421
1.78185
1.90618
2.04794
1.85707
1.93711
3.0121
2.43746
3.52695
0.833525
3.42395
1.35524
1.74049
1.84158
1.40674
1.44834
1.71847
1.41436
1.65095
1.49404
1.89452
3.16347
2.79244
2.06849
1.92427
1.52779
3.17555
4.14415
3.17068
2.87677
2.63941
3.59338
2.71743
2.25773
1.47377
2.67415
1.65008
2.12199
1.79326
0.0570492
2.06413
2.05007
1.52197
1.82077
1.45008
2.88883
2.2796
3.26083
2.5078
1.71727
2.2252
2.67256
2.21892
1.11613
-0.494815
2.82533
2.0132
3.00591
1.57759
2.21437
1.50589
1.83461
1.80203
2.93445
3.12466
1.86003
3.07547
2.26751
2.70856
3.50302
2.00079
3.67032
2.9319
2.62619
3.19584
3.19942
2.08075
1.67901
3.17336
0.344056
3.50794
2.64931
1.37057
3.1408
1.25687
4.01454
2.01847
2.12599
2.14293
1.63082
1.50289
2.17395
3.03371
1.67694
1.71238
2.13254
3.37571
2.38003
2.67545
1.66255
2.59087
3.27026
2.5314
1.30266
2.35162
4.2945
2.08697
2.38755
4.0108
3.69914
2.47967
2.20674
2.67891
1.21434
1.57196
3.01141
2.72101
2.05052
3.83172
2.12044
2.32399
2.42124
2.67062
1.50021
1.24306
1.50382
2.32768
2.80135
2.15003
2.46111
0.800151
2.50826
2.17962
2.55526
3.93789
2.37404
3.67896
3.11771
1.97315
3.71201
2.24164
1.45282
3.41614
2.76353
2.36132
2.99757
2.88918
1.87984
4.02737
2.24158
4.134
3.40985
1.7274
1.41177
1.58844
1.515
2.13082
1.68843
0.845388
1.69851
2.0092
2.98994
1.1001
2.53944
3.59793
0.754884
2.05147
2.68126
1.22072
2.18963
0.777795
2.38957
2.41155
3.18345
1.48729
2.8991
1.37128
1.74175
2.71146
1.11443
1.59858
2.03582
3.21199
0.939722
3.24556
2.45385
2.12163
1.91306
1.79395
2.24336
1.22117
2.16301
2.68912
2.40169
1.00667
2.62778
0.896815
0.843102
2.42842
3.46127
2.47635
1.60301
2.11432
2.93552
3.00812
3.01799
3.83086
2.60855
2.64584
1.69574
1.63883
1.19849
1.38635
3.792
0.69987
2.40533
2.80198
2.54588
0.836995
0.575062
3.16817
2.11671
3.30849
1.08142
4.06813
1.82475
1.58308
2.68361
1.79589
2.08336
1.17
1.94343
1.34536
2.44651
2.51911
3.53304
1.83037
2.00383
1.37465
2.087
1.64148
2.556
2.19295
1.03658
2.33672
1.87713
1.97677
2.27229
2.09775
2.95858
1.76289
2.9715
1.96109
1.3914
2.53335
2.82383
0.547621
1.64971
0.979749
2.23259
3.99816
1.48887
3.36756
2.69685
2.5512
3.33379
3.79066
0.48889
2.70849
1.69233
2.26611
2.08405
3.59094
3.02065
1.30122
1.41669
0.872664
2.66624
2.43099
1.38194
2.26505
1.7115
2.06411
1.42677
2.12795
1.7056
0.959517
2.19104
2.4359
1.93181
2.11757
2.78666
2.78981
1.22901
3.20429
2.87998
3.22497
2.1021
1.84751
2.28531
2.01894
3.91908
2.81071
2.99466
1.12696
2.46533
2.6668
0.972523
2.10203
1.19336
2.78979
2.8017
1.6706
1.52999
0.939013
2.53482
3.33098
2.07675
2.83607
2.60212
2.29742
2.44971
2.02923
1.68727
2.52352
2.42419
2.86271
2.42296
1.52506
2.30422
1.24147
3.11578
2.45859
3.06175
1.90752
2.09485
1.83504
1.36663
2.74388
2.13062
1.5498
2.3333
2.2995
2.13688
1.02796
1.78869
3.01191
3.92955
2.77581
2.58385
2.33327
2.10617
2.06923
1.65221
2.13661
2.51129
2.6949
2.11833
0.361961
3.79313
3.33324
2.9322
2.87598
1.61619
2.66972
3.16365
3.05991
1.88843
1.20446
0.360615
2.0394
2.1933
1.49222
1.63825
1.95308
3.60378
2.97356
1.9334
2.91087
1.90733
1.05782
2.00164
3.11658
1.14575
1.88901
1.95406
1.31629
0.918236
2.12455
1.58663
0.613737
3.881
2.8405
1.926
3.75942
2.87437
2.5224
2.96337
0.402692
1.48641
1.64386
1.83592
1.28134
1.20613
0.601976
0.856905
2.93112
1.93402
1.95543
2.45018
0.954757
1.30771
1.23963
1.51743
2.01679
1.1609
0.614831
2.76149
4.12504
2.21216
2.86887
3.83304
3.83768
2.05402
1.64196
2.38197
1.67838
2.00151
3.29237
3.12006
3.39463
2.24806
1.58544
3.51339
2.15845
1.46061
2.13595
3.36802
3.18382
0.82077
2.99856
1.4182
2.81407
1.63539
3.7299
3.69277
1.97805
2.11171
1.50661
1.06271
1.64316
1.69793
2.04819
2.6928
3.23317
3.05117
2.64669
1.05985
3.03584
1.61576
2.46421
1.7004
2.24625
2.49188
1.68036
2.43542
1.86794
1.52464
1.90225
1.62529
1.23201
0.961597
2.25517
2.17292
1.73699
1.31759
2.40682
2.8363
1.17068
2.24811
3.06411
2.06914
1.4941
3.16289
3.12332
2.40342
4.39772
1.92568
1.22264
0.12376
2.62288
1.88521
1.27476
1.43076
2.48354
3.4326
2.40572
2.44
0.726384
4.06463
1.10896
2.7855
3.36672
2.61704
3.72797
3.24993
0.786054
2.53637
2.19392
3.04227
1.28286
1.04208
3.7487
2.15352
3.19262
2.52377
2.13151
2.86277
2.22568
3.0945
3.15741
1.65328
2.44037
1.48961
1.65591
1.37343
0.96526
2.47687
2.36932
1.81658
2.53159
1.90945
2.5553
0.90001
2.12292
2.47663
2.28212
1.74296
1.78001
1.90626
2.09022
3.45797
2.63528
3.13952
2.28418
0.933163
1.45728
1.13448
3.35645
3.59433
2.16884
3.40447
1.66043
1.54397
2.33467
0.852253
1.62713
1.61976
3.32399
2.55463
2.43384
3.26448
1.6861
2.27972
1.83325
1.42504
1.68846
1.50451
2.44876
3.64959
1.38585
2.24912
2.08902
1.1684
2.37707
0.898801
2.77319
1.50767
2.15767
3.22736
2.48532
1.51308
2.6106
3.19251
1.72466
1.98305
2.26601
2.60295
3.14152
2.99347
1.21823
3.31298
1.44664
1.69603
1.09394
1.78574
0.649128
1.40451
2.12298
2.72005
1.25797
2.56786
3.14306
2.36539
2.90421
1.72489
1.50337
2.10842
3.36219
2.84379
2.46368
1.90757
2.47659
1.39155
1.54504
1.59579
2.71947
2.28694
2.76898
1.88144
2.4639
2.29118
1.84238
2.29439
2.76425
2.26204
1.6581
2.5811
3.55772
3.05596
3.69707
2.14169
3.51959
1.99259
2.52384
3.87634
1.78393
1.01629
3.09115
2.32019
0.963114
2.32244
2.37546
3.27278
1.84651
1.5123
1.20172
1.5193
0.800041
2.81889
2.10079
3.35648
1.40515
2.11865
1.84352
2.73838
2.13099
2.20374
1.07729
0.819355
1.41138
2.5404
0.619172
1.48996
1.22805
2.21384
3.69293
2.33875
2.96646
1.78976
2.56412
1.68882
0.613682
1.85745
3.42047
3.85971
1.47045
2.62433
0.927249
2.70181
2.37055
3.92258
2.6001
2.47883
2.4873
2.22758
2.74973
1.97487
1.09386
1.40759
2.66155
2.55695
1.47953
2.71869
1.79331
3.01281
2.44143
1.76811
2.53933
2.52812
3.43661
2.27808
1.06939
2.69562
1.4925
0.815956
0.44818
2.52073
2.44642
1.63875
3.38386
2.58204
2.45408
3.53567
3.79648
1.87243
2.23175
2.66213
3.06057
3.18595
2.55443
2.01761
3.06533
3.97918
2.21024
1.08069
2.16373
2.11428
2.88391
2.64164
2.68057
3.07478
3.28232
3.23331
3.20513
4.37997
2.63511
2.51636
2.19863
2.64019
2.09421
2.75919
1.74419
1.63122
2.52143
2.5583
2.37478
2.22232
1.86305
1.70749
2.79494
0.729465
1.56554
3.08472
2.39554
3.18931
0.453098
1.00158
2.39504
3.20021
1.8836
2.85371
3.0207
3.22719
1.88493
3.14435
1.17967
0.626335
1.69625
1.51013
1.19711
3.08693
3.12186
3.68132
2.94497
2.58777
2.04133
0.906522
1.5983
1.91315
2.31063
2.39727
2.46984
2.67138
0.690849
1.74107
1.56171
1.52234
1.64336
1.672
2.07359
1.52116
3.79449
1.25311
3.16049
1.88801
2.19848
0.906425
1.95528
2.52127
1.80087
1.49283
3.28434
1.97115
2.48176
0.111612
1.71225
1.43648
2.37754
1.5058
1.33447
2.00364
1.88887
2.07149
1.67275
2.12768
1.77492
0.571673
1.52822
0.630555
1.82033
2.49062
4.21998
1.38718
0.794185
2.26228
3.228
2.16782
2.18207
1.4635
2.40055
0.489
2.68148
3.64567
2.237
3.49438
2.01462
2.24414
3.34546
1.98165
1.33679
1.54338
1.89706
1.58136
3.26183
2.34451
2.09188
1.27674
1.00273
1.27918
1.5727
3.26095
1.7084
3.70514
2.30283
0.891161
2.16579
0.838893
1.57516
2.3222
2.71086
1.53713
3.08455
3.04298
2.77587
3.11556
2.07913
3.27565
2.22714
2.69761
3.19902
2.41997
3.54104
4.03626
1.97004
1.26299
2.78229
1.8321
2.43307
2.15897
3.06707
2.68772
2.63906
3.41674
2.61433
2.78835
3.61094
2.216
2.63315
1.70589
2.90797
1.12574
1.43294
1.5637
1.72524
2.10426
1.92245
1.80629
2.70028
2.27523
1.53899
3.16515
3.64906
2.39366
1.89489
2.7486
1.51494
4.06808
2.7669
3.86215
2.98785
1.86751
1.94802
1.67435
2.8522
2.09278
1.90706
1.94827
2.00808
1.79449
1.88192
1.85919
2.65901
1.50036
1.3416
2.31837
4.5007
3.74638
1.77436
1.48055
1.90824
2.66406
2.8867
1.33712
2.94897
1.39123
2.55366
2.01169
1.42861
2.0649
2.46692
2.74008
2.53144
1.96777
1.20707
3.60301
2.15808
2.26512
1.27856
2.57278
2.1763
4.24272
1.10885
0.941457
3.19963
2.21577
1.91255
3.43462
2.53999
3.80991
2.57533
1.44254
1.26713
3.29985
0.0474462
2.19208
2.86801
2.15002
2.35416
2.14682
3.07117
3.53252
3.05813
3.16113
2.53285
2.58648
2.59089
2.29874
2.34301
2.73325
3.7338
1.80944
2.84735
1.33115
1.73789
1.50489
3.47964
2.90388
2.46214
1.18323
2.23379
2.11248
2.23211
2.64825
1.54992
0.530811
2.28275
3.85192
1.8917
2.73252
-0.443131
3.38552
1.13084
2.74503
3.06271
1.89302
2.33388
0.159683
1.47654
2.1274
1.18268
2.51768
2.52465
2.92008
2.19466
1.35724
2.09761
1.58393
2.25265
3.35804
2.69142
2.91978
1.52311
1.40441
3.10289
1.12018
2.73248
3.30125
1.36966
3.17308
1.98299
3.89763
2.42978
2.03673
1.59398
2.36987
2.66189
3.65968
2.01591
1.79621
2.10609
1.81415
2.76107
1.39173
2.62382
3.83633
2.99114
2.55455
1.46689
2.23066
4.16634
2.24418
2.07394
2.58528
2.2608
2.56635
0.525865
2.28385
2.35525
2.89338
3.22742
3.0752
2.1894
1.8187
2.41952
1.61455
1.39565
2.10911
2.54681
0.361028
2.30548
3.18186
2.64655
2.79055
2.82531
2.99042
2.87969
2.12503
2.49932
2.39762
2.90878
2.53385
2.09362
1.60039
3.24792
2.32751
2.03711
2.06409
0.685968
2.22039
2.73863
3.35694
3.62451
3.40588
2.36396
1.41399
2.2103
1.98792
2.52795
2.25412
3.03403
1.52546
3.71201
3.22761
1.76127
1.44238
2.41669
4.62076
2.28504
1.93584
3.01284
2.46114
0.421178
2.66546
2.18529
2.54647
1.8672
1.5355
2.4179
2.0175
1.29319
2.16748
1.84086
2.07926
2.63631
1.86257
2.18251
2.46356
2.44357
0.828602
0.694765
0.999337
2.07547
1.71779
2.1619
3.69428
2.96117
0.835459
3.18045
2.43459
1.04968
2.82121
1.51278
0.116233
1.63697
2.13731
1.02286
2.22382
2.26257
1.11144
2.3387
2.07677
1.84278
2.54111
2.39411
2.48344
3.18928
2.44791
2.13665
3.55741
3.03697
2.73834
2.69973
3.93551
1.57384
1.86571
0.38886
2.20181
1.54111
2.62543
2.45189
0.990729
1.88112
2.66715
2.60338
2.00782
2.54155
0.933996
2.90657
4.14972
2.55966
1.74063
2.92915
2.65792
2.59501
2.67691
2.39849
2.22518
1.92148
2.00558
2.86079
1.88124
0.816322
2.57133
1.05648
1.9069
0.781918
0.963786
2.10686
2.93815
2.75511
3.361
3.18508
2.4284
1.56599
1.35287
3.98023
2.9195
2.60309
2.08643
1.78006
2.76608
1.15719
2.64694
2.69447
3.21071
0.992737
1.48134
0.974349
4.17869
1.0243
0.866635
1.82112
2.10413
2.48126
3.16062
1.80087
1.42941
1.96366
1.6418
3.10965
1.56728
1.7267
3.99448
1.05792
1.85399
1.9813
3.2082
1.2416
1.73165
0.92382
3.14448
4.05809
3.08068
2.98437
2.61419
2.70912
1.79903
2.56914
2.41312
1.68458
0.502485
1.70489
3.02954
2.51564
2.48808
3.09193
0.641623
2.86757
1.1879
0.95711
2.54963
3.99175
0.753891
3.07378
2.62887
2.88224
0.733225
3.34713
2.87023
1.33816
4.57738
1.72192
1.22075
2.0501
2.19883
2.42023
2.58488
1.38512
1.87301
1.3062
1.28049
1.98232
1.96795
2.51085
3.03345
3.33448
2.75295
0.962886
1.53027
3.02462
1.62491
1.09893
3.10605
2.88876
2.79949
1.74529
2.95252
1.19815
1.0502
1.74334
2.03917
2.11394
2.1492
1.8074
2.09636
2.73213
2.51854
1.42408
1.88318
2.79624
1.29997
0.45685
1.94536
3.05769
2.32907
2.34749
1.29979
1.05767
2.06274
2.33131
2.85425
1.32325
1.86227
2.63305
1.98253
1.82356
2.60387
2.38633
4.03169
2.44439
2.14951
2.58826
2.78436
0.599209
1.58815
2.39057
1.83591
1.00154
1.97933
2.14118
1.84459
2.21443
1.68267
2.41524
1.45913
1.69215
3.47678
2.39448
2.65586
1.18251
2.4954
3.53011
1.95437
2.71069
1.70034
2.00878
2.37891
2.91884
3.20672
1.76558
3.62699
0.943798
1.71566
2.05204
1.75573
2.7888
2.46907
3.11005
2.61445
1.92137
1.69699
1.57394
0.449458
2.61229
1.6179
1.79735
2.23182
3.5452
1.85043
2.21686
2.78634
1.31109
1.71066
3.28126
2.40533
3.00356
2.54735
1.80252
2.28747
2.73206
1.93095
2.6832
2.19469
3.41418
1.27487
3.40175
2.18907
2.74248
1.79332
2.33767
0.292472
2.75531
3.34922
2.17314
1.07949
2.93231
2.43085
3.13389
2.10457
1.55685
2.80837
2.58025
1.01421
1.81156
2.16043
1.77839
2.48162
2.11466
2.62937
2.891
3.13069
1.94504
2.34667
0.300159
1.75788
1.50242
2.18591
2.50923
3.33963
1.53508
2.31954
4.12673
2.33028
3.23829
2.17837
2.39289
2.051
2.20012
2.45916
3.5452
4.13818
1.96624
2.70208
3.05483
2.98802
3.22196
1.56217
3.14253
1.85082
2.53391
1.23123
1.69973
2.35635
1.996
2.90102
2.01127
2.44069
3.12521
2.3921
1.50446
2.87058
1.72967
1.90251
1.18592
0.583709
1.90953
3.29593
1.69116
1.41853
1.75882
1.70919
2.11586
2.73874
1.68482
2.23018
0.798994
2.8628
3.15612
0.732558
-0.0202324
-0.119881
1.90509
3.63297
3.10114
1.48366
1.99524
0.51008
2.02834
2.98405
3.20513
0.630321
1.55916
2.30864
1.32594
1.27199
2.28363
1.50154
2.69358
1.26612
1.9379
1.72839
2.38229
2.59668
1.76395
2.95322
2.02189
1.95669
2.6582
2.32013
2.05766
3.15311
2.58838
1.41307
2.3269
0.685105
3.17068
3.26612
1.76036
2.47704
2.24296
1.72591
2.75047
2.48405
2.6661
3.1034
2.59738
2.9196
2.47991
0.675059
1.85438
2.39586
1.57068
1.51282
3.13298
1.12228
2.10705
3.09121
3.69994
4.43639
3.45148
2.31047
3.06708
1.85998
0.929995
2.4499
3.57044
2.24383
1.53094
1.98907
3.27976
2.41037
3.0751
1.33969
1.90139
3.63199
1.9944
1.66729
3.70413
1.98315
4.14506
1.56267
1.70036
3.06875
3.33988
1.4638
1.77971
0.721824
3.06594
3.03741
2.49655
-0.654854
1.44157
2.77861
3.00566
2.54145
2.5932
2.89323
3.9406
2.16794
1.26153
0.998427
2.48683
1.01732
0.781187
2.68889
2.10796
1.80524
0.925756
0.00925562
2.29782
2.87207
1.87819
2.08927
3.10076
1.7372
1.14115
2.07564
1.91593
2.2245
2.7776
2.10645
1.5719
3.80222
2.29024
3.04011
1.94185
2.71111
0.724308
1.93162
1.88258
4.04217
2.16341
3.06647
0.858595
1.37927
2.73891
2.60851
3.44596
2.05807
2.08471
3.05633
2.08626
1.11292
0.763844
1.19531
1.74133
2.12928
0.890376
1.85568
1.43952
2.76663
2.09999
3.2086
1.27738
2.61498
2.78352
3.80673
1.82145
2.22457
0.994938
4.27805
4.21541
2.82815
1.52469
3.29634
2.07022
2.4014
1.53799
1.79333
1.57117
1.94953
2.89171
1.84023
2.18562
2.03374
2.33577
2.32716
1.56387
3.11073
1.12768
2.61691
2.27219
2.09672
1.82679
0.666576
3.34378
2.77964
2.78862
1.89314
0.78673
2.03389
3.22942
2.63228
1.67429
2.77864
2.52196
0.470661
1.13889
1.26058
0.579986
2.16212
1.84583
3.31574
2.14633
2.29157
2.73001
1.72759
2.67749
2.45254
2.62918
2.7581
1.70422
0.399764
1.85505
1.54573
-0.304323
2.45809
2.35144
3.97501
2.17446
0.770399
1.82287
2.38336
1.65082
2.36905
2.05462
0.724812
3.1008
2.26014
2.75593
1.32212
1.74516
1.91266
1.96677
2.0647
2.46075
3.48052
2.95078
1.23637
4.54499
2.62248
2.51401
3.24645
2.83351
3.85092
2.53625
1.14153
1.08616
2.91151
1.56078
0.965272
3.09875
2.08434
1.99436
1.58577
1.35117
1.47342
2.02634
2.61184
2.88105
1.81972
1.88328
2.30089
-0.0359201
2.96156
1.63873
1.42136
3.20221
4.02716
3.49964
2.5127
1.93514
2.8608
1.0526
1.65422
2.3935
1.37195
1.89967
1.88477
2.52819
1.88436
2.20489
1.99118
0.976855
2.56438
2.03717
2.22029
1.77553
1.26403
3.18717
2.1593
1.80375
1.43776
2.26161
2.31197
2.50751
0.790995
2.55007
1.83038
2.8261
2.83516
3.11289
1.90389
1.62448
1.70952
1.93968
2.81623
2.96236
1.42185
1.7536
2.41202
2.21256
2.39632
0.42897
2.59191
1.98374
2.27266
1.11208
2.3462
2.92558
3.1332
0.997845
2.33634
1.18545
1.92239
2.56465
2.51964
4.18032
2.7837
2.9212
2.78733
2.90307
2.00421
0.964552
2.57118
3.17465
1.9627
1.87935
2.49136
2.255
2.64773
2.53915
2.72634
3.0387
3.10766
1.59091
2.47369
1.6538
1.62656
1.87768
0.944881
1.66913
3.43092
1.8729
1.09197
0.990703
2.024
0.835512
2.93088
1.95596
1.71679
2.02119
2.47269
1.4403
2.20809
3.01275
1.00893
2.12673
3.26742
-0.889564
1.48813
2.06982
2.57033
0.822689
2.22629
1.48814
2.92045
2.90539
1.26924
1.09303
1.37923
2.24103
1.84899
2.07373
1.76001
2.68943
2.44486
1.7047
2.846
1.7138
1.64303
2.89787
2.63578
2.13184
1.70526
1.89593
2.26822
1.50526
1.42222
1.04464
2.10558
1.17314
3.97572
2.56778
1.94044
2.27681
3.48049
3.41612
2.6656
1.49912
2.52279
1.0702
2.88193
1.84388
1.70149
2.47249
1.30145
0.885377
1.10979
1.13073
0.918223
3.61698
0.641955
1.76232
0.880048
1.82349
1.81487
3.09504
3.51225
2.14943
1.39775
1.75514
2.59618
0.994709
0.985649
1.78539
1.73774
3.36839
1.44948
2.61651
2.03162
2.33627
1.77239
2.13256
1.13608
2.05786
2.56815
1.72435
1.9678
2.14707
1.8683
2.13698
2.26681
1.91381
1.13703
2.82156
1.49023
3.0392
2.48602
2.78294
1.31605
1.38803
2.59222
2.74216
3.61419
3.51427
2.41707
1.74261
2.23313
2.23318
3.0108
1.68951
3.65863
1.99866
1.23711
1.20809
1.43697
1.3873
2.72196
1.95721
2.5384
3.09642
0.988061
0.774882
1.35305
2.84929
3.47108
1.75687
2.37563
2.21836
1.15755
2.09356
2.86462
1.47225
1.68485
0.781405
2.22201
3.21515
2.57145
2.06168
2.25311
2.13415
3.205
1.91772
2.99322
2.22614
2.68364
2.34944
2.33567
2.17704
1.90027
0.889311
2.17999
0.646572
0.887323
1.20359
2.60236
2.2855
1.4703
2.69121
2.94454
2.82644
2.12728
1.52176
3.0035
2.61635
1.07031
2.60026
0.810932
1.62808
1.78652
2.9484
3.21225
2.34953
1.78453
3.36667
2.81694
3.63437
1.99477
0.810964
3.25672
2.0834
3.26888
2.55326
1.54225
1.37135
1.44984
1.11211
3.53825
2.08209
1.64201
2.51197
3.19255
2.91855
1.91549
1.80733
2.4499
1.18877
2.64905
3.06408
3.02678
1.51151
2.25196
2.76579
2.39014
2.27158
1.81581
0.314602
2.2359
2.38553
1.26116
3.53057
3.58733
1.80882
2.30197
3.60212
2.70679
2.99674
3.98118
2.66463
1.72658
2.86237
1.75601
2.46054
1.42347
2.25947
2.11654
1.75334
3.43302
3.25381
1.63295
1.76463
3.34493
1.9429
2.44844
-0.559415
3.25798
2.20831
2.59215
2.6998
1.80515
2.25824
2.3709
3.17795
2.00286
3.14478
2.90428
2.92895
2.22546
2.83055
2.42419
2.20751
0.93103
2.98324
3.64246
2.80846
4.36052
0.187747
2.3009
3.82596
2.87276
2.97616
2.73394
1.57648
3.00973
1.94314
1.26591
3.13905
2.02731
2.97373
2.77528
1.5074
2.27059
1.66509
2.2462
2.15743
1.83617
1.87826
1.37835
3.3546
2.98135
2.22264
1.50138
1.38263
2.67998
2.60183
1.55118
0.894203
2.64717
2.64914
3.62846
0.885474
1.57664
2.11644
1.6669
1.6421
1.5259
2.22563
1.34011
2.68537
2.32386
1.83566
1.09084
1.05977
1.65162
1.56637
1.52082
1.07839
3.63309
2.86368
1.7866
1.75915
1.82671
2.81565
1.91568
2.22168
2.668
2.36809
1.88478
1.96125
1.45703
4.06203
3.78688
1.12634
1.67184
2.26019
1.29547
1.87414
2.74607
3.32589
1.39614
2.29305
1.75886
1.98186
2.99686
2.81958
1.56758
2.10562
1.66348
3.05103
1.35188
1.57886
1.98776
3.15083
1.35214
1.99143
1.50205
2.61024
1.53528
2.80671
3.50773
2.86669
2.68828
2.97663
3.30541
2.18831
2.2784
1.43606
2.59445
2.40868
2.22769
2.69131
2.18706
1.47965
1.85515
1.56013
2.72434
0.647553
2.03998
2.1098
2.47301
1.95266
2.52771
2.34289
2.47375
0.96382
2.25894
2.44077
3.21574
2.92034
2.6518
1.88514
3.69933
1.65847
1.75988
2.02488
2.70364
1.7728
4.22306
2.84945
2.45244
1.79203
2.11018
1.25961
1.89256
1.96747
3.04409
3.53391
1.32949
1.66521
0.553658
2.45293
0.257586
2.27274
3.07367
3.30293
2.58626
2.42885
1.16155
2.16194
3.09214
3.01089
3.17238
4.06755
1.30813
2.06247
1.01236
0.754741
0.990965
1.86334
2.08684
2.20672
1.89333
1.28594
1.98282
1.5977
2.69488
3.34912
2.49741
2.76189
1.82207
2.45256
1.54718
1.3965
1.96306
2.97301
2.29619
1.97356
3.03397
1.98302
2.79935
0.646007
1.64774
2.17695
2.99427
2.59653
3.62654
1.38762
1.71108
2.50951
3.8962
0.443107
1.75227
1.72948
2.54962
1.05586
1.82686
2.3176
3.89622
2.89362
2.4446
2.2119
3.4553
2.78558
2.25165
0.686561
2.36441
3.70246
2.66933
3.06535
3.35369
1.57561
1.49441
0.834345
2.94604
1.82469
2.14002
2.89112
3.23622
2.0316
2.50783
1.87829
1.63404
2.53339
1.30015
3.54255
1.14722
1.79556
1.98225
2.26626
1.48664
1.59393
2.9547
3.07891
2.21984
2.30234
3.67332
2.7484
3.18755
2.12796
2.9868
3.18688
3.45043
3.2653
1.62391
3.3247
1.79451
2.76623
3.1428
1.73747
0.706312
2.3838
3.52
0.580032
2.76086
2.03575
2.12838
2.94198
3.15392
1.63824
1.93849
2.08881
2.27297
2.31877
2.08288
3.22237
3.20107
1.23649
2.43719
1.20042
1.68574
3.42377
0.455632
1.65451
3.41775
1.95277
3.34164
1.7862
3.59429
2.29113
2.42253
1.57174
2.50066
1.9493
1.08981
1.85377
0.139885
1.79028
2.87498
1.38269
1.928
1.05067
0.705599
2.69645
1.3692
1.56805
1.9716
2.93064
3.27347
0.650386
2.64422
1.86937
1.85389
1.93991
0.557203
1.24235
2.39711
3.0288
0.958963
2.08078
3.1807
1.81165
2.39849
2.17269
1.52757
2.54349
1.73366
1.97303
2.57906
1.78828
1.53268
2.08013
2.06203
3.77567
1.60126
1.43015
2.08695
2.18246
3.11245
1.70664
2.04867
2.75979
2.39458
2.18588
1.09995
2.17212
2.11588
2.2044
0.808762
0.988037
2.1345
2.68301
1.58104
3.60629
2.65568
2.31809
1.68801
2.80113
2.64418
1.79962
2.70968
2.11739
1.74825
2.29247
2.58335
2.96238
1.85166
2.27615
1.98192
1.55395
1.62474
2.27426
2.20622
3.65552
3.1397
1.36839
1.44418
2.04597
2.22681
0.772823
1.3362
3.40473
2.12137
3.23788
3.62705
3.29712
2.63064
2.59028
2.50944
3.55632
2.34238
2.25457
2.6613
1.66269
1.89678
2.60807
2.43343
1.6533
2.5166
1.3392
2.34228
2.09049
1.73753
2.50406
3.40679
2.00102
2.83956
2.46843
3.92574
2.84699
0.536807
3.14628
1.34261
1.61671
1.93766
0.431353
4.1535
2.16796
1.90994
3.11901
1.65592
2.76479
2.96034
2.55771
3.4625
2.1946
1.25159
2.84369
3.59945
2.4677
1.9311
2.45274
2.2796
1.33776
2.61164
2.95037
2.81537
2.03356
2.50102
1.88781
1.72112
2.80785
2.69885
1.85084
1.69157
2.34708
2.74593
3.01677
1.7886
2.74321
2.22348
1.91634
3.10065
2.30415
1.6345
0.923909
1.58614
3.24572
1.30951
2.80978
2.7264
2.0476
2.23291
3.38726
2.38896
1.82254
1.95526
0.849225
1.88426
2.31752
2.71082
3.21498
2.74993
1.34205
3.28928
2.94158
1.89486
2.65739
2.53066
2.07828
2.79311
1.44996
1.7535
1.85652
2.23183
1.05346
2.31896
2.64606
2.21005
2.40055
1.02922
1.8049
1.14208
2.77018
2.61611
3.33231
2.15345
2.73345
1.93175
3.42911
3.06696
1.32595
1.66998
3.43048
1.77214
2.62048
1.83238
2.07395
1.34716
3.25846
1.89622
1.3436
2.98784
1.91541
2.05955
2.39839
0.328509
0.607535
2.47483
1.6785
0.925723
2.64778
2.13256
1.41305
1.69919
1.98296
2.96184
1.71248
2.46242
2.53527
2.80302
2.90346
1.97376
1.01979
0.457648
2.68221
2.29826
1.882
2.1725
1.89768
2.30109
1.53875
2.89244
2.06405
1.80617
1.86415
2.43266
3.0514
3.45456
1.72316
1.7523
2.93654
2.59076
2.89114
2.05218
1.28979
3.33497
2.01843
1.7788
1.49667
2.25573
1.83652
1.51542
1.84552
3.53254
2.63963
0.982672
1.11462
3.35346
1.50081
1.98572
2.63958
1.56583
3.17553
1.61839
2.6882
2.81159
2.22053
2.31049
1.76043
3.81208
3.09173
2.20763
1.5139
3.63993
2.41593
2.69502
1.07927
2.60353
2.0708
2.85195
2.04726
2.245
1.04107
2.45926
2.84794
3.44321
3.00954
2.42194
2.71003
2.93897
2.04651
3.51486
3.43482
1.89851
2.32629
1.8678
1.61293
2.50039
3.06096
2.85661
1.90363
2.57613
3.15414
3.0425
2.9372
2.34984
1.63656
2.21364
1.83107
1.71403
1.34116
1.24995
1.89321
1.33758
2.07908
3.79217
1.65089
2.82968
2.55209
2.61697
1.59718
2.97113
2.95408
0.970306
1.77475
1.67452
2.41085
1.22963
1.61525
2.34267
2.58975
3.5213
2.68948
1.99763
3.81992
4.23345
1.66476
3.1497
1.96574
2.58154
2.28729
2.64958
2.00823
1.71653
2.12315
0.599066
1.45973
1.43707
0.757813
1.65068
1.86335
2.96695
3.56776
2.58247
3.09689
1.73892
2.34415
1.71052
2.05492
1.70946
1.44305
1.63301
0.837515
2.34899
1.26032
2.04211
2.49093
1.59342
1.9395
2.00525
2.04465
2.53913
1.27562
1.9491
3.05364
3.65514
1.8232
2.06644
2.29484
2.51657
2.4505
2.15192
3.0734
3.86858
2.30944
2.8568
3.11775
2.51417
2.2548
2.99508
1.29821
2.77877
2.44473
1.74904
2.51719
2.06007
0.899059
0.980934
2.84536
2.21387
2.26311
2.28165
3.13364
3.43351
2.92377
2.63215
1.25194
2.50297
2.22169
1.79149
4.05983
1.53296
0.81276
1.03663
1.60331
2.22295
1.62306
2.99457
2.11173
1.06715
1.26857
2.04739
2.53636
2.50711
0.613671
1.79633
2.59263
0.970783
1.36167
1.63974
2.2197
1.65914
2.93497
2.57871
2.10805
2.46013
2.53212
0.532991
1.04257
1.86497
1.97344
2.42959
2.14999
1.93225
2.71961
4.04234
3.89002
2.8632
3.78642
2.50326
3.38261
-0.0329694
3.23315
3.48685
1.6828
1.39259
2.80101
3.43004
3.65771
1.29121
1.19097
3.05288
2.22187
1.75186
1.8251
2.76247
3.47637
1.92609
1.3884
2.12877
2.77647
3.53147
2.71764
1.64039
3.18444
1.57192
3.622
1.54759
1.75519
1.91615
2.27183
3.26775
2.25552
3.46162
1.84423
2.5855
2.53118
0.936305
1.07301
2.27922
2.54002
2.75214
3.95715
2.74671
1.49845
3.40666
3.58943
1.51975
3.19796
3.50207
1.77938
3.0993
3.49996
2.12952
2.58523
3.17132
1.15659
2.52929
0.414712
-0.0102242
2.18932
3.43042
2.63783
1.45035
2.45118
3.76877
2.08375
0.270609
0.688646
1.36221
2.18146
2.50516
2.53473
-0.388386
1.1658
2.09122
2.05736
2.0012
2.32495
1.60522
2.77715
4.3257
1.96609
3.07371
3.59049
2.7677
1.72713
2.00644
1.52394
2.06838
1.07607
0.455382
3.14433
1.17199
2.56712
2.65819
2.40911
2.22133
1.13759
2.19668
2.17823
2.2238
4.29975
1.86112
2.73777
3.38492
2.77632
2.49691
2.23784
3.13134
2.0789
2.48484
2.10985
2.06071
2.34577
2.31273
1.41024
1.99367
3.2225
3.18212
3.38036
1.20848
3.66157
2.08313
3.65342
1.88732
1.9893
0.127665
3.35604
1.37363
2.75867
3.04981
1.58428
3.42939
1.72314
3.45149
2.0768
1.35847
2.28428
2.24626
1.42769
1.38403
3.72277
2.90221
2.43093
2.63661
1.84027
0.923375
1.21454
1.68991
1.23743
2.02623
1.42405
3.24967
3.34834
2.38215
2.11065
2.24367
2.67568
2.26815
1.85301
1.24355
1.49605
1.30263
2.77573
3.15979
3.18208
2.40591
2.47341
1.92231
3.05205
2.23831
3.55424
1.37999
1.53347
3.77505
2.50098
1.79425
1.85667
1.30257
2.16956
3.12251
2.25383
1.65792
2.38023
4.06723
2.90032
1.56023
3.06061
1.07647
2.14099
0.924211
3.38833
3.79129
2.05731
1.66198
1.60202
2.62637
2.99946
2.09835
1.63411
1.85816
1.78412
1.99284
1.43216
3.36304
2.00609
2.51183
3.30206
3.44385
1.97803
0.824567
3.192
1.82345
1.84377
2.94676
2.18592
0.641263
2.37981
1.05694
2.14638
1.53359
2.39684
1.48758
3.39143
2.77771
1.42119
2.56068
1.16046
1.92003
1.14096
2.59362
1.93752
2.72967
2.4642
2.74124
2.7725
1.92002
1.67141
1.34912
2.57491
2.26713
1.92278
2.63844
2.28853
2.88286
3.28566
1.93936
0.593867
1.26721
3.03088
2.56201
3.03387
4.13813
3.09468
2.79737
1.57699
2.28048
0.830228
1.53851
3.30067
2.05263
2.05591
1.0939
4.23276
1.90268
2.40745
1.77598
1.44272
2.65686
2.08461
1.83396
1.40913
0.71193
2.2433
2.27366
0.671857
2.0002
2.3366
2.29067
1.75274
2.40648
1.64224
1.12744
1.37898
2.29397
1.36617
2.16443
2.55979
2.99623
2.31242
2.9413
2.34954
2.3669
2.14028
2.02209
3.57002
3.86613
3.51457
1.3435
1.3993
3.01687
1.97381
0.0898992
1.92858
3.31679
2.01849
1.31701
2.03671
2.88983
2.58645
2.75494
2.55891
1.59049
2.34796
1.15906
1.21163
1.1442
3.18799
2.50297
1.53634
2.53479
1.33143
1.54135
2.0878
2.17225
3.00843
1.87294
2.69088
2.22455
2.76387
2.53391
2.82456
3.04865
4.38981
2.04657
2.30212
2.07867
2.41932
3.73885
3.01697
2.96765
2.85739
2.98634
1.31425
2.52771
3.06215
2.53433
3.1745
3.48556
2.28673
2.83367
2.41984
2.04626
2.2715
2.29287
0.891053
1.30721
1.33812
2.83034
1.26858
3.17568
3.2763
3.88256
1.90775
1.62359
3.65688
2.38306
1.73934
1.11507
2.62469
0.128172
1.35135
2.86563
3.03892
2.79907
2.74184
2.91414
2.41419
1.78065
1.24619
2.49852
1.09951
2.54079
2.10661
3.46357
3.50036
2.9118
1.55256
3.35669
1.71429
1.66626
2.97397
2.30144
2.58961
1.90709
2.47307
1.47224
2.93033
3.51562
-0.117234
2.05371
3.19639
1.83611
1.90797
0.793942
1.53712
1.7674
2.80264
3.22348
1.96846
0.964445
2.14674
2.02126
2.66707
1.97862
1.1963
3.26099
2.02507
1.27907
2.89983
2.4078
3.2543
2.48027
1.35757
2.21645
1.31235
0.787615
0.961249
1.37859
0.847766
2.23091
2.83632
2.52094
1.7189
1.97029
1.77511
3.15829
2.35908
3.27957
2.02718
3.52242
1.60646
3.02445
3.12289
2.77809
1.3865
2.37852
2.96182
2.24447
0.281018
3.76914
2.09346
1.90876
2.3875
1.98946
2.2894
1.80136
0.882901
1.04478
1.94457
2.4772
2.03588
1.48792
2.45924
3.65596
2.28944
3.57643
2.703
3.01843
2.57034
3.30629
1.95163
0.791205
3.08665
1.35679
1.72238
0.686632
1.30314
4.03184
2.02027
1.38657
2.0703
2.22961
2.5198
3.121
1.57602
2.62404
3.2498
2.89016
1.8891
1.69096
2.24068
2.68677
2.67209
1.87999
1.38611
2.98423
1.88076
2.02461
2.88706
2.61057
3.64799
2.13024
2.19951
2.9859
3.44869
0.379857
1.19211
0.802832
2.69071
3.21744
1.35702
0.514449
2.46325
1.09558
2.4503
2.21631
2.4669
1.96997
2.75793
1.31937
1.11122
1.85105
1.20381
2.76537
3.40976
2.14467
1.84773
0.905313
0.22637
1.42434
1.52004
1.90763
1.27502
3.52806
2.70262
2.53453
2.93288
2.85482
1.57484
2.64628
2.3462
2.44489
2.86651
2.61804
1.93744
2.88499
3.39686
2.51674
2.30431
2.07258
2.06768
2.63769
1.84542
2.29962
2.15883
1.72864
1.83738
1.15422
3.00034
2.01537
2.91797
2.21234
2.26446
1.53061
1.84557
1.62352
2.10807
3.42483
3.56082
3.44271
2.48528
1.73864
0.553446
0.359762
2.9268
2.19352
2.2448
0.688425
1.95494
2.65991
2.22846
1.88855
1.89936
3.50369
2.82019
1.34789
2.53877
1.81631
1.08049
0.577416
1.52828
1.95814
3.65445
1.83629
1.75736
2.41166
1.69775
3.59386
2.66565
1.6788
1.79492
0.753204
3.22833
1.92834
1.9114
3.14802
2.96334
2.77665
2.30577
3.41418
1.47008
1.96209
2.41689
1.45227
2.34047
2.41835
2.79924
1.80488
2.96069
2.70181
1.37176
1.92121
2.58318
2.95153
2.83959
1.26302
0.103565
1.75046
2.52589
2.1648
2.86743
3.51379
3.02564
2.85834
0.66267
1.61119
1.61047
3.00802
2.62429
3.48543
2.58966
1.55699
1.05485
1.67104
3.01124
0.892527
1.70001
1.783
2.45566
1.7654
3.01766
1.71518
2.16146
2.49161
0.814233
1.99332
0.974878
1.86637
2.06786
1.90059
3.34927
1.92737
2.90502
3.22184
1.42994
2.84617
1.42934
2.95039
1.91975
4.31719
2.45436
1.99511
2.97693
2.22778
2.20821
1.60119
1.16114
2.00307
3.26807
2.05218
2.47208
3.26849
2.16841
1.98674
2.60561
2.14212
0.425464
2.78996
3.15615
3.25385
2.32485
2.96223
1.643
1.29658
2.51387
1.5721
1.47669
2.09357
1.37299
1.40353
1.51237
1.5252
1.19973
1.61678
1.4094
3.42768
3.71688
3.35084
3.81991
2.63073
2.33111
1.54941
2.72948
1.91279
1.68581
1.33935
1.54005
-0.0732715
2.41001
1.55075
3.40316
1.68399
2.11598
3.05571
2.55229
0.746421
1.48093
2.06841
2.2468
0.970599
2.19171
3.70883
1.94893
1.6316
1.98344
3.36866
1.7957
3.11783
1.44483
1.89129
1.82083
0.611845
1.70071
1.72734
3.79145
2.93447
1.87783
2.17129
3.02397
2.73052
2.2654
2.25065
3.28881
1.84018
2.2008
1.15905
0.623346
1.9532
2.06552
1.5836
1.7114
1.45628
1.07382
1.86618
2.46287
2.14077
1.67169
1.85833
2.98589
1.22777
1.6253
2.63549
1.92691
2.65787
2.34982
1.90945
2.88711
0.850213
2.48835
1.05092
2.78408
3.57815
2.11398
0.946117
1.84043
2.17249
3.40264
3.60535
1.47275
1.29897
2.0883
2.02988
0.910688
3.45983
1.89711
1.94442
2.98418
3.28962
2.83705
0.986206
2.55795
3.6061
3.20037
2.95351
0.692532
1.72926
2.84969
3.46603
2.10037
1.30583
0.423175
0.791484
0.378778
2.48969
2.779
2.03456
1.33135
3.20193
0.119568
2.83143
2.3219
1.27866
1.93768
2.82431
3.25195
1.72913
2.70736
2.55121
2.51277
1.01591
2.84249
1.61247
2.50366
0.674279
1.88875
2.28736
2.73743
2.52262
0.469627
2.90649
1.45282
0.928552
0.139026
0.2774
3.12318
3.07367
2.50994
2.26788
3.03717
3.36318
2.38027
3.21115
2.97313
2.56764
3.02769
3.39566
2.61775
2.31103
1.64479
1.82557
1.72272
2.82662
0.0383525
2.65241
4.14094
3.21735
2.86433
2.2117
2.38365
2.10446
2.27464
2.17197
1.81152
0.685736
2.04205
1.74246
1.52826
2.02748
1.74016
2.59983
3.19497
3.147
3.06487
0.744021
1.96087
2.32884
0.699785
0.36006
0.288553
2.10916
0.689937
2.36399
1.73983
2.82861
3.27392
3.59886
2.69501
2.615
1.86061
2.95488
2.88421
1.11954
4.26246
2.48799
1.92782
2.11098
2.7413
2.07356
2.79111
2.7832
3.50953
2.30426
3.53373
4.4114
3.04593
3.54702
2.95537
2.95905
2.3732
2.44402
2.2472
1.01035
3.2591
3.34422
3.39129
2.48099
2.9548
1.38556
1.37297
1.89236
2.3325
2.54535
1.39675
1.92907
2.00969
2.53846
3.38602
2.23467
2.38141
2.41937
1.13532
1.60906
1.5145
2.28832
2.06812
2.07628
2.57236
2.27813
1.94929
2.19965
1.52508
2.05847
2.86985
1.61275
0.670793
1.67034
2.26251
0.975009
0.77009
1.82659
2.14848
1.82778
2.12479
2.91587
1.35648
2.50357
1.50584
3.05667
2.4484
2.10023
1.6768
2.65913
2.63739
2.16063
1.94533
1.04078
2.38441
2.59141
1.85797
2.23475
2.3941
3.19335
1.35447
2.29074
2.00911
1.39287
1.82791
1.58842
2.26444
1.09467
2.41646
1.17029
2.14312
1.76131
3.04879
3.17518
1.75435
2.29205
2.76494
1.96255
3.34056
3.15522
0.921026
2.73422
2.40945
2.69106
0.898313
2.7185
1.92373
0.890901
1.64505
1.38682
3.27786
1.20786
1.91769
1.40624
2.54099
2.56266
1.59383
0.525339
2.14621
1.54563
2.51469
1.5603
1.09821
1.70557
3.1521
2.77985
0.972553
1.99059
2.12128
2.28475
2.39536
1.17977
0.143691
1.8039
2.15616
0.93945
2.29069
2.15158
2.91408
1.88175
1.88966
0.505328
0.462358
3.30765
1.71038
1.43571
2.97474
1.65296
0.973285
2.86366
2.15853
2.36367
1.80841
3.19065
2.53402
2.10414
2.08848
2.14382
3.19484
1.32016
1.49149
2.54281
1.98011
3.61855
3.528
2.62775
2.01708
3.87939
3.17829
1.72294
2.28728
2.94644
3.51456
2.18747
3.24221
1.99081
1.45754
1.81585
1.99967
2.6818
3.17907
2.80388
2.60697
2.80263
1.42401
0.696528
2.03418
1.0963
1.66367
2.12949
1.82133
1.69631
2.89092
1.16626
1.07404
2.24013
0.855296
1.06048
1.18916
2.25031
2.54757
1.03228
0.876366
1.35853
1.57279
2.54478
1.14586
3.07678
2.77285
3.04564
1.5959
3.10253
1.47007
1.81067
1.43615
1.37643
0.40636
2.12512
1.42618
3.46798
2.88056
2.49709
1.84677
2.11271
3.09997
1.86611
2.51159
2.72354
1.93606
2.14847
3.34512
2.82513
0.923486
3.17463
1.3407
1.16761
2.6664
3.30468
1.64755
1.74073
1.90754
1.99653
3.20283
3.69052
3.41284
0.256347
2.6238
2.0457
2.4132
2.3058
1.43258
2.8224
1.10779
2.18122
2.93652
2.3653
2.49704
1.41482
1.48159
1.03027
1.19511
1.84382
1.97418
1.47695
2.04677
3.46636
1.78117
0.851333
3.54323
2.94272
1.02365
1.59739
2.14475
0.12186
2.738
2.87734
1.93889
1.11383
3.34854
3.34439
2.65552
1.00508
1.77364
0.755124
2.20009
2.99637
2.31233
2.79902
1.87786
1.49282
2.32577
1.31628
0.882766
1.62487
2.14753
3.87108
0.315271
1.01214
2.06662
1.93608
3.06907
2.8853
1.72914
3.70845
1.58471
0.133437
2.95361
3.10669
2.70922
1.64496
2.12751
1.90976
1.11423
1.1396
1.82431
3.18683
2.04549
2.61322
2.52105
0.45029
1.66002
1.57644
3.10698
2.62763
2.98489
2.37661
0.805475
1.20918
1.6838
2.7812
3.56469
3.42328
2.19068
1.35794
2.10222
3.18209
3.99865
2.24583
2.46412
3.46567
2.6523
3.6632
1.57863
1.9792
2.37425
3.01546
2.20556
2.29542
3.84995
2.07478
1.82587
2.9491
1.30916
2.49802
1.93115
2.81661
1.3026
2.8219
1.54685
2.18694
1.22245
1.13973
2.50735
2.37176
2.96332
3.10645
2.56452
0.904023
1.3509
1.79258
0.147623
1.7855
4.10728
2.14579
1.87774
2.13232
2.64502
1.46656
3.05244
2.17954
2.68189
1.30722
0.359737
1.52051
2.58694
1.82564
1.43026
1.32615
2.07421
2.19747
1.9002
2.64697
2.59132
0.502364
2.08298
1.50113
4.16631
2.90707
1.36739
1.95301
0.802011
1.09635
1.20685
2.08614
1.28721
1.17367
1.40727
2.26097
2.68427
2.29349
1.74247
2.0535
0.561043
2.17635
3.20423
0.872884
0.506086
0.86647
0.670107
2.19259
2.07399
2.43922
4.07323
2.14334
1.22124
2.16115
2.9136
1.55431
2.08788
3.03667
2.13546
2.30488
2.77672
2.65614
3.07767
2.60288
2.88188
2.58042
2.11987
2.15121
0.783311
2.74104
1.13937
2.67122
1.77478
2.06852
2.04703
1.83201
1.43739
0.808676
1.76205
1.81853
2.24316
1.58121
1.5794
1.77624
1.87635
2.34892
3.67704
2.7637
2.55806
2.75494
3.46109
2.92384
1.18184
1.86271
2.52537
2.64487
3.26383
1.12968
1.30395
2.42633
3.23262
1.87819
2.34559
3.01543
0.541988
3.46174
2.13382
3.31392
2.50825
2.96663
2.21584
1.9161
2.87169
1.45198
1.25545
0.733495
2.40962
3.40579
1.84973
1.96281
2.59342
1.85279
2.46465
2.44725
2.34827
2.81772
-0.115658
2.00544
0.591458
2.21872
2.0879
2.63509
2.7565
1.60963
1.81092
0.560822
2.08443
2.21135
2.51865
2.10225
1.7786
2.87585
1.76473
2.20696
1.06804
2.03524
1.61256
0.830943
1.94235
2.56765
2.11486
1.39974
1.57173
2.58198
2.65479
1.77876
3.14836
1.79207
2.67677
1.67519
1.75209
3.2338
2.05731
2.54804
2.763
2.60024
1.78998
2.3822
3.57824
1.94259
1.36515
2.02003
2.5916
1.91014
1.821
1.69408
1.91691
1.67763
3.05164
1.98475
2.35846
3.48588
1.36097
1.88559
0.838428
2.35993
3.11949
1.05712
2.43047
2.59169
1.74941
0.676662
1.39522
0.988157
2.16088
1.27281
2.26294
3.01278
2.03774
3.28911
1.43282
2.49392
3.77743
2.1099
1.8389
2.26135
2.82541
1.55195
1.63921
1.00916
1.92384
0.94631
0.759774
2.56852
1.72216
3.00461
2.02876
3.17511
2.35576
1.90321
2.62601
2.23482
1.39042
1.9081
3.59232
3.03987
2.64575
2.5994
2.3353
3.31249
4.03467
4.32477
3.65009
3.29707
1.30219
1.83442
2.25864
3.20389
3.11649
2.94931
1.48687
2.65616
3.29178
0.831512
1.19482
2.45399
2.94633
2.18113
1.26776
2.48771
3.53054
3.07498
3.16958
0.970162
1.8755
2.16577
1.39012
2.29712
1.7575
1.93899
2.05035
2.53536
4.5219
2.63099
2.08267
3.18546
1.78813
1.10059
2.57969
3.08009
3.30148
1.0524
1.79068
1.69647
2.63333
2.25114
2.40189
2.57359
0.381974
1.82904
3.45825
2.44312
3.22071
1.3972
2.77576
2.59591
3.1605
0.144071
1.58443
1.91737
1.25412
1.23639
1.80037
2.48803
1.65223
0.386606
0.6427
2.28994
1.48718
1.96255
1.83324
2.39721
0.145858
0.6103
2.24696
2.91366
2.35603
3.29442
2.38215
0.995688
0.430909
3.08218
2.7079
2.47175
1.60888
1.55145
3.02471
3.49604
2.33674
2.00199
2.53081
0.840505
2.807
2.95277
2.49303
0.528083
3.11353
3.3979
1.93885
0.727918
2.08256
1.64877
1.86465
2.82707
1.33797
2.46633
2.73533
2.68417
3.15841
3.3971
1.98297
1.99596
1.3547
1.87704
1.7461
1.64225
1.55425
1.57875
2.01994
1.73637
2.27342
2.30389
3.30834
2.35705
1.76856
3.05988
1.88349
2.62467
1.76794
1.52988
2.13909
2.29381
3.56668
2.04716
0.67578
1.84252
4.07457
2.84425
1.98645
2.9684
4.34055
1.61886
0.373821
2.49436
4.17171
2.14165
2.53726
2.3432
2.69786
2.32526
2.02075
2.499
2.92846
1.50088
1.55975
2.40637
1.41571
2.89062
1.67585
2.05036
1.78117
1.55116
1.06889
1.61102
2.50169
2.13962
1.7674
2.20906
3.20053
0.979855
1.05441
0.558955
2.49678
1.07173
2.74693
2.45282
2.10654
1.8734
2.16377
0.777164
2.39897
2.04176
2.8073
3.12392
2.68169
2.82421
0.74978
3.41833
2.17348
2.54126
0.775473
1.68045
2.00693
-0.32281
3.58669
1.55235
2.72974
1.48574
0.803646
3.18079
0.840673
2.99753
2.22663
1.95969
2.82475
1.22869
2.92722
1.86659
1.01654
1.9504
1.92199
1.05719
2.02071
3.12209
2.51479
2.95141
2.42772
2.9625
3.26599
2.00978
1.4892
2.29238
1.76586
2.20977
1.87038
0.721018
0.845915
1.49452
1.85251
2.25472
2.53412
1.67266
0.957586
3.01527
1.75815
2.78315
1.90531
2.89757
3.42816
4.27945
2.06083
2.63225
2.21855
1.49764
3.24064
1.57756
2.29335
2.73236
0.649535
1.97649
0.961177
2.06521
1.75707
2.34405
2.7212
2.48374
2.17092
1.08999
1.6648
1.87068
2.73285
1.80093
1.5533
2.38565
3.09341
1.78412
4.00012
2.9081
1.9937
2.85635
2.01752
1.14967
2.53714
1.13818
0.990952
1.38372
2.12504
3.6982
1.29495
2.01878
3.37616
2.40407
2.98385
1.18172
3.55023
2.21982
2.14839
1.13513
2.3987
1.27964
2.712
1.16903
2.1875
1.6888
1.53093
3.10525
2.58859
2.23293
2.5131
1.968
2.81325
2.94365
3.1046
3.02652
2.50406
2.4471
2.04212
2.54943
2.67527
1.83853
3.5131
3.14565
2.69162
2.61759
2.22295
2.69447
1.95872
2.35582
2.70026
2.62141
3.06797
1.69559
2.65009
1.92272
2.47222
2.20755
2.19807
1.25267
1.80069
1.58137
3.14708
2.31623
2.01341
3.66112
1.85654
2.31284
1.29457
2.35204
1.39413
2.8276
2.80717
3.16214
2.50857
1.81298
2.25649
0.992157
3.54332
3.2991
3.09486
2.18556
0.33255
1.58358
1.7388
0.536909
1.52545
1.20824
3.12414
1.77318
1.65941
1.79308
1.89536
1.46013
1.25952
3.03276
2.13468
2.04693
2.3336
2.29588
3.18559
2.48362
3.04961
2.31329
1.83865
2.54455
2.75498
3.74243
2.76464
1.07065
2.25408
2.48275
1.21448
1.81374
1.67683
2.96074
1.21904
2.04256
3.15944
2.02399
2.83901
2.27499
1.88769
3.08621
2.75419
3.09182
2.51285
1.37268
2.30637
1.3648
3.64755
2.32115
2.20708
1.93034
0.408466
2.64097
1.98687
0.890185
2.32945
3.40529
1.49015
1.34654
3.28035
1.98477
1.71176
2.48118
0.998535
1.23675
2.66299
2.071
0.164087
2.98696
2.29014
2.27534
2.6272
1.14081
2.11818
2.24754
3.36106
2.57989
1.79734
2.49872
3.12193
2.41021
2.93618
-0.0442873
1.6385
2.39344
2.60312
3.08195
1.60946
2.11462
1.81835
1.32171
2.09937
2.78303
2.29996
1.76254
2.16318
2.13678
1.17748
2.40733
1.70587
0.783878
2.71078
1.23884
2.38495
2.16069
2.64109
2.39366
3.16226
3.61566
1.79973
0.824079
1.00714
2.35436
1.80708
2.92626
2.63672
2.1703
1.78941
2.44078
2.26243
4.50657
2.65894
2.06485
1.58655
1.84559
1.933
2.56169
1.62474
1.26887
3.42129
2.29866
1.87049
3.02826
3.1296
2.7532
2.31277
3.27112
2.42192
1.66355
1.77787
1.8188
3.42145
2.35101
1.12148
1.25333
1.75002
1.10835
0.998893
1.80478
2.0282
2.62993
3.76276
2.53024
2.27398
2.05218
2.81192
3.00537
2.41991
2.02733
2.25685
1.94587
0.719601
2.06962
2.33375
2.51828
1.92659
2.65461
2.09634
2.5522
1.37424
2.38509
2.83967
2.21198
2.54408
1.86537
2.33376
1.26404
2.08706
3.80212
1.44208
1.70402
1.34053
1.92652
1.60648
3.25711
1.512
0.665493
2.05633
2.14796
1.92326
2.19317
2.78372
2.02372
1.82748
0.65891
0.696985
1.82365
1.80305
1.49818
2.15811
1.36961
2.4279
2.53837
2.71759
2.74989
2.90395
2.54673
2.60631
3.23436
3.6491
2.4303
2.33174
1.43874
1.48218
1.50924
1.91305
1.78505
1.99794
1.68717
1.61913
1.6002
2.86401
2.07823
2.85925
1.96849
1.72977
1.43773
3.18454
2.5336
2.68161
2.27502
2.57573
2.29317
2.28049
3.43606
1.65171
2.63455
3.26388
0.938512
2.05689
2.02033
2.25857
2.35656
3.19322
3.17888
2.26836
2.25779
1.61656
2.66315
2.74739
1.95722
1.6877
1.48994
1.66259
3.94231
3.47857
1.57052
2.44538
2.64627
0.891272
1.28581
1.73282
1.3936
1.66543
2.22955
1.72477
1.65849
0.681318
3.0175
3.067
2.87432
3.42821
2.22506
1.70051
3.69146
2.81868
2.13015
3.16614
1.71438
2.64936
1.0489
2.03487
1.75261
1.93194
2.28102
2.81311
2.69059
2.18
0.32089
2.44312
2.63015
3.21658
2.78284
3.1722
1.8234
1.61066
2.11327
2.56242
3.04734
2.00842
1.99489
1.92297
3.46391
1.61201
0.27154
2.99904
2.30907
1.37839
2.49724
0.768747
0.787266
2.36107
2.31159
2.07166
2.72959
1.57976
2.14387
2.78242
1.29451
2.13868
1.70971
2.11693
2.93123
3.2173
1.99296
1.09034
2.37279
2.16495
1.49755
1.59719
0.522369
2.0379
1.39697
1.48464
1.37815
2.27482
3.38817
3.19241
3.76319
1.72745
3.3483
1.39722
2.89053
2.75503
1.07135
2.70165
2.24042
3.11762
2.33036
1.87687
1.38296
2.30584
2.7835
2.08737
2.59534
2.92121
2.34882
1.99092
0.0664053
2.85966
3.18035
2.79526
2.42609
1.25126
3.23833
2.79064
2.68124
1.33146
1.91301
2.48058
2.56478
2.52066
2.8222
1.94045
2.82969
1.1062
2.28083
1.9527
2.41279
3.41439
2.70349
1.81907
1.57285
0.516506
1.21818
2.72749
2.4163
2.50167
3.52497
2.36453
1.70499
3.35178
2.67763
1.61158
1.84014
1.84853
4.04481
2.11589
3.3734
1.92544
2.66129
1.2033
1.14502
1.1171
1.93976
2.16937
2.69031
3.0396
3.05992
3.46908
2.96298
2.49647
3.00095
1.55215
2.64396
1.7633
3.74361
2.55212
3.68465
2.18974
2.16831
1.85919
2.23427
3.10128
2.2838
3.14337
2.20182
1.69837
3.1481
0.12431
2.82031
2.43084
3.48521
3.23483
2.10285
2.13707
2.46128
2.28522
1.5066
1.19745
2.43591
2.30594
3.22663
1.95112
1.31328
2.45092
1.388
1.95352
2.1412
2.03134
3.0576
2.0095
2.33311
2.35797
3.30548
1.96464
2.97648
1.16652
3.00067
2.55819
2.37638
1.35783
2.24305
1.0389
2.82249
2.54113
1.34087
2.74809
1.81693
3.40912
1.35431
1.27966
1.33488
2.92617
3.21441
2.14985
0.998492
1.58634
1.37509
3.03488
2.00228
1.43356
2.28775
2.74305
3.73339
2.51316
2.8516
1.29666
2.29619
2.88289
1.14752
1.60337
1.4528
2.81069
3.67486
3.01297
1.32875
2.90369
1.58196
2.96503
1.69007
2.12496
2.7033
2.174
1.28711
2.48017
1.95767
1.12039
1.23358
3.81194
2.10464
2.28732
1.58763
2.72221
2.8714
2.72189
0.336494
1.3735
1.72316
3.42629
2.16378
2.72827
2.59761
1.47641
0.603274
2.27712
2.26468
1.90694
2.05505
1.52104
2.18974
2.07414
2.46695
2.61567
1.55733
1.17764
2.42701
1.07569
2.15662
1.55499
1.36599
2.67888
2.21036
3.30944
2.21016
1.22842
2.24187
1.67612
0.61196
3.19632
2.28236
1.94551
1.06662
2.19235
3.94402
1.13141
2.28942
2.09799
2.70182
2.00361
1.70104
0.913543
2.98563
1.71461
2.424
2.43637
2.2215
2.61987
3.00682
2.30546
1.74654
2.58489
2.21794
1.56967
3.42537
1.93077
1.55527
0.513291
2.41807
1.82185
0.263319
3.04893
2.18789
3.04742
2.06433
2.28521
2.50174
1.94201
2.98145
1.36231
3.08422
2.66832
2.1175
2.99856
2.03731
3.48159
2.93757
2.41882
2.71322
1.3079
3.07981
3.94791
2.1756
2.1228
0.978066
3.33968
1.2392
1.75028
3.05017
3.64865
3.72064
2.63003
2.314
0.962123
1.09628
2.79835
1.96432
3.26659
2.37165
2.61452
2.12172
1.55711
2.26598
1.61819
1.79369
2.76194
2.66754
2.45546
2.61121
4.00929
2.61834
2.59206
2.24138
1.78997
2.15497
1.52428
1.36826
1.44976
1.42328
1.88894
1.61064
1.73138
1.92987
1.38257
2.82523
2.61567
2.27863
1.42435
2.25091
2.70806
2.15813
2.28027
3.11754
3.57365
3.4773
2.11764
0.842005
2.96541
3.34054
2.33558
1.96809
1.04207
2.79076
1.54434
3.37632
1.7528
2.98902
2.03784
1.76028
2.86967
2.16402
1.42074
2.13652
2.25034
2.49845
2.14725
2.2263
2.30202
1.84443
1.43511
3.23781
3.74744
2.30152
2.71682
1.35974
0.67451
1.0398
1.89579
1.6853
1.56915
1.5519
1.43656
1.82987
1.29843
2.11317
2.47481
2.64475
2.61698
1.73776
2.55037
2.26741
2.20228
2.59869
2.21751
2.87396
1.46963
2.50582
1.64373
2.23038
2.47914
2.0824
2.90436
2.68384
2.94498
1.2793
2.82712
2.09561
1.34635
2.13331
1.76389
2.66919
0.572495
2.50306
1.01767
3.1914
2.77811
2.67611
2.26786
3.65772
2.43172
3.2458
3.95885
3.32134
1.30604
1.9267
1.64408
1.10828
-0.00765167
1.95853
1.46006
1.19485
2.7927
2.4065
2.84669
1.32989
2.67016
0.650023
2.11329
3.58042
3.36054
0.840635
2.23145
2.61591
1.2996
2.79617
1.32654
3.20064
1.18032
1.95422
2.60577
2.03435
2.79441
1.2672
0.750995
3.44469
2.26685
1.5729
1.38686
0.753119
1.87195
2.81449
0.590919
2.09816
2.61015
1.21691
2.42323
2.72248
3.26542
2.99908
1.57569
2.14234
3.24692
2.22397
2.51513
3.69874
1.74129
2.81929
1.02008
1.36299
2.91952
2.64225
0.674792
1.26783
1.07331
2.54158
2.94708
2.10541
0.873833
1.52637
0.809207
1.67324
3.09599
2.65386
3.04664
3.12106
2.07898
2.99776
2.30275
1.89634
1.36749
2.00717
1.53687
2.2168
1.38583
2.57037
1.89608
1.65238
2.02701
2.69265
1.80945
2.03021
3.61519
1.20062
3.4232
1.68779
1.23203
1.57566
3.1749
1.94147
2.22401
1.85662
2.19285
3.05665
1.77983
2.78677
2.49273
3.57663
1.20045
2.69995
2.0764
2.00165
2.19516
2.96706
2.77814
2.03407
1.44918
1.6575
1.74099
1.34548
1.62891
2.31811
1.21684
0.987523
1.96016
2.43879
1.27413
1.28197
2.75935
2.73491
1.86418
2.79063
2.39545
1.58763
3.14904
1.4983
2.87026
2.44015
1.82676
3.58447
2.96573
3.0347
1.94869
2.05136
2.28635
2.09306
3.59528
-0.0225781
1.52856
2.17642
1.91942
1.29414
2.33895
2.22002
1.69063
2.82321
2.93655
3.34035
2.80075
2.47274
2.44106
2.1806
2.4471
1.60852
1.26325
2.74407
2.60779
3.62618
2.43701
2.20999
3.00218
1.46165
2.30632
2.5158
0.937105
2.18098
2.09459
3.4824
1.73389
2.38429
2.54477
1.93331
2.26657
1.34607
1.84795
2.42298
0.373564
0.453824
1.83243
2.00363
3.75796
2.3992
1.08611
1.47624
1.80662
2.66878
2.31008
1.2789
3.94372
1.96
1.70283
1.29156
1.96491
-0.6161
2.83098
1.68174
2.81036
0.698776
1.80283
2.22656
2.05498
0.934557
3.00513
2.31896
2.53841
2.46068
0.686237
0.639849
2.18848
2.43767
2.09446
2.24046
1.56201
1.93727
2.42268
2.59598
2.19645
2.46399
1.81458
2.07876
1.55796
0.758729
2.0876
2.63348
2.88622
2.27388
2.53552
2.28643
2.35168
1.58228
1.93577
2.79818
3.86341
2.87263
2.12898
2.47802
3.52018
1.86951
3.20905
2.93647
2.7316
3.25789
1.87855
2.90685
2.15859
3.72846
1.30426
2.58324
2.71719
3.44635
1.74044
2.17888
1.14769
1.95436
1.71598
2.99993
1.55387
2.85835
2.32569
1.76665
2.1288
2.65349
1.1871
1.4367
1.27541
1.39727
1.88877
3.00997
3.34083
2.91503
2.1376
3.79362
2.08911
0.579127
1.50137
3.10404
2.33079
2.96038
2.3738
2.32598
1.84582
2.91594
1.93898
2.05847
1.87106
2.87766
1.34725
0.291832
1.34013
2.16648
3.17483
2.06473
1.00975
0.814627
2.00829
2.10396
3.93122
2.16646
3.47985
4.16751
2.17726
1.54894
2.95361
2.32513
1.55703
2.73006
3.39032
2.04662
1.51373
0.702013
1.24997
2.06623
2.31484
1.68368
1.41791
1.59858
3.71995
1.43723
1.32998
0.740173
1.42077
3.32123
3.43842
1.07093
1.04711
2.27183
2.07213
1.46469
1.09583
2.71414
1.25319
1.83777
1.88803
2.53051
3.10033
3.28012
3.16355
2.40954
1.89882
2.34951
2.30668
2.67379
3.25261
2.43117
1.34267
2.90775
1.87249
2.98768
2.6783
3.54355
2.13925
1.81383
2.26211
1.34236
1.55876
1.30972
1.928
1.96932
2.54334
3.09789
3.33025
2.55404
1.65674
3.90196
1.70899
2.79559
0.862583
2.88257
2.54689
3.18817
2.10928
2.60573
1.47715
1.87468
2.38425
1.81795
2.59527
4.01897
2.96117
2.11204
1.46241
1.41567
1.48435
2.05527
2.28994
2.75574
1.1613
2.50909
1.26325
1.23392
3.15584
1.9822
1.43305
1.41689
1.11554
2.74605
2.18597
0.628457
1.18549
0.730988
0.543687
0.99168
2.86777
3.68298
1.69144
1.73653
1.18059
2.46532
2.7977
0.792118
0.707512
2.12244
0.739157
2.51743
1.48884
2.74142
2.29197
2.10523
1.78832
0.85277
3.56401
1.90309
2.1593
2.14717
2.48279
3.29005
2.73983
2.62994
1.19629
3.08888
2.34691
2.45612
2.05044
2.65577
3.15004
4.40302
2.23575
1.66978
2.44085
2.92673
4.12434
3.47938
2.32805
2.48506
1.65487
1.29455
1.68179
3.21759
3.68371
3.39467
2.14697
3.25903
1.18013
1.51836
2.30053
2.65292
3.82114
1.75323
1.80805
2.60799
2.34736
3.67467
2.18829
1.19136
2.17455
2.58628
1.20354
1.32032
1.66308
2.54412
2.53104
2.47603
2.51279
2.31201
2.56438
3.08018
1.74852
2.56192
2.66155
2.74202
1.89754
2.40307
0.79847
1.68037
2.97159
1.63529
1.70869
2.0542
3.73069
2.83009
3.21247
2.53714
3.65142
1.76681
2.17745
2.0461
1.97221
2.38531
3.01437
0.629567
1.58881
3.83322
1.00029
1.60668
2.65775
3.39602
2.32706
1.77048
2.58159
1.3194
2.6676
2.16079
2.0336
2.45667
2.38393
1.54283
0.521821
3.08998
3.74164
2.5435
2.81075
2.3669
1.48709
1.38729
1.48937
3.88221
1.64232
1.51105
2.5369
0.915438
1.74632
1.35776
2.65876
2.26379
2.65861
2.1029
1.70859
4.25296
3.29194
2.47028
2.26649
1.61433
0.879671
2.63899
3.02497
3.26561
2.1754
2.70475
3.01856
2.79486
2.39797
2.65141
2.3639
0.723389
1.8857
1.85487
1.911
2.93877
3.14934
2.36587
0.62503
1.75746
1.84842
2.35361
3.25406
1.99289
0.502758
3.16899
1.81065
3.65825
2.38717
2.69565
2.9234
2.64493
3.61639
2.05355
2.55747
1.94677
2.08935
1.33481
1.44368
1.90929
1.20621
1.25598
1.53136
2.93168
3.11135
3.02732
0.991408
2.61126
2.40415
2.99911
1.95827
2.06126
2.51489
1.02307
3.14624
2.25542
2.17571
3.02072
3.42295
2.02262
2.13322
4.51627
3.2272
2.77828
2.29482
2.80431
2.82953
1.28877
1.68586
2.30949
2.8928
1.72309
2.07613
2.45543
3.80915
3.08322
4.34857
1.99263
2.27315
2.67943
1.80789
3.51838
1.13169
1.31906
2.48053
1.64115
0.0568628
1.73764
1.67621
2.17143
2.2656
2.49771
0.985248
3.16433
2.02729
1.56594
0.983477
2.30183
2.42405
1.70046
3.9356
1.69415
2.10348
4.63623
4.40827
2.34147
3.92023
1.89868
1.51223
1.77438
1.10088
1.90824
2.35913
2.23196
2.32364
2.51494
0.325703
0.721394
1.359
1.58326
3.88958
2.26843
1.76305
3.60498
1.74128
2.03396
2.3799
2.88591
1.40172
2.02312
1.9452
3.4904
0.00502301
1.13649
3.21941
1.50753
1.05634
1.96368
3.18672
3.68847
3.05805
2.9648
3.03817
1.88489
3.24117
2.37508
2.23023
1.55964
0.758703
1.84881
3.56549
1.90938
0.855609
1.83188
2.8403
2.27614
1.29799
0.850625
1.63604
1.70673
2.28812
1.42397
1.93685
2.05047
2.88525
2.4007
1.86814
2.22443
1.10388
1.98516
2.28803
2.52335
3.39355
2.00078
2.57439
1.6591
1.31691
2.24102
1.20025
2.16261
2.24078
1.34616
2.49654
2.48889
0.493479
1.62281
0.973518
2.33998
2.80792
4.30294
2.24712
1.93942
2.13148
2.51068
3.1348
2.34483
2.65755
1.39539
2.17678
2.52011
2.54596
1.20096
2.32188
5.38432
2.7127
1.33063
1.21308
1.79506
3.42221
3.45394
2.87068
2.17878
1.86283
1.30467
1.43806
1.18382
2.25963
1.67795
2.15913
2.78288
0.8739
2.48175
2.35683
3.18167
1.37546
1.70492
2.5228
3.63243
1.97959
2.51141
3.06645
2.27467
1.90008
2.3151
1.87185
1.46505
3.23402
2.53075
2.28417
0.884614
1.92808
1.25022
1.71484
0.646244
-0.873033
0.993941
2.93202
3.1446
3.02042
1.88677
2.87542
3.35865
0.277377
0.713698
3.24489
1.94272
2.9335
1.66227
1.62881
1.67276
2.34909
1.93884
2.46354
0.932829
1.1484
2.31442
2.53651
3.40767
1.37246
2.64856
1.79117
0.854078
1.22438
2.1232
4.47421
2.15743
2.79037
2.23203
1.31044
2.92632
1.55203
2.06022
1.26292
1.53644
1.55368
1.68194
2.44015
1.12136
0.286926
4.43026
2.85899
2.70106
0.629161
1.00891
3.98833
3.09753
3.33107
2.67908
3.45678
1.86173
1.56582
2.0737
1.83189
1.31981
2.23954
1.04657
1.53317
2.48966
2.29605
1.56615
1.41171
2.6835
1.48967
1.8761
1.6202
2.34657
0.453577
2.96535
1.75359
2.90241
2.58001
1.88049
3.18014
1.57253
1.24818
2.11352
3.51059
1.16352
3.39097
2.10636
2.40623
2.28681
1.73204
2.90336
0.673453
3.32
2.2356
1.60154
2.02533
1.87028
3.39359
2.3804
1.76424
1.34625
1.94505
2.12418
3.06102
2.18048
2.01095
2.95306
1.86616
2.05376
1.50811
3.53297
2.30788
1.87997
1.86378
2.56748
2.7659
1.91613
3.12682
2.64172
2.37175
1.59913
1.67457
1.18371
1.29347
1.45824
2.8218
2.35157
2.73914
2.67162
0.591839
3.23118
2.66559
2.67567
2.38287
2.29355
3.37516
1.5368
1.96227
1.96056
1.84139
3.28484
2.67077
3.64499
2.0328
2.78569
1.19928
0.851687
1.08952
1.28613
2.15864
1.85247
3.06356
1.26989
2.7931
1.76497
1.45961
0.708653
1.69134
1.89989
2.1214
2.26665
1.69076
1.9518
1.6335
2.14818
1.95881
3.52424
4.21129
1.5399
3.18497
1.87642
1.9845
1.43842
2.61273
3.36081
3.24429
3.70513
1.37952
0.509772
2.41295
1.31282
1.46776
2.04122
2.14223
3.01826
3.65932
1.44937
1.68126
2.39386
2.03426
2.90567
1.90714
1.94711
2.26753
1.52978
2.14919
2.54534
1.88852
1.90832
2.67344
2.83954
2.30046
2.45074
2.46723
2.58156
2.60435
2.63275
1.95903
1.41716
2.42112
1.99774
1.28966
2.4726
1.93438
2.11608
2.51698
1.97251
2.45909
2.37796
1.78162
1.88442
2.43543
0.626481
3.88721
1.90907
2.24941
3.53096
1.84621
2.71992
2.55075
2.59325
1.78074
4.15329
1.68378
2.79181
2.45243
2.09023
2.26422
1.93095
1.64015
0.375696
1.50095
2.74187
2.00966
1.23185
1.14811
1.39502
3.56245
1.73946
2.23644
1.21858
2.8653
3.09826
2.34202
2.33438
3.38829
2.95361
1.77219
1.98189
3.85516
3.16248
2.69853
2.34203
1.60509
2.8556
2.25113
2.06916
3.30013
0.882263
2.24521
2.43303
1.80236
2.43225
1.69005
2.87276
2.38324
2.35367
0.756681
3.4467
2.74306
1.78545
1.64786
2.90741
2.43189
1.55745
1.33566
-0.508334
1.78559
2.25573
2.67045
2.39593
2.07325
0.863957
1.66412
3.15833
2.58653
1.79674
2.67069
1.91183
2.42349
1.91455
2.58751
2.65727
2.36252
1.98436
1.97418
1.86467
1.95312
2.50133
1.5234
1.75587
1.55033
1.41319
3.00161
2.93563
1.88839
1.45915
1.80044
2.67436
2.08231
2.04187
1.97751
0.985508
1.18234
1.79783
1.38052
2.10981
1.78264
2.5915
2.80408
1.07833
2.02688
2.54774
0.602971
1.86106
1.53764
2.15225
2.97725
4.19043
3.09694
2.25301
1.0619
3.10466
2.17563
2.21956
3.00556
1.31084
0.974615
0.896854
2.52061
2.52105
2.87238
2.79234
2.25554
2.21761
1.43498
2.58655
1.77917
3.33314
3.20528
3.01089
3.58991
3.88743
2.68974
1.3241
1.47557
2.88596
2.51695
1.64057
1.15727
0.778738
2.65671
1.99695
1.9667
2.64554
3.40322
2.83904
3.11474
1.76752
0.889197
2.03562
2.45674
3.78779
1.45617
2.3014
2.59406
1.98853
1.57822
2.05807
3.21532
3.64643
1.81544
1.66917
0.817833
1.83615
2.47328
2.67092
2.78721
2.05581
1.89055
2.16697
2.3222
2.12907
1.99061
2.01168
2.38721
1.90567
2.35559
2.23781
1.24666
0.99942
1.33365
1.94662
2.79332
2.02074
2.14823
2.9027
1.54073
2.45252
3.48956
2.5039
2.16822
3.08672
2.05858
1.18941
3.50789
2.59848
2.02233
2.764
1.74792
1.93346
2.96779
1.34817
2.83733
1.85493
2.14889
1.742
2.87116
2.0197
1.00489
0.93498
1.51507
1.77473
1.94892
1.76251
2.57767
1.44057
2.87769
2.10649
2.05213
3.59284
1.08908
2.51287
1.6961
2.26816
3.36632
1.6811
2.51023
3.3731
1.04831
2.86679
3.44704
2.18928
2.98483
2.70451
2.38084
3.04366
2.04943
3.00378
2.69401
2.24951
2.90006
1.68233
2.61262
3.00284
0.570392
0.859186
1.18303
1.1945
2.97052
2.21703
2.03191
2.88919
1.43603
1.35334
2.24085
2.09622
2.00302
2.62225
2.99843
2.16382
2.88126
3.80877
1.39553
2.32496
3.83859
2.58467
2.57264
1.59552
4.192
2.16201
1.92508
2.39939
1.13973
3.70829
3.51641
0.946328
1.67052
1.83884
2.1411
2.5162
2.8257
1.85896
2.61792
1.71075
2.44378
2.63217
1.36413
1.77475
1.25285
3.72473
2.29812
1.41181
1.13196
0.948035
2.20424
2.72955
2.26683
1.86689
3.45848
1.19656
2.29843
2.50396
2.32787
3.85731
1.48755
1.54089
3.04582
2.37217
1.72322
3.41429
0.534735
1.45369
2.32359
1.12898
2.2016
2.26771
2.64427
0.939244
3.02543
2.87972
3.16463
3.50937
1.31705
1.58325
2.97781
2.77685
1.88313
3.78842
2.28532
2.73664
1.23608
2.93347
2.15424
1.87338
2.66603
1.37304
2.8399
1.29951
2.20541
2.43212
1.81776
3.18613
2.31305
3.21121
2.16155
2.03513
2.05308
2.77072
1.50521
1.6838
1.90359
1.53659
2.88179
3.00713
4.02441
3.46718
1.99294
3.29209
1.80084
1.29965
1.7444
1.88613
2.49034
3.25447
1.77184
1.02742
0.331988
2.09241
1.3766
1.52607
2.41613
2.30079
2.78985
4.02409
1.58949
2.13692
3.05404
3.35725
2.35611
2.53249
1.71109
3.20948
2.16775
0.749573
3.46007
3.07472
2.49208
2.64675
1.5143
1.64498
2.7989
1.97876
1.79415
1.79961
3.12172
2.87637
1.96859
2.15017
2.60148
3.20154
3.78943
3.1489
3.12951
1.57976
2.70482
1.7023
3.00826
2.09865
2.37253
1.22887
2.02105
3.03049
2.9156
2.95611
0.938391
2.6802
1.80548
1.75035
1.99699
2.67666
2.02808
1.97807
2.38757
2.36175
2.27842
2.54277
2.1591
1.51069
1.92129
2.69154
2.99669
2.79382
2.00767
2.31197
1.93902
2.26966
3.4709
3.37298
1.7572
0.549231
1.45069
2.60024
1.55115
1.24005
1.4559
2.18563
3.38037
1.43914
2.47783
1.52296
3.38334
2.20842
2.97683
0.876569
2.24779
2.35421
1.23466
1.74077
2.04159
2.57652
1.57519
1.14735
2.02709
1.49677
3.05428
4.54277
2.3477
2.98996
3.56184
4.15017
3.08821
0.400972
1.28077
-0.139619
1.42738
2.57541
1.66786
2.61924
3.61033
2.00505
2.40873
1.87412
2.41094
0.905828
2.81784
4.64691
3.3975
1.31216
1.36268
-0.039899
2.13165
0.859936
3.0689
4.07305
0.654734
1.95672
3.94093
2.43289
1.77076
1.71023
2.5436
1.27378
1.45041
2.56363
2.42869
2.58167
3.0376
2.28453
3.36978
3.72328
3.33908
2.0059
2.57756
1.89283
0.681046
1.97819
2.73883
2.22985
1.93363
1.61488
1.352
2.35261
2.55752
2.70829
1.99909
1.49347
1.80146
3.00673
0.843323
1.17466
2.51112
1.71293
1.54798
1.74598
2.86751
1.94963
3.42885
3.46248
3.60498
0.874207
3.44421
2.67641
2.67763
4.44166
2.75711
1.48424
2.56742
1.79807
0.887974
1.81556
2.0042
2.53244
2.66384
3.38318
2.46137
2.98661
2.05711
1.19141
2.19344
2.08457
1.8499
2.13277
0.785405
2.44224
1.60952
1.46829
2.02956
2.47737
1.606
1.00409
2.13339
2.86115
2.18078
1.46396
1.83072
2.06881
1.80553
3.17551
4.26231
2.15055
2.9557
3.09082
2.33761
2.60712
2.99041
2.1
3.1158
2.55265
3.57961
0.844593
2.25515
2.39096
1.41312
1.74085
2.41192
2.50667
2.66167
3.01438
2.02803
0.715378
2.45083
3.52181
1.545
1.08542
2.65871
2.75656
1.43818
1.88994
1.98518
1.20673
1.08694
2.02282
1.50628
1.8553
2.77418
2.50856
2.58147
1.82544
3.59763
1.737
3.29622
0.97154
-0.0264543
2.05497
1.29831
2.91655
2.79443
2.66008
2.36114
2.67534
2.05613
1.27211
3.06186
1.02826
2.73702
1.79964
1.61636
0.41634
0.0819077
1.76236
1.76083
1.78967
1.44819
2.64852
2.58675
1.87253
3.45537
4.05087
3.30685
3.48184
2.76027
1.5485
3.20277
1.74523
0.308336
2.3059
1.67678
2.56597
1.29557
0.981936
1.99344
2.31409
1.72689
2.02193
2.82337
3.50009
1.67575
1.75621
2.78132
2.70024
2.6553
3.71662
1.35062
2.02027
2.28223
2.12436
2.86401
3.17925
2.64068
2.51922
2.1407
2.22299
1.62293
1.74292
3.47592
2.03533
1.75833
2.79338
1.0551
3.07715
1.55624
2.44498
1.3411
2.44358
3.36457
1.30625
1.9264
1.63996
2.82353
2.07208
2.48606
1.97912
2.17842
3.29589
3.22868
2.43199
2.19188
2.16712
1.98937
2.10913
2.22798
2.50517
3.4034
3.01975
1.77994
0.657679
2.53812
2.66723
0.95319
1.1036
0.884253
0.634579
1.75067
2.81148
2.38825
2.23421
2.35822
2.80567
1.4174
2.14791
2.62751
3.33407
2.29142
1.41649
1.98712
2.7014
1.60796
3.02953
1.84769
2.86138
2.81158
2.19573
2.67877
1.35767
2.30731
1.55646
3.63184
4.00168
3.23511
2.41616
2.06357
2.78334
2.49984
3.44376
1.88813
2.64049
3.11195
2.05652
2.82282
1.99748
1.87853
2.45936
4.44459
2.86601
2.99593
3.17538
1.66252
1.79894
1.73964
2.41097
1.24491
2.69233
1.22777
2.42145
3.28079
2.15101
1.38634
2.88068
2.09862
2.97201
0.724502
2.58394
1.45754
3.01111
1.43542
2.7411
4.13889
1.02071
1.48091
1.01123
2.27698
3.2178
2.11059
-0.0768513
1.70952
1.8803
2.80733
0.882709
2.16586
0.438414
2.24145
2.27131
2.92089
2.35161
2.14367
2.6046
3.15749
3.50233
1.38494
1.51595
0.194296
0.518706
1.08181
0.971263
3.50815
1.43458
1.84586
0.832529
2.99534
2.45655
2.93914
2.17165
1.86691
2.18809
3.6926
1.79546
2.20507
2.7987
2.54102
2.13904
1.98192
2.74671
1.53027
3.27474
3.25532
1.98702
2.67381
1.6028
1.17053
1.63991
2.94579
4.08207
2.70011
1.85995
3.5473
1.39284
2.01972
1.81259
2.46236
1.76292
2.9733
1.95934
2.93504
2.63445
2.2713
2.39681
3.63339
0.955565
0.617765
2.73777
1.48232
1.77156
2.35463
2.3614
1.36152
2.06732
1.92204
1.80403
1.92259
1.77347
1.0755
0.911112
1.22167
2.1249
2.75619
2.25568
2.02469
2.43502
1.67646
2.2947
1.62002
1.26107
1.36819
3.27675
1.71394
2.81941
1.96322
2.04981
1.38614
3.01401
1.70025
3.78804
1.21334
1.5434
1.85682
2.68321
2.65094
2.05978
3.13643
1.59888
2.67133
2.0205
2.93563
3.09837
1.30117
1.35644
1.92251
3.25069
2.13483
2.16748
2.48873
2.50287
1.70018
0.55934
3.31633
2.72557
2.07332
3.56896
2.51115
1.04041
1.29022
3.09951
2.24757
2.53476
2.34828
2.51012
1.49662
1.91286
2.86645
2.77598
1.56032
2.04416
2.7993
2.21541
2.75349
2.62342
2.0229
1.53657
1.94291
1.71407
2.13497
0.608118
0.810077
2.53145
2.67267
1.33673
0.596623
1.94023
2.22231
2.89334
2.16074
3.59677
2.2467
0.774216
1.27127
1.17632
1.38308
3.20961
1.97337
2.32024
1.55986
0.589155
-0.239764
2.11321
3.30876
2.31703
1.78547
2.23359
0.599378
2.0273
3.70114
3.26849
1.34482
0.405935
2.00615
2.4141
2.58912
2.84517
1.93471
1.52866
0.942436
3.24361
1.09587
1.80064
1.18445
3.54817
1.93993
2.11558
2.27544
2.34268
2.6982
1.67612
1.45821
2.98358
2.96004
1.44846
1.49635
1.28671
1.65066
2.50492
2.00189
1.01548
2.04899
0.750367
2.4073
2.37596
2.08191
2.81569
5.10037
2.11403
3.31155
3.35842
2.50441
2.29215
1.69459
2.80023
2.126
0.983424
2.01234
3.36675
2.38932
2.9349
0.897817
2.97439
1.58718
2.0917
1.27453
1.07834
1.30732
2.1473
1.55996
1.52248
0.816156
3.25694
3.5505
1.02243
1.55996
1.55986
1.06722
1.77119
1.1348
0.948935
2.16873
2.50103
2.68711
2.21902
2.10163
1.17594
1.82091
2.91752
3.61738
2.21584
1.89573
2.85058
2.39467
1.90972
2.6736
3.42697
1.3482
1.7693
1.80961
1.85645
1.69326
1.12527
2.29451
1.15548
2.60624
1.06955
0.433592
1.11134
1.78782
2.06149
2.68286
3.31029
2.23972
3.62814
2.84235
2.19432
2.07037
2.74265
1.77732
0.855382
1.85624
2.32248
1.79786
2.92123
3.07374
2.45797
2.57343
2.91459
2.27661
0.977304
2.93134
1.5506
2.872
2.25097
1.76394
1.62259
3.41427
2.00421
2.71013
2.43378
2.75276
1.11829
3.35833
0.468948
1.51628
1.97678
3.15817
3.13357
2.42746
2.73635
2.84485
3.36917
1.81948
1.02123
3.68063
2.51646
1.7709
3.02715
2.44622
2.66863
1.23674
2.97676
2.02494
1.44629
3.52485
2.61362
1.1229
2.40187
2.25866
3.28019
0.963209
2.99676
2.68425
1.96394
1.59779
2.34282
1.77448
0.671218
2.3034
1.34348
2.73323
1.89415
1.63341
3.11074
1.05659
1.84359
1.96993
1.11894
3.21713
3.55104
1.69705
2.16365
1.94719
1.98223
2.29121
0.993479
1.26519
2.96956
1.73568
1.5177
1.71309
2.10163
1.32745
2.29789
2.13397
2.50234
2.32678
1.32598
3.03515
1.91763
1.59739
0.17649
2.94215
2.69976
0.763344
1.30484
1.75706
2.06672
1.06935
0.702763
1.65354
2.17997
2.23992
2.77091
2.8047
3.51684
1.52945
1.83565
1.63543
2.84043
1.71605
1.66976
1.06324
2.36397
2.78062
3.19669
2.41423
1.88079
2.29456
2.9434
1.01414
4.02996
2.48628
2.44913
2.15306
1.33761
2.79993
2.19031
2.0479
2.84236
2.32476
2.9284
0.994034
1.73186
1.72374
1.73235
1.42418
2.55727
3.32465
1.94083
2.68772
2.8696
3.05034
1.59874
2.3801
2.281
1.45401
1.62187
2.56835
0.242984
2.96342
1.3999
1.21759
2.61883
3.54654
1.5365
4.06216
4.07692
2.81736
2.50008
1.32481
1.91477
2.60463
1.14885
1.3426
1.7589
3.82129
3.03245
1.29454
2.13169
1.59055
1.48203
1.59938
1.7817
2.02532
2.88764
2.89983
2.49716
2.02762
1.79564
2.59042
3.2697
1.30685
1.54515
3.3248
2.87274
1.75606
2.08942
1.00884
2.87719
1.30212
1.56687
2.18178
0.955356
1.28206
2.7046
3.27928
2.16616
3.11092
1.6914
2.18251
3.12136
2.90133
