0.549657
1.40372
0.440041
0.28964
0.520933
-0.205029
-0.18189
0.185792
0.0621297
0.93883
-0.131665
-0.035385
0.29421
-1.52118
-0.312338
-0.329538
-0.984011
0.354723
-0.358948
-0.0901502
1.03744
0.129769
0.348401
-0.24043
1.17472
0.00441485
0.711399
0.350494
0.612767
0.056055
0.0877482
-0.335276
0.436942
-0.197296
-0.0396022
0.0839968
1.27804
0.882335
0.755571
-0.856992
-0.179999
0.0113435
-1.40277
-0.605219
-1.39853
0.179319
-0.613497
-0.256531
-0.125436
-0.530257
0.10615
-0.623657
-0.236303
-0.638566
-0.672033
-0.741501
0.663396
0.161717
-0.72329
-0.218734
-0.571259
-0.308294
-0.90275
0.0867
0.307941
-0.437322
0.269878
-1.38149
0.244088
0.26462
1.06861
-0.0332378
-0.304058
-1.30929
-0.366348
-1.57251
0.279419
0.2677
-0.555159
-0.471369
-0.507463
-0.998285
0.805905
0.41219
0.105902
-0.60882
-0.585809
0.410957
0.391337
0.137262
0.353634
-1.03581
-0.461309
0.176461
-0.455634
-0.602924
-0.333029
-0.595324
0.136936
0.27947
0.369219
0.403678
-0.165475
-0.462573
-0.743802
-0.743283
-0.129945
-0.590452
-0.642987
-0.307263
-0.643199
-1.81872
-0.868581
-1.21172
0.134026
-0.872424
-1.37571
0.0219668
-1.00944
0.13739
-0.291094
0.318674
0.432318
-0.403604
0.0374318
0.915793
-0.333882
0.650959
0.110777
0.71739
-0.186699
0.124634
0.472438
0.541645
0.723215
0.149971
0.65635
-0.564216
0.411565
0.397289
0.703223
0.0941419
-0.273555
-0.262996
-0.0600244
-1.16749
-1.01775
-0.850574
-0.426957
-0.570342
-0.69207
-0.513698
-0.134796
0.132963
0.341708
0.0465931
0.285565
0.488878
0.689128
0.31322
0.292306
-1.24018
-0.0042466
-0.653632
-0.618385
-0.272682
0.895537
0.505648
-0.477392
0.188683
-0.842497
-0.066896
-0.662323
-1.30407
-0.885856
-0.508786
-0.374128
-0.413667
0.0588772
-0.139628
-0.317891
0.108266
-0.367208
0.0119258
0.206703
1.17968
0.330467
0.780344
0.841136
0.637951
0.160296
0.848254
0.456464
-0.260061
0.913506
0.20002
0.326443
0.573723
0.0530295
0.43919
-0.188641
0.129336
-0.0613684
-0.657649
-0.295673
0.239065
-0.992069
-1.28764
-0.829414
-0.835105
-0.563496
-0.425682
0.0145932
-0.509107
-0.193442
-0.634399
-0.479285
0.328749
-0.146674
0.164988
-0.679514
-1.72296
-0.143804
-0.434364
0.768703
-0.456248
0.052504
0.693234
1.51685
0.932392
0.693806
0.555851
0.0437836
1.10975
-0.433764
1.28237
0.35237
-0.190315
0.915848
1.20633
0.550484
0.526961
-0.205954
0.0651697
0.967332
0.647527
0.547563
0.501947
0.744998
1.47197
0.967784
0.59165
0.893958
0.535627
0.80904
0.771825
-0.0143877
0.806863
1.0458
1.10915
1.17312
-0.241207
0.302346
0.993762
1.19464
0.645681
0.169304
0.446682
0.0373605
0.530706
0.0941689
1.28257
1.29873
1.18838
0.514073
0.079156
-0.486393
-0.0891329
0.0268058
0.068066
-0.513266
0.136145
-1.0254
-1.39247
-0.858336
-0.576264
-0.554423
0.0860558
0.0568035
0.292253
0.169046
0.710684
0.316441
0.0860909
0.295116
0.954639
0.028326
1.05716
1.08617
1.48944
0.24349
-0.395367
-0.613027
-0.1937
-0.726441
-0.232517
-0.0216308
0.0619367
-0.0964898
-0.920932
-0.744748
-1.05499
-0.641491
-0.199595
-0.600807
-0.00205622
-0.47232
-0.204637
-0.042631
0.00608529
-0.802917
-0.427927
-0.203013
-0.573155
0.222815
-0.494028
-0.702691
-0.515727
-0.552322
0.171944
-0.6017
-0.0461515
-0.516937
0.139884
-0.79249
0.0177406
-0.415508
-1.22053
-1.77285
-1.44056
-0.598473
0.936893
0.717901
0.759738
-0.226644
0.806697
-0.508998
-0.0999605
-0.36096
-0.660888
-0.96089
-0.543852
-0.609444
-0.191618
-0.329888
-0.208069
-0.643753
-1.46243
-0.873384
-1.29498
-0.673041
-0.84055
-1.20029
-1.77864
-1.15535
-2.04739
-1.19862
-1.47284
-1.40989
-1.21783
-1.29174
-0.591478
-0.630893
-1.11699
-1.02626
-1.01167
-0.910164
-0.656515
-0.291848
-0.555995
0.562102
-0.349916
-1.18802
-0.582118
0.294609
-1.06339
-0.346531
0.183862
-0.64569
-0.0913434
-0.478486
-0.59449
-0.603643
0.0590698
-0.283169
-0.5615
0.0772759
0.805726
-0.0435153
0.729185
-0.240013
0.346173
0.621425
0.907121
1.24153
0.372091
-0.933111
-0.923588
-0.416495
0.714199
0.402671
-0.43488
-0.539198
-0.54761
-0.799324
-0.304679
-0.98352
-0.392679
-1.28996
-0.815704
-0.672482
0.0305689
0.0852496
-1.3756
-0.809888
0.00787386
-0.348062
-0.4921
-0.631932
-1.17757
-0.297041
-0.485688
-1.2952
-1.11919
-2.6684
-1.27132
-1.49833
-1.38348
-0.818246
-0.659333
-1.11402
-2.34536
-1.76789
-0.958996
-1.40209
-1.02441
-1.1228
-1.0178
-2.05334
-1.16333
-0.738159
-0.917626
-0.36686
-1.08643
-1.83295
-1.41468
-1.9386
-1.43555
-0.998169
0.348934
0.228219
0.0197144
0.177561
0.14421
-0.914271
-0.529506
-2.02012
0.317686
-0.188373
-0.337739
-0.702289
-0.71659
-0.601296
-1.03503
0.187453
-1.27915
-1.73547
-1.01142
-0.19139
-0.397389
-1.11824
0.432243
-1.52823
-0.613946
-0.374371
-0.901371
-0.821378
0.00836654
-1.01258
-0.60191
-0.292675
-0.151001
-1.38723
-1.12729
0.119601
-0.829902
-0.852574
-0.562167
-0.679033
-0.480601
-0.636598
-0.721549
-0.490319
-1.55419
-1.46935
-1.88311
-0.661849
-0.635777
0.0489907
-0.230573
-0.0112241
-0.775364
-1.30277
-1.74145
-1.39481
-1.14746
-2.18912
-1.31509
-1.46739
-1.30218
-1.35016
-1.95381
-1.34719
-1.19197
-2.5618
-1.3742
-1.51742
-1.62027
-1.08157
-0.993535
-0.987398
-0.999396
-0.484781
-0.842648
-1.61132
-1.21694
-0.502061
-0.278674
-0.6234
-0.935064
-0.478972
-1.20527
-0.532792
-1.11935
-0.481678
0.0435442
-0.493607
-0.0725639
-0.0541083
-0.523393
-0.776931
-0.437999
-0.816214
-0.372023
0.475515
-0.350623
-0.424817
0.419519
-0.115225
0.697545
-0.127451
0.205003
-0.916598
-0.182331
-0.155553
-0.360814
-1.02399
-0.721063
-0.475357
-0.714141
-0.897657
-0.55771
-0.992084
-1.891
-0.643166
-0.632156
-0.92198
-1.61302
-1.00223
-0.0882995
0.0473448
-0.573672
-0.801363
-0.762713
-0.540779
-1.0819
-0.507586
-0.818453
-0.0946854
-0.111025
0.498631
-0.182553
1.02222
0.262028
0.381983
-0.0777909
0.421519
-0.579641
-0.95561
1.21022
0.186306
-0.0646555
-0.0973166
-0.281492
0.797357
-0.216325
0.210766
0.572554
0.661608
0.141172
-0.696403
0.410089
0.0694778
0.138167
0.362778
-0.0951225
0.549125
0.253507
0.0799519
-0.530825
0.301138
-0.492826
-0.583947
-0.439686
-0.301104
-0.310888
0.356654
0.300085
-0.135202
-0.367034
-0.0175924
0.600057
0.930192
1.22407
-0.00848632
0.0821976
0.315096
0.556221
0.884812
-0.17259
0.00561016
-0.393574
0.0704525
-0.177007
-0.15895
0.271278
0.42546
0.792351
1.2535
0.120674
0.822022
-0.706697
0.0216943
0.524286
0.0351768
-0.360892
0.557409
0.98592
0.573809
1.87695
1.00348
0.46182
0.86976
-0.108638
0.0847207
-0.627498
0.595038
-0.275029
-1.13962
-0.43326
-0.641408
-0.657273
-1.14829
-1.08747
-0.241692
-1.12017
-1.06473
-0.298649
-0.30373
-0.0969195
-0.144892
0.0349041
-0.392554
-0.798385
-0.720008
-1.82704
-0.477316
-1.46576
-1.30442
-0.840706
-0.480436
-0.0713771
-0.424692
-0.742472
-0.49487
-0.370775
-1.55757
-0.780506
-0.794418
-0.584727
-1.34972
-0.980496
-1.0418
-0.641633
-0.494329
-0.0500807
-0.131704
0.0278994
0.223444
0.335017
0.586875
0.932881
0.446741
0.110124
1.13495
0.593409
-0.381572
-0.454662
-0.49512
-0.817235
-0.789471
-0.629981
-0.86776
-0.926803
-0.519873
0.187847
-0.361574
0.231042
-0.738642
-0.163511
-0.879362
-0.769418
-0.436495
-0.851652
-0.621696
0.63519
0.114877
1.31114
1.42689
0.394044
-0.276416
0.0909969
-0.514606
-1.1053
0.382421
1.07016
1.40891
0.398448
0.816401
0.105365
-0.877717
0.381546
1.46547
0.691133
-0.119736
0.325817
-0.997865
0.428253
0.376434
0.200494
0.686646
0.286777
1.24717
0.290471
-0.283049
0.973387
0.989963
0.2698
-0.481936
-0.226736
-0.0420869
0.781867
1.25444
0.358784
1.39843
-0.119227
0.851798
0.639301
0.112234
0.00686518
0.137439
-0.391532
0.268214
-0.621471
-0.673001
0.791117
0.33526
-0.455347
-0.619457
0.0276727
-0.100686
0.272833
0.213959
-0.177755
0.105112
-0.366362
-0.473378
-0.585534
0.0380038
-0.585544
-0.769215
-0.485397
-0.716845
-0.192504
0.222581
0.419621
-0.295788
0.150782
-0.41646
-0.411286
-0.36859
-0.280569
0.1017
-0.259838
0.369086
-0.147821
-1.01433
-1.31924
-0.639767
-0.292353
-0.147706
-0.833989
-0.571486
-0.172686
-0.587975
-0.201264
-1.01202
-0.852419
-0.426646
-1.48218
-0.773124
-0.280194
-0.795707
-1.32673
-1.61176
-1.98071
-2.45729
-1.81368
-1.63409
-1.35916
-1.19373
-0.578078
-1.80577
-2.16174
-1.2046
-1.23956
-1.05391
-0.937236
-0.626459
-1.61365
-0.4912
-0.523854
-0.365751
-1.14608
-1.49944
0.373589
0.0422642
-0.125214
-1.29126
-0.608095
-0.0774892
-1.10731
-1.17661
0.161037
-0.811866
-1.23849
-0.557691
-0.425643
-0.647085
-1.68773
-0.960933
-0.567349
-1.38317
0.0351027
-0.208643
-0.74453
-0.866991
-0.84546
0.0273683
-0.177448
-0.437822
1.14468
0.121853
-0.287998
-0.751103
0.896111
-0.62635
-0.32317
-0.563332
-0.198354
-0.270069
0.220811
0.10749
-0.558593
0.431119
-0.00851858
-0.0681674
0.129399
0.193648
0.089115
0.060897
0.557418
-0.465351
-0.515547
-0.181078
-0.10651
-0.178273
-0.38383
-0.331377
-0.18479
-1.32798
-1.0189
-1.35051
-1.4835
-1.15369
-2.08042
-0.683079
0.111421
-0.0304928
0.0225747
-0.490459
-0.306994
-0.540156
-0.602579
-0.370406
0.0658903
-1.08045
0.541477
0.0819372
0.147652
-0.593344
-0.345932
-0.0568329
0.347293
0.282329
-0.666951
-0.0114996
-0.603331
-0.459741
-1.10354
-1.22362
-1.37415
-1.02531
-0.662144
-1.36892
-1.2756
-0.729706
-0.537958
-1.33688
-0.824083
-0.321873
-1.22734
-0.747004
-0.468494
-0.637771
-0.850442
-0.141263
0.176673
0.380721
0.326296
0.351826
0.0256165
-0.868146
-1.29062
-2.35934
-2.33332
-1.79058
-2.68397
-2.31536
-0.833424
-0.698075
-0.725077
-1.22164
-1.30455
-0.303626
-1.16145
-1.33073
-0.482245
-0.795799
-1.59263
-0.757537
-1.43216
-1.14516
-0.615013
-2.04889
-1.27427
-1.40876
-0.994008
-0.353671
-1.05468
-1.8551
-1.27053
-1.17339
-0.429627
-0.595536
-0.744987
-2.22313
-0.402627
-1.09829
-0.736423
-0.628825
-0.535896
-1.22622
-1.19807
-1.47166
-1.5413
-1.04541
-1.3939
-1.06618
-1.69259
-0.375488
-1.92692
-1.12083
-0.791512
-1.81117
-2.18912
-0.61067
-1.35708
-0.787846
-1.51658
-0.504328
-0.390104
-1.07367
-0.363431
-0.180831
-0.283407
-0.773154
-0.477438
-1.01964
-0.634967
-0.544518
-0.288747
-1.19715
-0.970727
-0.983858
-0.975587
-0.698225
-0.441065
-1.25826
-1.04625
-0.439713
-0.352708
-0.0523046
-0.944928
-1.80105
-1.32924
-1.09077
-0.583313
-0.920391
-1.60707
-1.19064
-0.812654
-0.0153488
-0.293406
0.528912
-0.198792
0.537023
0.267603
-0.81691
-0.719003
-0.723451
-0.790953
-0.383353
-0.366298
0.140393
0.0245253
0.037521
-1.09313
-0.346171
-0.699523
-0.10699
-1.35895
-0.683022
0.178437
-0.731559
-0.0915249
0.0828191
0.037725
0.0637032
0.564773
-0.348389
-0.595143
-0.548815
-0.400388
0.376629
0.482465
-0.794261
0.124867
0.547045
0.0427429
0.441319
0.448526
-0.572307
-0.5066
-0.612637
-0.419803
-0.116512
-0.160989
1.07746
-0.0404702
0.0819852
-0.527101
-0.221045
-0.737867
-0.757646
-0.777402
-0.673278
-1.09175
-0.650135
-0.168762
0.425224
0.0652887
0.0482338
0.507462
0.515213
0.0664948
0.700026
-0.241803
-0.497193
-0.267787
-0.0845467
0.0671927
-0.079837
0.0276007
0.0620891
-0.595969
-0.800471
-0.38261
0.624519
0.137402
0.744449
0.0350177
-1.28423
0.39352
0.227384
0.0060853
0.154439
0.4298
0.469365
0.456189
1.67365
1.5484
0.541714
0.748666
-0.580458
0.0733917
0.169582
-0.771368
0.469773
0.0929835
0.966767
0.967751
-0.461634
0.0770143
-0.480796
0.724118
0.348731
1.11154
-0.248245
0.310726
0.64269
-0.133028
1.06234
0.451076
-0.54371
0.689846
-0.19677
-0.869444
0.222327
-0.184653
-0.480685
0.377725
0.767715
-0.00809673
0.61415
-0.387757
-0.612268
-0.421992
-0.278783
0.705328
-0.967438
-0.834252
-0.2276
-1.06122
-0.509549
-0.599507
-1.23391
-0.891407
-0.433794
-0.299779
-1.57957
-1.42622
-0.943551
-1.3377
-1.02122
-0.593202
-0.573192
-0.837303
-0.740269
-1.1892
-0.638081
-1.99411
-0.841834
-1.70478
-2.08941
-1.79497
-0.230367
-1.68056
-0.488569
-0.123036
-0.428661
-1.37805
-1.17085
-0.701677
0.24595
0.0489297
0.0515005
-0.150212
-0.540321
-0.63215
-1.04951
-1.67866
-1.67058
-1.94139
-1.24047
-0.821552
-0.500344
-0.653787
-0.742011
-0.682577
-0.510649
-0.586891
-0.149597
0.298648
0.281104
-0.332095
-0.407765
-1.10812
0.00484686
0.517411
0.161492
0.22738
-0.784725
-0.486081
-1.52859
-0.802758
-1.28897
-0.27015
-1.19658
-0.993579
-0.401662
0.28867
-0.090354
0.0556562
-0.048895
0.127818
0.267565
0.80666
1.45119
-0.105279
0.673472
0.745478
0.111482
0.123602
-0.876713
-0.636171
-0.851858
-0.263143
-0.753791
0.369749
-0.477303
-0.294681
-0.43942
-0.599198
-0.561022
-0.886945
-0.392551
-0.80324
-1.22011
-0.253885
-1.15001
-0.781161
-0.796296
-0.144258
0.207001
-0.0554125
-0.378749
-0.498152
0.60262
0.624893
0.607668
-0.30083
-0.158606
-0.130108
0.080263
-0.153768
-0.503145
0.430345
0.866253
1.05006
-0.0933123
0.158034
1.0711
0.991112
1.00937
0.653436
1.02321
0.614862
0.873239
0.852711
0.812612
-0.260196
0.345271
0.57005
0.939549
1.5352
0.878647
0.46001
0.849128
0.736062
0.450053
-0.521241
0.344927
0.221217
0.0210813
1.25696
0.997327
0.884756
1.08611
1.31618
0.819657
1.81051
1.20411
1.16596
1.58399
1.25759
-0.00386468
0.0298445
-1.01782
-0.452081
-0.277768
-0.395648
-0.343817
-1.08149
-0.408627
-0.577536
0.226773
-0.0889896
-0.55443
0.000205257
-0.457356
0.178237
-1.24705
-0.810429
-0.546967
-0.515207
0.448702
-0.283021
0.02228
-0.783214
-0.062621
-0.0332556
-0.00993011
0.221724
0.776423
-0.223635
-0.0319163
1.04092
1.02027
0.0204045
0.747076
0.539849
1.08184
-0.10652
0.0806298
-0.216985
-1.60471
-0.55122
-0.295611
-0.380523
1.40017
-0.819209
-0.393634
-0.364786
-1.03768
-0.0391734
-0.114899
-0.0427282
-0.569749
-0.535765
-0.745213
-0.861538
-0.689611
-0.62691
-1.028
-0.913103
0.166561
-1.35458
-1.41544
-0.653391
-1.4354
-1.28723
-0.977695
-1.03824
-1.43533
-0.72485
-0.638635
-1.06447
-0.541198
-0.364201
0.300388
0.434693
0.244118
-0.693101
-0.596819
-0.521072
0.021746
-1.37397
-1.37016
-0.971606
-0.984211
-1.55547
-1.11121
-0.0234091
0.564174
-0.23355
-0.445802
-0.623902
-0.719322
-0.718298
-0.834959
-1.66215
-0.911385
-1.36376
-1.67162
-1.36133
-1.25836
0.312882
-0.204503
-0.936261
-1.20832
-1.03413
-1.49398
-0.440383
-0.123443
0.321892
0.59136
0.4802
-0.213816
-0.139689
0.338007
-0.71051
-0.875769
-0.477943
0.407589
0.236009
-0.928427
-0.578892
-0.0696808
-0.24528
-0.641435
0.168697
-0.603289
-0.772876
-1.49105
-0.913084
-1.66763
-0.182049
-0.192375
-0.0269995
0.378287
0.3031
0.638941
0.83832
0.679846
-0.805181
-0.711587
-0.541865
0.298719
-0.559
-0.105001
-0.851308
-0.796365
-0.932674
-0.982303
-1.15774
-0.318491
-1.15503
-1.18619
-0.695924
-0.724529
-0.412633
0.483858
0.106149
0.534147
-0.644894
-0.195748
0.00121922
0.0634526
-0.263291
-0.802938
0.147507
0.025232
0.72898
0.504539
0.496344
1.14587
0.388303
-0.713117
-0.471477
-0.288642
0.00430628
-0.338053
-0.853919
-0.376645
-0.0419114
-0.815597
-0.368282
-1.20407
0.713305
-0.696782
-0.491025
-0.890787
-0.297943
-0.750071
0.866738
0.0190409
-0.295666
-0.417567
0.294628
0.126912
0.792937
0.0167471
0.0732158
-0.815716
-0.423564
-0.864791
-0.734834
-0.444221
-0.274648
-0.66737
-0.952562
-0.8049
-0.113632
-0.41875
-0.966257
0.00729143
-1.13144
-0.866299
-0.951574
-1.14717
-1.2574
-1.10508
-0.624121
-1.42748
-1.5153
-1.67254
-2.0511
-1.75017
-0.178824
-1.22576
-1.58765
-1.85964
-1.25535
-0.457411
-0.335428
-0.260569
-0.129423
-1.09444
-0.776907
-0.780597
-1.45255
-0.758814
-0.641996
-0.569408
-0.380277
-0.663106
-1.1759
-0.68294
-0.943364
-0.360504
-0.601746
-1.40474
-0.824488
-0.391562
-0.301746
-0.355543
-0.371978
-0.556771
0.519597
-0.223722
-0.819117
-1.34204
-0.934098
-1.12359
-0.474691
0.66134
0.0489125
-0.616337
-0.413907
-0.806822
-0.771652
-0.681558
-0.24429
-0.308191
0.077957
-0.0865625
-1.40161
-0.277906
-0.270328
-0.345062
0.276472
0.320187
-0.713886
-0.225093
0.0029211
-0.567988
-1.46208
-0.25237
0.386335
-0.153673
-1.0546
-0.461348
0.79937
1.20626
0.651451
0.597555
-0.188303
-0.182176
0.927088
-0.219859
-0.489047
0.714916
0.168402
-0.681032
-1.12211
-0.57265
-0.947153
-0.642292
-0.604304
0.0233411
-0.911534
-1.01767
-0.699518
-1.59287
-1.36263
-0.243845
-0.724206
-0.784656
-0.800047
-1.21064
-0.823765
-0.648613
-0.181647
-0.260499
0.488297
0.514584
0.980947
-0.0899793
0.592355
-0.248136
0.472978
0.62095
0.413981
0.257461
-0.245524
0.468915
0.643439
-0.0903855
0.047017
0.604111
-0.297546
-0.324134
-1.73078
-1.47132
-2.35062
-2.0467
-2.66921
-1.82436
-0.467825
-0.122423
-1.24758
-0.504885
-1.22982
-1.47027
-1.54537
-0.904683
-0.652895
-1.40745
-0.614913
-0.405879
0.115297
-0.220082
-0.82329
0.344347
-1.01858
-0.226779
-1.08858
-1.73327
-1.62228
-1.09174
0.292899
0.00478582
-0.802421
-0.362657
-0.871541
-0.55577
-1.02189
-0.776896
-0.399354
0.309096
-0.168318
0.332221
0.194943
-0.643877
-0.286456
-0.0988909
-0.863477
-1.23123
-0.768073
-1.20088
-0.0198627
0.285811
0.740937
-0.108869
0.198646
0.694088
-0.0672332
-0.607672
0.358219
0.322905
0.164311
0.0447693
0.0194006
-0.36847
0.542919
0.76583
0.427158
0.863429
0.0810556
0.062771
0.127614
0.575594
1.16858
0.924435
1.29264
0.328643
-0.0531405
-0.262655
0.422704
0.4186
1.46671
0.923108
0.485091
0.0222077
-0.232395
-0.366351
-0.50925
-0.538091
-0.648544
-0.378817
-0.808749
-0.227026
0.163753
-0.0811091
0.362429
0.556671
-0.155865
0.484341
-0.0280677
0.0979679
-0.157596
-0.893619
-0.441402
0.54569
-0.0784667
-0.191311
-0.322809
0.271825
0.627221
0.546775
-0.284523
-0.119916
-0.836098
-0.548881
-0.0449226
0.998573
-0.160209
0.701462
1.83524
0.132689
0.598154
0.387217
-0.351712
-0.797598
-0.331193
-0.250393
0.0817505
0.192866
-0.0417251
-0.744548
0.0716414
-0.123644
-0.531159
-0.835984
-0.885825
-0.0695762
-1.03391
0.70813
0.82653
0.155714
-0.722078
0.401583
0.0919141
-1.44354
-0.614793
-0.670325
-1.3009
-1.24425
-1.42165
-1.74778
-0.146565
-1.45994
-1.39208
-1.84827
-0.262518
-0.839709
-1.14356
-1.6869
-1.35097
-0.961496
-1.80083
-0.884571
-0.794766
-0.442281
0.00658662
-0.405219
-0.0461907
-0.0974826
-0.369307
-0.51615
-0.98077
-1.09124
-0.968175
-1.34438
-0.539875
-0.0614785
-0.191987
-0.58493
-2.78317e-05
-0.887849
-0.648598
-0.238868
-1.25788
-0.314678
0.274404
-0.691727
-0.451972
-0.649405
-0.386337
-1.25696
-0.993464
-1.2118
-0.149709
-0.296747
-0.0161988
-0.838194
-0.0181863
-1.14967
-0.794765
-0.133974
0.316278
-0.435965
0.310331
0.159996
1.03546
0.10047
0.486755
-0.00622264
-0.811466
-0.132858
-0.715311
-1.40737
-0.616914
-1.21236
0.159033
0.167091
-0.295573
-0.122795
-1.00464
-0.509539
-0.866588
0.0923167
0.464154
-0.559033
-0.69574
-0.567743
-0.548119
-0.530144
0.396537
-0.141829
-0.15622
-0.625727
-0.594278
-0.323584
0.0795053
-0.276127
-0.0833058
-0.0721799
0.140158
-0.0983654
-0.497306
0.670431
0.521978
0.00697099
-0.126848
-0.216278
-0.0758925
-0.714301
-0.544511
-0.369731
0.231121
0.497756
0.361823
0.144259
-0.848543
-1.23132
0.0116314
0.512532
1.13265
0.100737
0.613241
2.05593
1.19984
0.421968
1.05029
1.45226
1.2128
1.98745
0.615928
0.913157
0.950959
1.30726
0.581454
0.695611
0.354088
0.790503
0.337909
0.0394568
-0.712368
0.976118
0.423038
0.385935
0.828798
1.43311
1.74087
0.00396701
0.628169
0.156117
0.848106
0.485484
-0.742952
-0.269212
-0.831643
-0.475385
-0.788687
-0.431604
0.278238
0.0798984
-0.221521
-0.694667
-0.400259
0.133718
-0.279085
-0.213165
0.513521
0.0472909
0.330739
1.20096
-0.0129706
-0.229557
0.354966
0.287546
-0.694069
-0.431846
0.203656
-0.436065
-0.519823
0.265228
-0.534778
-0.217079
-0.687344
0.787616
-0.0291744
-0.672088
0.241974
0.721552
-0.259652
-0.242959
0.359786
-0.0540008
-0.312755
0.130094
-0.799789
-0.862205
0.301774
0.441035
0.364258
-0.0469384
0.409815
-0.578425
-0.31417
-0.481475
-1.17189
-0.794208
-1.36712
-1.03535
-0.657636
-0.882822
-0.429439
-0.0804039
-0.374014
-0.310302
0.37298
-0.104624
-0.618138
-0.045808
-0.507916
-0.55205
0.631772
0.0769969
0.119377
-1.15022
-0.462218
-0.313739
0.897706
0.270748
-0.402981
-0.727491
0.00732126
-0.433839
-0.213161
0.625375
-0.151967
0.869079
0.63762
-0.0273961
0.173406
-0.741196
-0.205322
0.229708
0.243197
0.195224
1.33636
-0.303923
0.293416
-0.111502
0.285301
-0.556176
-0.372297
-0.443106
-0.252528
0.59839
0.85443
-0.476514
-0.561731
-0.183003
-0.673922
-0.0341271
0.777592
0.822186
0.59352
0.671524
0.738269
0.56517
0.1751
-0.594738
-0.45531
-0.899431
-0.636078
0.159922
-0.114495
-0.0684889
0.718565
0.557222
0.730212
0.207944
0.70461
-0.0759607
0.000614574
-0.783605
-0.104968
0.0956785
-0.238368
0.779503
1.17485
1.13295
-0.300885
0.344581
-0.715096
-1.09034
-0.26996
-0.0344104
-0.998298
-0.665971
-0.123834
-0.31734
-0.202848
-0.363477
-1.01547
-1.9503
-1.0997
-1.77097
-0.94125
-0.690219
-0.491366
-0.580625
0.319247
-1.26129
-0.180059
-0.289582
0.271104
0.126983
0.119533
0.242571
0.0568263
-0.969319
-0.108901
-0.435994
0.18691
0.440772
0.150136
0.874199
1.32473
1.22945
0.537251
1.04109
1.98915
-0.0106353
0.636757
0.539066
-0.150254
0.121454
1.06522
0.147257
0.414046
-0.353155
1.32044
1.04631
0.453618
1.01791
-0.816624
0.721466
0.21605
-0.307955
0.612547
0.844691
-0.228177
-0.180675
1.00844
0.599252
0.734899
0.889626
1.32421
0.304319
0.985914
1.31604
1.57312
0.611847
-0.279386
0.0477354
-0.286817
-0.208392
1.57992
0.98008
0.527962
1.22927
0.687939
0.689239
0.00906994
-0.627514
-0.449402
0.746038
-0.128816
0.0586281
0.667658
0.873036
0.16168
0.311457
-0.119845
0.936706
1.02643
1.4144
0.328448
-0.222616
0.13144
-0.195174
0.0152196
1.23474
1.38171
1.72
1.95446
0.301109
0.97032
1.61954
0.644125
1.7351
1.18149
1.30175
2.22517
0.163991
1.33811
2.0495
1.43015
2.03337
0.96761
-0.28773
0.272417
1.6138
0.938236
0.358215
1.01584
0.961961
0.918211
1.61592
0.349224
0.602023
0.193901
1.38138
0.942422
0.785146
1.20148
0.541972
0.576748
0.202191
0.420991
0.745018
0.966078
0.438123
0.624051
0.152035
0.126573
-0.222325
-0.588855
-0.982842
-0.0292449
-0.153511
0.095717
0.171452
0.346589
-0.300255
0.523583
0.455257
0.362272
0.888951
-0.168649
0.119395
0.397516
-0.230325
-0.166586
-0.0454585
-0.0753584
-0.169108
0.330991
0.781891
1.11445
0.302925
0.171927
-0.142271
0.11472
0.318669
-0.65342
0.875316
0.389408
0.383136
-0.467029
-0.538874
0.180166
-0.551826
-0.00822972
-0.461342
0.451647
-0.112641
0.141623
-0.440415
0.151893
-0.863989
-0.236873
-0.779168
-0.701009
-0.157451
-0.785108
-0.769085
-1.04751
-0.737888
-0.576047
0.088041
-0.478884
0.275607
0.379326
-0.299789
0.0872122
-0.713908
-0.213414
0.832008
0.728636
0.165421
0.706814
-0.337281
-0.613276
0.492015
-0.334463
0.669386
0.975229
0.593756
0.520271
1.63415
0.24491
0.149388
-0.501481
-0.799387
-0.018805
0.471554
0.279723
0.516505
1.13835
0.601117
1.05553
0.495871
0.324237
0.93248
1.64659
1.18503
0.849929
0.520015
-0.0690347
0.61417
0.118573
0.160779
0.507061
1.12526
0.108088
-0.2929
-0.610079
0.559842
-0.128041
-0.142497
-0.320726
0.000885645
-1.45283
-1.92266
-1.53109
-1.84152
-0.32243
-1.9654
-0.816031
-1.09971
-0.801795
-0.82595
-0.531066
-0.778866
0.200128
0.880643
-0.33515
0.0411986
0.636163
-1.18151
-0.488564
-0.463646
-0.831443
-0.790541
-0.627546
-0.560059
-0.0905713
0.680043
-0.167353
0.0337387
-0.770567
-0.563329
-0.622174
-0.748288
-0.784335
-0.0550087
0.0919779
-1.39686
-1.31648
0.163611
-0.529706
-0.418461
-0.77374
-0.44917
-0.675232
-1.36546
-1.04972
-1.1804
-0.782432
-1.08974
-1.33749
-0.00569758
-0.0200152
-0.0684061
-1.67272
-0.876382
-1.02243
-0.615614
-0.469602
-0.809593
-1.02761
-1.30116
-1.09382
-1.07222
-1.29429
-1.23842
-1.07245
-1.35456
0.861531
0.136366
-0.268756
0.18807
0.165817
-0.937078
-0.31168
-0.238524
-0.641118
-0.796386
-1.18692
-0.0861447
-0.577964
0.200281
-0.508622
-0.638458
-0.682932
-0.668769
-0.811975
-1.08677
-1.11709
-0.66189
-1.86725
-0.851001
-0.233379
-0.522854
-0.214553
-0.938715
-1.15255
-0.794143
-1.20173
-1.64378
-1.10684
-0.897806
-1.01735
-0.805015
-1.4778
-0.660297
-0.518775
-1.38436
0.160663
-0.451662
-0.100924
0.233343
0.277518
0.160153
0.420817
-0.19838
0.908769
-0.999298
-0.214703
-0.0440541
0.257266
0.190008
0.818916
-1.34629
-0.803077
-0.0856075
-1.29002
-0.292504
-0.167132
0.0143278
-0.00484568
0.115842
-0.131951
0.735216
0.207576
0.142991
0.0567429
-0.864003
0.515563
0.445403
0.16785
-0.167831
0.0792568
-1.19436
-0.5513
-0.649916
0.0310323
-1.07825
-1.78515
-0.767543
-0.265866
-0.550353
-0.113332
-0.29179
-1.05145
0.0634704
-0.654861
-0.332997
-0.321486
0.609569
0.186967
-0.411598
0.307368
0.481497
-0.145935
-0.445624
0.180902
0.467603
-0.994301
-1.08916
0.668044
-0.353622
-0.42642
-0.495308
-0.0944501
-0.00313793
-1.43027
-0.132555
0.474051
-0.540227
-0.183745
0.305163
-0.0529692
-0.418364
-0.502555
-0.602611
-0.402967
0.654766
0.248882
0.542574
-0.606503
-0.592132
-0.549558
-0.252493
-0.612742
-0.325711
-0.298322
0.0414961
-0.135533
0.510602
0.396535
1.22554
0.37377
-0.412999
0.253404
0.64835
0.24676
0.950935
0.499148
-0.510486
-0.891605
-0.515157
-0.327835
0.121749
-0.52303
0.0560367
-0.831208
-0.200731
0.699141
0.135581
-0.946533
-0.797266
0.488828
0.529975
0.168283
0.906963
0.552443
1.17103
0.390375
0.246942
0.719855
-0.168237
1.08775
0.0281056
1.02384
0.307788
0.360434
0.0392152
0.557168
-0.151806
-0.799792
0.314514
0.240716
-0.413594
-0.98744
-0.942852
-0.694509
-0.176725
0.370169
-0.277149
0.150257
-0.10765
0.308118
0.727781
0.98512
1.32391
1.2731
0.977487
0.354284
-0.333864
-0.313904
0.405554
-0.0621607
-0.160426
0.519869
0.882393
1.08298
0.98906
0.971863
-0.431249
0.0817723
0.500214
0.232287
-0.0412761
-0.517353
0.718257
-0.106377
-0.517196
0.224598
0.886954
0.712671
-0.0962575
-0.126298
0.0418312
-0.187842
-0.580497
-0.647126
-0.966206
-0.844457
-0.338132
0.293138
1.46185
1.01197
-0.379175
0.130783
-0.180631
-0.145627
-0.101078
-0.534185
0.349285
0.0752414
0.150534
0.981717
0.570655
0.387816
0.433423
0.563543
0.921584
0.536704
1.09384
-0.654177
0.358905
0.533374
0.563832
0.240653
-0.177142
0.0255475
0.862775
0.954615
0.646327
0.57187
0.130722
-0.602896
0.894727
0.877935
1.09127
1.0087
-0.0859464
0.519075
0.685106
1.21261
0.529833
0.742678
0.192761
0.228276
0.405651
0.0828715
0.812843
1.14532
0.458738
0.958182
0.944772
1.16664
2.35752
1.44238
1.12035
0.870819
0.346395
0.51762
-0.155004
-0.123481
0.647325
0.660504
0.956552
0.550928
0.124069
0.164274
0.64389
-0.527982
0.0161621
0.484225
0.915482
1.05735
0.623067
-0.242853
-0.155987
0.32666
0.633934
1.38559
1.20244
1.19305
1.64973
1.28369
0.788575
1.53466
1.20443
0.13679
0.344171
-0.167161
-0.526795
0.333159
-0.0412527
-1.38078
-0.200726
0.0619367
-0.165527
-0.903957
0.758787
0.390471
0.0284062
1.3573
1.16077
0.188259
0.785534
1.17189
0.537237
0.834441
0.993785
1.35968
1.03049
0.507736
0.327835
0.252323
0.544728
0.182111
0.531993
0.452064
0.715265
1.16946
0.164647
0.524005
0.872213
1.01591
-0.646541
0.167473
0.389531
1.06516
1.27008
1.32812
1.18389
0.0251106
0.48092
1.23355
0.475454
1.17032
1.01648
-0.413567
0.105322
0.786875
-0.396082
-0.210946
0.948297
1.08616
1.09747
0.653943
0.960614
0.437303
0.415967
0.861472
0.772491
0.552143
0.230887
0.109059
-0.240081
0.249473
0.386511
0.282607
1.33648
1.21793
0.860259
0.997847
1.25635
2.01787
1.46374
0.553009
1.28033
0.196531
0.932712
0.234731
0.925725
0.930963
0.846241
0.319511
1.15422
0.947327
0.969599
0.701547
2.30745
1.74922
1.43187
2.34403
1.47762
0.919851
0.675339
0.952896
-0.0452255
0.409699
0.805365
-0.429531
-0.38367
1.13668
1.67125
0.531381
0.14078
0.538385
0.435622
1.27084
0.950161
0.898523
1.97539
1.12892
1.59281
0.409643
0.343318
0.642919
1.15278
1.43024
0.504817
-0.234217
0.892614
1.32353
-0.0704881
-1.08866
0.362789
0.416624
-1.05514
-0.207623
0.61807
0.370237
-0.757309
0.0410091
0.558833
-0.489
-0.480545
-1.08479
-1.53451
-0.406978
-0.582274
-0.99817
-1.05476
-0.952938
-1.73908
-0.225769
-1.66959
-0.552353
-1.31465
-0.461995
0.190587
0.303542
-0.205131
0.280707
0.308575
-0.466698
-0.470362
-0.615662
-0.0480171
-0.368782
-0.393273
0.176313
-0.475729
-0.521032
0.553474
0.333213
-0.00973895
-0.0429355
1.28576
1.1803
1.51237
2.37339
1.83526
2.80685
2.45147
1.70136
0.751565
1.36211
1.39124
1.08499
0.906649
0.691844
0.372173
0.371348
0.84441
1.30869
0.813649
0.284555
1.50241
0.708528
0.441434
2.01742
1.46667
0.996083
1.9161
0.72626
1.55605
1.32016
0.762721
1.07063
1.46084
1.87689
0.147635
1.42238
1.12512
1.46176
0.525601
1.04022
0.806215
0.766635
0.986599
0.413091
1.00995
1.43238
0.734577
0.658477
1.0501
0.547641
1.7836
0.817153
-0.00915864
0.140431
0.266613
0.573321
0.213597
-0.226451
0.37577
1.14231
0.665355
0.295675
0.327256
0.938714
0.861935
0.690781
0.712554
-0.318988
0.558816
1.01495
0.265678
-0.404497
-0.505602
-0.054751
0.0301059
0.0526725
-0.58615
-0.112113
0.438578
1.18788
0.488615
1.13554
0.158726
1.57883
0.820363
0.513929
-0.121
0.296697
0.960816
0.281841
1.55664
0.987936
0.945115
0.59785
-0.500263
0.846524
1.00083
0.993632
1.05873
1.35341
1.21827
0.748392
1.37524
1.70789
0.0388196
0.375748
1.3502
0.887507
0.425729
0.146592
0.854851
0.398642
0.217672
0.712989
-0.389591
-0.624127
-0.136357
0.514032
-0.288594
0.818379
0.936368
0.405923
0.176881
0.999052
0.796329
0.371182
1.10441
0.536714
0.826914
0.645412
0.393007
0.507902
0.196474
0.849546
0.436974
0.0733317
0.809236
0.373036
0.350665
-0.16076
0.0537416
0.601097
1.13923
1.14859
1.35239
0.687944
0.501356
0.450757
0.50161
0.629518
-0.91771
0.590438
-0.296013
0.699526
1.01324
-0.00835087
0.595612
0.922844
0.839987
0.766408
0.271904
-0.759112
-0.441687
-0.500331
-0.444815
0.174318
0.379353
0.886405
0.986227
0.420689
0.418549
0.846185
0.216582
0.174784
0.0540663
1.14434
0.411528
1.4396
1.16244
1.59294
0.894636
1.41059
0.592237
0.856317
1.94627
0.678376
1.13323
1.72834
0.706528
0.661645
1.68871
1.52409
0.4613
1.00623
0.800799
-0.00403818
0.793616
0.65416
1.89733
2.00905
0.450353
1.30585
0.602053
0.583495
0.73829
0.0844417
0.910194
0.580446
1.25123
1.27297
1.26665
0.692143
0.640414
-0.00506783
-0.404907
0.0210793
-0.0362299
0.858969
-0.10459
-0.453245
-0.432328
0.715721
0.232256
0.620674
0.390562
1.03296
1.3215
2.04769
1.47682
1.86572
0.654299
0.844801
0.391638
1.54443
0.60004
0.305456
1.12042
0.246636
0.202946
-0.255376
0.562422
1.00713
0.553427
0.582707
-0.0937418
-0.093269
0.114663
0.209882
0.651634
1.15614
0.983061
1.17441
1.57484
-0.222158
0.849577
0.108248
0.708954
0.694846
-0.165584
0.118712
2.14645
0.747776
1.06443
0.862978
0.648221
1.17238
0.43117
0.464967
0.216595
1.09793
1.47672
1.71963
2.04676
0.918657
0.714568
0.17313
1.23046
1.04156
0.827831
0.909785
1.84878
0.548421
0.609564
0.473959
0.0826997
0.102404
0.492051
0.421103
0.959514
0.0346976
-0.115304
0.00551477
-0.442914
-0.382736
-0.0886316
0.848389
0.216316
-0.345421
-0.79196
-0.163691
-0.175065
0.747796
0.203809
0.254883
0.315006
0.710473
0.583321
0.0884984
0.252198
0.584756
0.819481
-0.331801
-0.257286
-0.901292
0.503448
0.898165
-0.572842
-0.381335
-0.511219
-0.288879
-1.52199
-0.435765
-0.659247
-0.864073
0.515688
0.212565
-0.776852
0.464645
0.445727
0.683343
0.293947
-0.0531745
-0.172356
-0.0343806
0.304091
0.956151
0.759892
0.781876
0.576896
0.962685
0.6277
0.658071
0.433424
-0.105236
1.03561
-0.164932
1.18514
0.651225
0.552703
1.20528
0.916648
0.206771
0.0432893
1.21652
0.116813
0.217886
0.519227
1.16591
0.499107
1.57502
0.176778
0.810853
0.586701
0.578682
0.62574
1.40091
0.881778
0.821665
0.536147
0.0998312
0.565814
-0.150227
0.790626
0.150361
0.349768
1.55425
0.792401
0.280988
1.05163
0.809714
1.35986
1.65333
0.0284086
0.566051
1.26135
0.972034
1.46481
1.27868
2.61668
0.909218
0.697358
1.48497
1.98286
0.954745
1.33167
0.881128
0.749455
0.620953
1.84245
1.88532
0.856931
0.32161
0.441441
0.0726469
1.0434
1.7594
1.16789
1.41234
1.73579
1.76991
0.179724
0.62013
2.21629
0.852072
0.557393
1.2071
0.396669
0.405549
1.12316
1.23867
1.46686
0.118625
0.271559
1.05226
1.84652
1.5999
1.84685
2.22513
1.50469
1.02979
0.897727
0.761533
1.05454
0.649118
1.60323
1.25467
1.61766
1.81556
2.16944
1.42014
0.893437
0.957555
2.21071
1.44886
2.03537
1.87855
1.18928
2.05357
2.02313
0.643177
0.764314
0.470671
0.74597
-0.215112
2.01494
0.944546
-0.314971
1.68794
1.32516
1.25277
0.187124
1.08626
1.07887
0.410888
-0.121094
0.187201
1.31579
0.715066
0.43784
-0.449888
-0.848987
-0.811823
0.188736
0.187806
0.502608
0.167308
0.204514
0.789215
-0.40737
0.348616
0.482229
0.713141
0.239308
0.416067
0.751052
0.625248
1.00015
0.042562
-0.576816
-0.596004
-0.0342543
0.242599
0.286244
0.324095
-0.229808
0.118841
0.0892489
0.794331
-0.409269
-0.552246
-0.556547
-0.79662
-0.355807
-0.378872
-1.03422
-1.57559
-1.48127
-0.949035
-0.063588
-0.197599
-0.220902
-0.314394
-0.358431
-0.169455
-0.898363
-0.294624
-0.156581
0.813861
0.0610015
-0.0198463
0.834289
0.568743
0.309277
0.415559
0.555878
-0.180801
0.0940622
-0.0628264
0.470375
-0.374374
0.430338
0.0975977
-0.304246
-0.123855
0.634472
1.04983
0.475039
-0.522134
0.337994
0.00139652
0.591685
-0.191338
0.112373
-0.0379654
0.754608
-0.0173127
-0.437555
0.243267
1.62086
1.73142
1.47036
0.957374
1.10747
-0.0393748
0.0548451
0.460928
0.952506
0.51023
0.947821
-0.318046
0.825435
1.03694
-0.00686296
0.29408
0.000615747
0.730839
0.668275
0.391944
0.729905
1.31857
0.627305
0.872908
0.683355
0.0326262
0.21123
1.44291
1.19369
0.232539
0.77293
-0.00279226
-0.809394
0.600673
0.500184
0.908422
-0.0306433
1.48217
0.751789
2.24695
1.16567
0.370643
0.33922
-0.127012
0.447605
0.345939
0.504011
0.677152
0.321008
0.0930382
0.210343
1.36244
1.03511
0.912251
0.782741
1.14675
0.0663051
0.781747
0.659956
0.392081
1.56869
1.7208
1.61878
0.360392
0.602123
0.727935
1.35734
0.381368
0.428322
1.58604
0.975954
1.0666
0.333619
0.583393
0.777417
0.0995231
0.945378
0.946525
1.21974
1.35124
2.10627
1.77282
1.91874
1.29425
1.40902
1.00084
0.618786
0.748871
1.4537
2.03033
1.53948
1.13038
0.689505
0.822673
0.217411
0.923555
1.76093
1.22932
0.479558
1.81676
1.43633
-0.387133
0.658912
1.3804
0.304233
1.55794
0.331129
1.23301
0.970786
1.25605
0.97944
1.15057
1.81396
0.695303
1.58469
1.60371
0.941823
0.967739
1.21091
0.818252
0.915119
0.834825
-0.0922705
0.323514
-0.168316
-0.0459929
0.78185
1.40621
0.398238
0.399052
0.153574
0.0666398
0.361063
0.986702
0.0458756
0.612606
1.09418
0.803587
0.420817
1.26915
0.465169
0.317028
1.37911
2.01652
1.75037
1.97011
1.77208
1.21884
1.1668
0.56769
0.655563
1.26632
0.244819
0.764647
0.0105641
0.802249
0.324566
1.12393
0.489239
-0.214304
1.06261
-0.0628392
0.577038
0.546352
-0.701821
-0.363819
0.158213
-0.403358
0.214272
-0.449357
0.253685
0.4932
1.17583
1.84521
0.325194
0.296615
-0.410129
-0.90312
-0.647992
0.318353
0.600651
0.554359
0.620884
0.610798
1.29066
1.12294
1.41293
1.08191
0.957271
1.48047
1.17879
0.934081
1.1701
1.27242
0.919089
1.16021
0.832484
0.964649
0.181197
0.385405
0.631844
0.538937
-0.457826
1.1883
0.289137
1.26022
1.3869
0.400139
0.350058
-0.0425503
0.851041
0.153154
0.384613
0.342221
0.884578
1.31235
1.00686
1.46983
1.44849
1.07017
0.602908
0.937534
0.702227
1.19383
0.657442
-0.0379102
1.38066
1.78011
1.24857
0.587021
0.520924
0.404931
1.02932
0.989869
-0.0189732
0.495979
0.423617
0.673376
0.639832
0.649748
1.12957
1.39135
1.80746
1.36717
1.54923
0.973049
1.1298
1.04804
1.265
0.122922
1.05715
1.53869
1.47402
0.317783
1.51746
1.59301
1.44119
0.338302
1.5801
1.8944
0.87619
2.04329
2.40325
1.54853
1.74846
1.9609
1.86713
1.72261
1.56878
1.3205
0.958937
0.721661
0.626819
1.51098
1.70244
1.48909
0.627449
0.435323
0.250931
1.01417
1.25961
0.281327
1.18841
1.35036
1.502
0.555615
0.904986
1.47142
1.38622
1.09016
1.66481
1.43253
1.09315
0.221557
1.4188
1.78506
0.966598
1.28609
1.23659
0.831268
1.58669
1.54064
0.716062
1.51083
0.960475
0.463168
0.632816
0.733318
0.736197
1.07027
0.682949
1.46426
1.1255
1.03507
2.1209
1.79654
0.976255
2.0011
1.80779
1.6133
0.99219
0.574848
0.866348
1.19351
0.494605
0.032296
0.104458
1.2457
1.9224
1.33796
1.57483
0.858082
1.33293
1.09574
0.360447
0.811909
0.239386
0.194227
-0.939194
0.252858
0.414855
0.74984
1.46475
0.77557
0.905769
0.997401
0.784256
2.01493
1.6028
1.4286
1.7192
1.29953
1.31954
1.97578
1.97428
0.986474
1.40042
1.85174
1.90647
0.650749
1.42588
1.70137
1.60712
2.17507
2.07801
1.20404
1.59651
1.26848
2.01585
1.26324
1.75716
0.829591
1.40034
0.893306
0.437862
0.515244
0.22346
0.742833
1.10522
1.58809
1.31272
1.1382
0.411089
1.49857
2.13441
1.67368
2.28311
1.36525
2.13077
0.640953
1.34698
-0.12249
0.133502
0.274493
0.940622
0.487703
0.757176
1.35682
1.58751
1.64832
0.316741
1.27222
1.21995
1.19463
0.972489
0.951563
0.921253
0.0579332
1.25002
0.74099
0.563365
0.58993
0.902144
0.618061
0.00781926
0.703743
-0.48629
-0.849771
-0.558864
-0.0258026
-0.261724
0.441792
-0.225007
-0.240458
-0.479799
0.459868
-0.0914345
0.496866
0.848198
0.768739
0.0131715
1.09835
0.845732
0.341521
-0.152261
0.733287
0.529657
0.283559
-0.347405
-0.153618
0.0360546
-0.55588
0.497441
0.721904
0.768056
0.575018
0.403039
0.622903
0.115911
0.582964
0.642599
0.291616
0.385452
-0.612516
-0.943241
0.942259
-0.0305806
-0.445525
-0.27686
0.970146
1.46787
0.899811
1.44542
1.03562
0.711229
1.54299
0.587719
0.864545
1.21998
0.571192
0.462119
0.36523
0.547831
0.0561264
-0.447305
-0.935335
0.00061572
-0.0830438
0.495077
0.20359
-0.3891
-0.0994781
-0.175102
-0.288954
-0.301919
0.0854803
0.856121
-0.615501
0.069944
0.469747
0.369147
0.24964
-0.260655
-1.1932
-1.03033
-1.30129
0.113024
0.00483776
-0.125947
-0.268216
-0.0469172
0.429943
0.198487
0.576461
1.04563
-0.050088
0.426555
-0.43832
-0.240966
0.809818
-0.503562
-0.321081
-0.659507
-0.627689
0.391294
-0.48408
-0.498233
0.209671
-0.106394
0.362945
-0.254628
-0.500706
-0.241363
-0.0621071
1.00503
-0.266588
-0.478678
0.153175
0.275621
0.366511
0.643221
0.899646
-0.274965
0.276822
1.17406
0.80931
0.357513
0.0333381
-0.338286
-0.0783282
0.920986
0.685435
0.495968
-0.619296
-0.304266
-0.704035
0.537891
0.902837
-0.23459
-0.241785
0.594594
0.239777
0.941558
-0.266649
0.814979
0.863951
0.786994
1.12615
0.795841
0.353906
1.1516
0.519703
0.31694
0.153911
0.792058
-0.331266
0.653035
0.142402
-0.230268
-0.117449
-0.33283
-0.290945
0.0871796
0.901273
0.239966
0.401787
0.341163
0.539584
0.386715
0.284076
-0.28491
0.263561
0.149216
0.341679
0.998073
1.78025
1.39876
1.58731
1.34463
0.16439
-0.498563
0.428415
-0.0145753
0.168547
0.11223
-0.239414
0.296864
-0.720473
1.01806
0.0183372
0.322743
-0.551159
-1.08499
-0.904982
-1.45433
-0.94426
-0.740432
-0.0661177
0.292753
0.991617
0.745454
0.124326
0.835946
0.362368
-0.854986
-0.0412924
-0.23559
0.087694
-1.15411
-0.484736
0.206755
0.0294793
-0.107044
-0.645754
-1.53776
-0.964796
-1.04414
-0.983489
0.259494
0.351396
0.569407
0.811663
-0.394543
0.559282
-0.51387
-0.197029
-0.320546
-0.666502
0.254169
-0.377593
-0.682481
-0.393087
0.294782
-1.01935
-0.877095
-0.0809837
-0.171175
0.430492
0.0299132
0.323949
-0.0993681
-0.36212
-0.97135
-0.439727
-1.34066
-0.934657
-0.291934
0.219584
0.900648
-0.565219
0.219541
-0.626376
-0.918568
-0.0669578
0.166984
0.788182
0.736503
0.196819
0.822739
0.0304833
-0.914848
0.686415
0.767157
0.557574
0.783891
0.783168
0.486084
0.629733
0.105912
-0.0152574
-0.0242819
0.0511366
1.30036
1.83107
1.65215
0.867951
0.395917
-0.0636863
0.426127
-0.409781
-1.35882
-0.850532
-0.965056
0.273592
-1.01568
-0.0284293
0.165786
0.407911
0.499574
-0.0269164
-0.578123
0.459205
0.742511
1.52112
0.427608
0.565857
0.195152
0.563443
0.363069
-0.136383
-0.483538
-1.61534
-0.0879913
-0.703465
-0.635089
-0.59464
0.126956
-0.355651
0.322394
0.447871
-0.636735
0.175387
-0.149481
-1.07896
0.0406901
-0.137205
-0.45749
0.439964
0.348978
0.506079
1.15918
-0.632793
-0.609828
0.9462
-0.242148
-0.200768
-0.189553
-0.652091
-0.149173
-0.77662
-0.515901
-0.905625
-0.282338
0.288862
0.202072
-0.088241
0.43591
-0.250905
-0.0192209
0.418366
0.580761
0.391627
0.947562
0.850041
0.637956
0.0854479
0.136304
1.03337
0.187947
0.447991
0.266709
0.701748
0.829862
0.310271
0.15656
0.661526
0.46414
0.884796
1.05875
0.311797
0.848151
0.14523
0.711833
-0.287562
-1.14149
-0.210774
-0.327498
-0.460465
-0.483229
0.510173
1.20937
0.823962
0.762653
0.708075
1.01959
0.673717
1.25784
0.480064
-0.191645
-0.541722
0.0657698
0.759446
-0.0282579
1.17356
0.446151
1.24997
1.20228
1.06822
0.554563
1.35523
1.66956
1.2824
1.56461
1.55248
0.10613
0.73129
0.291282
1.14157
0.398815
1.10676
0.788963
0.407255
0.643339
0.62172
-0.0601552
0.895717
0.440125
0.540312
1.27418
1.74307
1.32537
1.24117
1.75144
0.826204
1.31458
0.785918
1.71556
1.87192
0.983957
1.23391
1.33466
0.348456
0.128696
0.125593
0.917616
0.377625
0.216068
0.402965
-0.0715254
0.794932
0.798035
0.964736
0.498104
0.177207
0.75957
0.344301
0.454679
0.471854
0.900524
0.514767
0.0515803
0.396064
0.689905
0.30352
0.378849
0.511238
0.0832505
0.684226
0.447549
0.531299
0.267213
0.391016
0.0832794
0.257854
0.889151
0.515417
0.467047
0.764458
0.850801
1.37116
1.10743
0.245518
-0.89608
0.601909
-0.88826
0.0354343
0.961429
0.10047
0.754785
0.177272
0.707166
0.625148
0.533084
0.143271
0.581392
-0.38535
-0.278231
-0.0779411
0.235527
-0.325318
-0.358519
1.07344
0.0673926
0.746297
0.914351
1.17954
1.15389
0.704958
0.711286
0.635048
-0.108804
-0.221774
0.52623
1.06456
0.832076
0.951724
-0.0638114
0.358585
-0.280577
-0.458301
0.613935
0.0666328
-0.632945
0.271238
0.749875
0.105894
-0.655348
0.702775
-0.15613
-0.0128727
-0.124463
0.897503
0.76791
0.506017
0.62324
-0.350349
-0.232607
0.385304
0.311716
0.943768
0.998708
-0.264038
0.994293
0.771419
0.887051
0.346693
0.342128
-0.0204526
-0.578395
0.453992
0.595555
0.379253
1.74023
2.67018
1.09156
1.2175
0.981177
0.977806
0.831552
1.20391
1.23464
0.705914
1.20448
1.36484
1.30796
0.519845
0.52356
0.293252
-0.647159
-0.406165
0.400232
0.482103
-0.173902
0.365143
0.488605
0.0607457
-0.662795
-1.10073
-0.190108
-1.33859
-1.50097
-0.695787
-0.227076
-1.16082
0.586396
0.189829
0.489151
1.09454
1.1687
0.997705
1.0313
0.834778
0.81143
-0.148224
1.4669
0.527163
0.987033
0.0376791
0.719197
-0.00882692
0.554245
0.56421
-0.37855
-0.437872
-0.116294
0.530709
1.00492
-0.440678
0.551685
0.647155
0.683974
1.08032
0.278995
0.495854
0.911548
1.20487
0.89322
0.220688
-0.188822
-0.0035112
0.0630901
0.46006
0.651607
1.24846
1.42186
1.37556
0.787208
1.09049
0.823663
0.538962
0.864401
1.2853
0.603372
0.38671
0.672588
1.17715
0.904713
0.29209
-0.412253
-0.323525
-0.506818
-0.421534
-0.358511
-0.194596
1.20896
0.969227
1.66953
1.44311
0.560032
0.528266
1.54589
1.46056
0.998361
0.280413
1.42716
0.851158
1.26996
0.667872
0.729198
1.33509
2.07275
0.812709
1.10604
0.38741
0.208096
0.101958
0.16949
0.187611
0.677941
0.301644
-0.839806
0.209611
0.105698
0.0406358
-0.351013
0.23568
-0.238818
-1.00913
-0.554091
-1.0175
0.448314
0.332211
-0.0670308
-0.100546
-0.247101
0.260108
0.652541
0.352228
1.60332
0.939802
-0.244253
0.0358208
-0.553343
0.44762
1.09148
-0.266739
0.419422
-0.216186
0.698308
0.610742
0.855568
1.50687
0.874695
0.685994
0.764681
-0.0691019
0.0025467
1.53606
1.20683
1.0399
0.336663
0.218078
0.276804
-0.168896
-0.898577
-0.782213
0.299338
-1.28867
-1.04713
-0.161962
-0.818929
0.3507
-0.0178417
-0.315065
-0.174715
-0.307717
-0.381751
0.401738
0.0400922
0.11984
0.235607
0.257242
0.126637
0.332497
0.264205
0.550234
0.0762472
-0.214529
0.938166
1.37489
-0.14782
-1.08688
-0.380046
0.31171
0.414442
0.685738
0.0236668
0.269013
0.497202
0.506336
0.221097
0.431501
0.456632
1.23692
0.285607
-0.154939
0.264388
0.596022
0.48618
0.406213
0.447355
-0.359283
0.287312
0.282937
0.303461
-0.821264
0.495749
0.838463
-0.19902
1.01533
1.45799
0.702309
0.305362
0.996448
-0.0726466
0.688396
0.602108
0.845559
1.16217
1.09763
1.15666
1.05168
0.252951
-0.242521
0.523823
0.68524
0.0748886
0.668039
0.517512
0.248986
0.0480665
0.375531
-0.621381
0.225644
-0.106805
-0.322891
-0.788132
-0.233042
0.0440601
0.438976
-0.450829
-0.0879317
-0.574649
-0.241516
-0.215029
0.0993305
-0.450989
0.374533
0.597736
0.0370164
-0.273676
-0.0323023
-0.408201
-0.863815
-0.299384
-1.39929
-0.58927
0.144239
0.746968
0.790433
0.121326
0.169819
-0.0396658
-0.012969
-0.662475
0.644451
0.415782
0.393853
0.587452
0.453677
0.314225
0.485198
0.227806
0.592802
1.01397
-0.444262
0.822431
0.785492
-0.363217
-0.495142
0.433036
-0.151626
-0.130352
0.418458
-0.519052
-0.0858416
0.514432
0.0669394
0.0834724
-0.18369
0.25136
0.133986
1.44706
0.796448
-0.143359
0.0653929
-0.467642
-0.549702
-1.56303
-0.707748
-0.308647
-0.348534
-0.50734
-0.395369
-0.548905
-0.574399
-0.0960232
0.356116
0.31043
-0.717417
0.159378
-0.169875
0.0860057
-0.850758
-1.10909
-1.05836
-1.03441
-0.231673
-1.26525
-0.771888
-1.33687
-2.5116
-1.99919
-2.2163
-1.12032
-0.902693
-1.36415
-0.83482
0.23747
-0.224804
-0.593837
-0.812612
-0.738768
-0.632976
-0.33305
0.582843
-0.0254283
-0.845669
-0.316029
0.0699875
0.855154
-0.38328
0.207541
0.00591089
0.359025
-0.0621777
0.235268
0.749556
0.514691
-0.521487
0.134572
0.00490801
-0.142678
0.491215
0.0475147
0.480937
0.259569
0.0485491
0.162187
0.209918
1.80538
0.898186
1.43839
1.56665
1.70008
0.99999
1.2675
0.16504
-0.280502
1.21147
0.237941
-0.27957
0.191614
0.509068
0.893637
-0.198932
-0.0122063
0.611566
0.914226
-0.142555
0.362016
1.07876
0.378182
0.502654
-0.0430824
0.166508
-0.00272091
0.691649
-0.263148
0.0319236
-0.221096
-0.559682
-0.348482
0.595079
0.717774
0.730385
1.13589
-0.186968
-0.259578
0.986748
0.231326
-0.150679
-0.561633
0.444413
0.435445
-0.0679691
0.689239
0.00437947
1.37847
0.87625
0.663242
0.64692
0.504678
1.3146
0.672426
0.490432
-0.298323
-0.361044
0.52877
0.420968
-0.571296
-0.72663
-0.690647
-0.0434053
0.737459
0.0625704
-0.0990709
0.5985
0.736513
0.76195
0.7968
1.23149
1.55493
0.925586
1.30336
0.94263
0.597543
0.669964
0.861075
1.00407
0.30521
1.29297
0.407359
0.255418
0.46706
0.495383
0.522879
-0.153824
-0.379944
0.481858
-0.473848
0.218771
0.821762
0.262858
0.922002
0.870593
0.0309679
0.0257572
0.387094
0.177841
0.855882
-0.156305
-0.214225
-0.180295
0.103278
0.139571
0.268355
-0.820338
-0.0214959
0.00590502
-0.351576
-0.0429394
-0.516399
-0.0308283
-1.18395
0.0823458
0.285603
0.486251
-0.284128
-0.260964
-0.149878
0.236016
-0.606004
-0.975144
0.585296
0.0027154
-0.962071
-0.288022
0.925478
0.244962
0.841326
1.04927
0.783007
0.103222
-1.17081
0.45418
0.0830039
-0.217491
0.324246
0.262775
0.194738
-0.882128
-0.297576
-0.120554
0.608644
-0.0219096
0.844793
-0.272418
0.723784
0.810942
-0.571373
-0.555776
-0.440139
0.166034
0.0572233
-0.593023
0.681256
-0.910079
0.601134
-0.820806
0.742106
-0.610618
0.335357
-0.102117
-0.547352
-0.609934
-0.708035
0.00240929
-1.72853
-1.03758
-0.528281
0.0381838
0.212769
-0.767735
-0.217607
-0.131338
0.382626
0.875966
0.249856
0.385071
-0.39719
-0.220649
-0.0662352
-0.00771993
-0.224933
-0.448246
0.308757
0.0970666
-0.292968
-0.357824
0.459008
-0.311239
0.574442
0.434228
0.206731
0.337007
0.0613062
-0.0144611
0.590702
0.869184
0.542731
0.7686
0.944205
0.753567
0.502139
-0.0370434
-0.0958521
0.513962
-0.39852
0.424993
-0.0964913
0.622832
0.940051
0.270774
0.430279
-1.0858
0.0796101
-0.376403
-0.0954527
0.172629
0.133092
0.56039
1.03632
0.438185
0.151721
0.883794
-0.535004
-0.97997
-1.07383
-0.345503
-0.421094
-0.129528
-0.313672
0.471312
0.927877
0.235093
0.198123
-0.0468355
-0.347797
-0.0979637
0.179219
0.721102
0.330547
-0.20707
0.440336
0.0140319
0.0111067
-0.107502
0.144958
-0.151816
0.277774
0.200519
0.668256
1.80142
0.462692
0.281373
-0.0542424
-0.424356
0.179298
0.161693
0.486065
0.100977
-0.140029
0.0712132
-0.196789
-0.663234
0.206444
0.207837
-0.0313568
-0.496398
1.05865
0.57872
0.967018
1.37012
1.54059
0.762295
0.466698
0.942385
0.0947185
-0.0735968
0.0301841
0.968363
1.2595
0.982142
-0.693374
0.487703
0.57402
0.188477
0.473509
0.511954
0.92455
0.174953
1.29306
0.486852
0.425161
0.526457
-0.35939
-0.43583
0.388741
-0.400593
0.586395
0.0946622
0.320086
-0.0426912
0.11433
0.517207
0.197985
-0.106946
-0.169634
0.242053
-0.244058
0.369225
0.134453
0.694875
0.647479
0.0977481
-0.44003
0.261387
0.53475
0.203647
0.326336
-0.496198
-0.659993
-0.0506117
-0.915293
-1.39551
-0.944314
-1.23752
-1.28166
-0.274589
-0.109107
0.588246
0.00648954
-0.845647
0.310428
1.00299
-0.855895
-0.833508
-0.620861
-1.58959
-1.12301
-0.221839
0.56726
-0.445849
0.521184
0.0681143
1.52553
-0.201006
-0.13945
-0.147794
-0.108493
-0.751346
-0.36654
0.612799
0.202387
-0.143821
0.714107
1.52731
0.638595
1.71995
0.939706
0.658585
1.37454
1.46717
0.618388
1.21114
0.9039
0.708929
0.368117
-0.204224
0.0920733
0.166004
0.20736
-0.260929
-0.108721
-0.0465246
-0.479927
0.211465
0.303155
-0.559093
-1.61171
-1.20233
-0.684777
-1.17839
-0.966837
-1.75009
-1.5468
-0.506474
-1.65949
-0.698487
-1.26754
-0.64178
-0.603971
0.0844045
-1.1922
-0.322341
-0.245434
0.193516
0.68261
0.652169
0.268407
0.258621
0.286432
-0.395203
0.856323
-0.122087
-0.111895
0.58436
-1.64604
-0.55636
0.0313115
0.657645
0.21834
1.16188
-0.207989
-0.396725
-0.433907
-0.0781304
0.311463
-0.0614323
0.407135
-0.968146
-0.350396
1.11439
-0.0687844
-0.437031
0.128468
-0.650512
-0.910425
-0.806307
-1.58999
-1.45989
-1.50129
-1.50657
-1.51625
-0.398556
-1.73361
-1.16267
-0.414664
-1.0019
-1.8725
-1.50424
-1.26629
-1.27587
-1.43541
-0.237567
-0.676178
-0.663518
-0.931583
-1.01726
-0.554216
-0.869548
0.413331
0.290275
0.285603
-0.38776
-0.592838
-0.590017
-0.587059
-1.10608
-1.73232
-1.39804
-1.24743
-0.488786
-0.105018
-0.869239
0.765388
0.027288
-0.577073
-0.635444
-0.418503
0.211189
0.0233128
-0.83481
0.213054
-0.389101
-0.383
0.261865
-0.373889
-0.857075
0.489902
0.226819
-0.940514
-0.783282
0.153338
0.321459
0.784464
0.43715
0.377578
0.238057
0.569102
0.185352
-0.178776
-0.278236
-0.0330616
-0.0796862
-0.356848
-0.174076
-0.197007
-0.650919
0.0782618
-0.583936
-0.509673
0.231076
0.651582
1.13221
-0.219464
-0.248795
-0.620994
-0.111667
-0.461084
-0.295286
0.61748
-0.0654811
0.0152985
-1.11914
-1.10496
-0.317038
-0.109117
0.925552
0.183879
0.654636
0.39072
-0.108637
0.494865
0.781757
0.216374
0.820588
0.236089
0.747313
0.12354
0.0805533
0.1523
0.64438
0.173788
0.207114
-0.513748
-0.512694
0.423866
-0.113271
-0.54234
0.171196
-0.161291
0.27701
-0.293905
0.663802
0.393815
0.402974
0.474982
0.158225
0.100985
0.367838
-1.21786
-0.206994
0.308657
0.28762
-0.597354
-0.993972
-0.465129
-0.314293
-0.412025
0.0458609
0.462291
0.682054
0.501514
1.48992
0.406814
0.135065
0.509259
0.70122
0.790397
-0.464198
1.05195
1.20447
0.789421
0.80099
0.677326
1.03838
0.125282
1.23793
1.16686
0.994438
0.81968
0.569159
0.367655
0.547371
1.04512
1.06715
1.82356
-0.523478
0.94078
1.3663
0.690237
0.743037
0.175033
0.277129
-0.0585046
1.31696
0.749602
1.17869
0.542563
0.727012
1.21768
0.130607
-0.177831
0.198851
1.50243
1.18472
0.755289
0.61268
1.23454
-0.125225
-0.28855
1.0028
0.754403
0.531468
0.734901
1.53241
0.514022
0.185375
0.611541
0.295097
-0.448487
0.573191
0.208364
-0.164971
0.571645
-0.611384
0.264054
0.203391
0.247775
0.787658
0.313875
1.1674
0.398635
0.61116
0.478478
0.963561
0.466649
0.474938
0.868601
0.83602
-0.141871
-0.202818
0.684112
0.151118
0.457586
0.589218
0.828799
0.540247
0.505986
0.40126
0.710328
0.487714
1.23107
0.0546082
0.267877
0.308663
-0.0948523
0.240535
0.37062
0.209781
-0.153375
0.780184
1.00896
1.13121
0.858581
1.22802
1.46323
0.818346
-0.125771
0.0840619
0.958085
-0.624498
0.980187
0.0232661
0.657444
0.725797
0.120348
-0.20197
0.259201
0.0865244
-0.630589
-0.440056
-0.358769
-0.0289176
-0.595175
-0.474915
0.0843047
0.592009
0.259027
1.47688
1.0033
0.0319919
0.332532
0.375784
0.319858
0.70149
0.0163015
0.199392
-0.0828151
0.666731
-0.309807
-0.106866
0.0603066
-0.578075
-0.0383947
-0.406247
-0.329042
-0.107597
-0.273604
0.595322
-0.397231
0.236236
0.320194
0.221455
0.266325
-0.0221502
-0.206978
-0.873822
0.368244
0.303999
0.319435
-0.302065
0.604227
0.454285
-0.6897
-0.518404
0.209265
-1.11911
-0.587103
-0.268638
-1.07511
-0.381006
0.0694244
0.0916269
-0.700937
-1.04099
-1.22645
-0.403713
-0.780543
0.711773
-1.1097
-0.553042
-0.484362
-0.771238
-0.0287235
-0.0412968
0.362913
-0.43325
-0.132185
0.08743
0.735907
-0.589877
-0.174841
0.262304
-0.0656899
0.103459
0.313879
0.520283
0.232138
0.030612
0.0110642
0.271975
1.09998
0.713988
-0.0456338
0.596519
-0.224163
-0.19501
-0.290651
-0.401073
-0.229172
-1.78699
-0.426803
0.107896
0.258476
0.390608
0.573997
0.462031
0.539153
-0.822081
-0.368845
-0.955078
0.0613208
-0.667587
-0.281264
-0.911462
-0.670458
-0.271883
-0.554511
-0.406922
0.163849
0.652344
0.230243
-0.283398
-0.339584
0.276585
-1.04747
-0.2944
0.154587
0.174184
-0.0407938
-0.71082
-0.513781
-0.168009
0.753541
0.190804
-0.356254
-0.58342
-0.665007
-0.0211849
-0.272176
-0.494786
0.266555
0.29072
-0.314206
0.880757
0.529022
0.918845
0.226537
0.716602
0.507463
0.301783
1.04805
0.521998
0.271582
0.922619
0.515102
0.902078
0.633578
0.937685
0.596208
0.11398
-0.431512
0.437709
0.285185
0.0873351
0.232509
-0.393769
0.165894
0.442815
0.0320279
0.421594
0.1385
0.828027
0.49599
0.965083
0.52402
0.286518
-0.0551819
0.684978
0.91167
1.3993
0.76078
0.29836
0.0134803
0.101438
0.635317
0.253485
0.331191
0.822541
0.842054
0.366841
0.269628
-0.0476733
0.301643
0.425286
-0.0672218
0.0135223
-0.364932
0.190061
-0.0280257
0.556137
0.233642
0.708785
1.62617
0.64093
0.53325
-0.104364
1.04312
1.2003
0.8769
0.179683
-0.0729901
-0.0245719
0.215335
0.696472
0.197179
0.603396
1.26958
0.762793
1.23989
0.791735
1.7961
1.76624
1.30104
1.1198
0.557478
0.899462
0.913297
1.00572
0.99479
1.23043
1.04144
0.746103
0.877947
1.18844
0.261391
1.1719
0.644636
0.428395
-0.119513
1.43759
0.850237
1.01392
1.7761
0.384034
1.19717
0.755765
1.17852
0.536651
0.787718
1.23413
1.38814
1.16568
0.187215
1.81832
1.07901
1.24456
1.3968
0.558063
0.769718
2.05436
0.846359
0.0859607
0.473069
0.0820177
0.754365
0.718793
1.01503
1.02921
0.73036
0.447061
1.15574
0.290333
0.710741
-0.0845922
-0.0112133
0.978068
1.37479
1.16101
1.4541
-0.299941
0.542827
0.297357
-0.190823
0.464655
1.82463
1.3128
0.545494
0.991926
0.648259
0.82715
0.48428
0.527746
0.0931349
0.151493
-0.0319811
-0.0668017
-0.215001
0.806199
0.658864
1.53641
1.37936
1.40396
1.39566
1.65566
1.18887
0.726845
1.35468
0.848881
0.440978
2.12475
1.21282
0.229716
0.770394
0.307436
-0.350534
0.731956
0.662224
0.996029
-1.00768
-0.323261
0.230688
0.462215
1.06806
0.521303
1.55547
0.900889
-0.095386
0.695919
0.598176
0.0869314
0.18954
0.843605
0.759211
0.539186
0.0657984
0.0337954
-0.422392
0.0915415
1.09121
0.406698
0.429913
0.0581679
0.598783
0.676622
0.960146
1.01059
0.707171
1.43776
0.321378
0.00424853
-0.178491
0.18223
-0.146737
0.073226
0.260891
-0.259148
-0.201311
0.673772
-0.117068
-0.782876
-0.286376
0.951422
0.712941
0.98229
1.13174
0.874459
0.811569
0.592836
1.15033
1.06341
0.622851
1.07314
1.28164
0.538925
0.510513
0.479321
-0.165571
-0.0402202
-0.227431
0.45515
0.0498981
0.285175
0.572381
0.464717
0.391147
-0.446639
-0.479639
0.373752
0.677372
0.636923
-0.508579
-0.245057
-0.307654
-0.68841
-0.104135
-0.707908
-1.56823
-0.245459
-0.52699
-0.676475
-0.880884
-0.787316
-0.842601
-0.840617
-1.21039
-0.516397
-0.206772
-0.61951
-0.938838
-0.996406
-0.728256
-0.374909
-0.156762
-1.46049
-0.269693
0.25079
0.385918
0.589358
-0.35661
0.586666
-0.090822
0.501109
0.0739731
-0.193112
-0.733689
0.242742
-0.52506
-0.324143
0.652576
-0.131721
0.0333817
-0.546728
-0.545519
0.0209095
0.422654
-0.617435
-0.743649
-0.709143
-0.451123
-0.945053
-0.548392
-0.232817
0.070099
0.804617
1.33169
-0.136702
0.768923
0.430282
0.490986
-0.504814
-0.322595
0.807476
-0.341553
-0.473383
0.43289
0.681146
0.343321
-0.0490052
0.209238
0.387011
-0.130772
0.749495
0.225641
-0.166685
-0.250847
-0.010238
-0.114835
0.621086
0.376926
0.772619
0.155964
-0.37608
0.550107
0.00997556
0.268332
-0.0826276
0.661247
-0.684037
-0.616861
-0.0021973
0.630385
0.542182
0.389199
-0.245286
-0.188872
0.0452387
-1.1847
-0.0166293
0.140974
-0.762654
-0.346161
-1.54677
-0.765004
-0.0636579
-0.631075
0.615226
-0.223371
0.124017
0.516538
0.782697
0.799186
1.27738
0.368134
0.752751
0.219286
0.898946
0.54165
-0.129539
1.36691
1.00052
1.02187
1.35829
0.119948
0.460298
1.03176
-0.178667
-0.169651
0.328366
0.406407
0.791663
0.169599
0.195059
0.808123
1.23043
0.741721
0.616263
-0.181842
-0.0592688
1.0152
0.635889
1.40619
0.682339
0.946357
0.993961
0.974587
1.42735
-0.327476
-0.207024
0.169363
0.978013
1.02808
0.858274
0.0708616
0.461816
1.56886
0.892996
0.80982
0.707555
1.01109
1.3223
1.67518
1.22159
1.86719
1.73318
1.33062
1.03245
0.963149
0.422059
1.0211
0.954376
1.35515
0.776105
1.17827
1.72952
1.37274
0.562769
0.995227
0.256656
1.09859
0.90004
0.806948
0.353571
0.00859518
1.27325
0.9336
0.20716
0.357707
0.407949
-0.0131338
0.876386
0.344133
-0.914112
-0.446639
1.20411
0.211691
-0.215062
-1.59509
0.229954
-0.250731
0.473324
-0.307563
-0.0285889
0.00922513
-0.548511
-0.925625
-0.391529
-0.566988
-0.472449
-0.0748354
0.0265976
0.76062
-0.121126
0.0990787
-0.420314
0.500866
1.22432
0.727138
0.362203
1.71905
0.65682
0.542493
1.78308
0.99887
0.177543
1.13126
1.06494
0.628002
0.662701
0.197208
0.0976137
1.07275
1.18791
0.781645
1.07638
0.494115
1.21262
0.868021
0.458467
0.746048
-0.466532
0.33739
0.624011
0.614241
0.297701
1.02718
1.10826
1.29008
0.695803
1.42476
1.14847
0.472457
0.0647473
0.800189
0.391154
0.853751
0.104356
1.02062
0.765445
-0.0589158
-0.0652161
1.06209
0.532067
0.372688
1.13609
1.57056
1.10797
2.53243
1.91893
1.79339
1.35707
1.90817
0.910652
1.17732
1.01709
0.642763
1.66509
1.06715
0.574306
0.583949
0.661493
0.447194
0.713317
1.64165
0.322112
-0.10482
1.02983
0.984121
1.64871
1.58925
1.41379
0.982447
1.07741
1.0425
0.97787
0.370752
-0.120536
0.18165
-0.0478623
0.0281637
-1.02697
0.586581
0.750611
-0.137739
0.553002
0.0721388
1.08383
0.809099
0.339484
0.295569
0.571002
1.28307
0.769776
0.12963
1.27216
0.851278
0.4202
0.793655
1.11923
1.38926
1.98564
2.148
1.17876
1.35771
1.66763
0.664924
0.90288
1.2564
1.50977
1.66172
2.01074
1.03671
1.33003
0.571104
0.0495672
0.733656
0.613733
1.13788
0.95668
0.258647
0.301329
1.452
0.890349
0.712017
-0.0312186
-0.311989
-0.238759
1.37434
0.109251
0.335977
1.10267
0.658923
-0.0153246
0.531391
0.512792
0.508758
0.623624
0.162011
0.123572
1.0403
0.236503
0.869615
1.16207
0.27545
1.1547
0.270655
1.24212
1.80945
1.48252
0.0904588
0.81704
1.93337
0.711971
0.0427234
0.1656
0.745301
0.707946
1.04329
0.727516
1.79556
0.225677
0.467023
0.142266
-0.33323
0.597018
-0.0448437
-0.511082
-0.215274
0.463927
-0.0119384
0.176948
0.250023
0.320421
-0.212812
1.00746
1.4188
1.49556
1.13898
1.13036
0.689482
0.714502
0.31173
0.308725
1.55792
0.920825
1.27179
0.503184
0.623428
1.31844
1.61912
0.868166
0.463604
0.841572
0.214802
0.708787
1.09537
2.22355
2.41608
2.49501
1.13219
1.80341
1.5843
1.1729
1.51919
0.376185
1.21987
-0.418798
-0.117649
0.834999
-0.0050256
0.311067
1.40408
1.87994
1.07277
2.08307
1.34468
0.543571
1.13978
0.839209
0.435976
1.92522
1.05913
1.06535
0.466301
1.55019
0.941567
1.43973
0.678425
1.49745
1.69826
1.55082
0.953159
1.07295
0.976573
1.45557
0.985586
1.0485
1.43524
0.0748322
0.554538
0.0639141
0.34774
0.928426
0.925096
0.307972
1.13946
1.56828
1.29534
1.32848
0.405104
1.06
-0.15327
0.845681
0.887634
1.74724
1.22831
0.99306
0.747321
-0.381728
-0.538711
-0.517285
-0.777172
0.36121
-0.578365
1.21745
0.274003
0.401672
0.423273
0.604172
2.23882
1.156
0.902967
1.42436
0.263133
0.145473
0.264717
0.843362
0.496581
0.887028
1.81896
0.614426
1.36245
1.3477
1.6956
1.90342
2.5168
2.31463
0.771054
1.33299
1.30133
0.611638
0.219705
1.0368
1.30008
0.146044
-0.0943602
0.901442
0.0710155
1.20437
0.673501
0.320137
1.56417
1.93878
1.22538
1.0655
0.700509
1.29027
1.64102
2.13688
1.60804
1.71901
1.99623
1.60682
2.11885
1.92589
1.94851
1.66934
2.02122
1.60248
1.07741
0.978735
1.09618
0.738455
1.56857
1.50431
1.23152
1.54862
1.98766
0.770685
1.86903
0.891516
1.46657
1.70778
1.40903
1.15966
0.460552
0.519193
1.28741
1.50594
1.17073
1.40141
1.3688
0.628527
0.876082
1.21773
1.06689
0.965653
1.47359
1.67659
1.71142
1.42146
0.972966
2.13314
1.11039
0.597905
0.929894
0.881565
1.90377
1.72253
2.14085
1.72241
2.07356
0.961652
1.47643
1.0993
0.565185
1.12284
1.63335
0.869798
1.93296
0.470484
0.721115
-0.0149634
0.807446
1.28681
0.910717
0.595182
0.819904
1.09843
1.00041
1.26079
1.49551
1.17187
1.20158
0.652678
0.767978
0.564845
1.23034
0.640438
1.08292
1.21488
1.09894
1.94655
1.84212
1.21535
1.57501
1.40808
0.89082
1.65228
2.02
1.33322
1.21137
0.74136
1.95244
2.30598
2.34524
1.62878
1.36091
1.83115
1.24961
2.27697
3.01405
2.34539
1.93091
1.70667
1.57224
1.09376
1.06423
2.13973
1.86879
1.86964
1.18169
1.3265
1.49647
0.825644
1.55211
0.933148
1.25823
0.973554
1.723
0.603238
1.98827
1.39434
2.42045
0.838231
1.20862
2.62681
1.96388
1.15183
1.33686
2.5862
2.15691
1.35658
0.980555
0.347308
0.79736
2.01415
0.606809
1.21597
1.20625
0.505654
0.0124075
0.67435
0.375476
0.828427
0.394831
1.05569
-0.492205
0.887236
0.325213
1.02189
-0.704954
0.0650896
-0.411997
0.363771
0.57535
0.801648
0.320267
1.17651
0.244348
-0.337815
1.22942
0.8524
1.24923
1.43262
0.667341
0.880716
0.354625
0.528929
-0.0227251
0.623843
0.806268
0.861045
1.3899
1.20158
0.503655
1.2804
1.18454
1.64767
0.91571
0.841903
0.694908
0.911712
1.2767
1.24566
0.904479
0.740756
0.950874
0.728444
0.53802
0.572587
0.735063
0.459155
-0.0250107
0.724705
0.628464
0.602603
0.800171
0.677516
1.50069
0.218235
0.547187
1.06715
0.20984
0.937605
0.207827
-0.246717
-0.110331
0.380208
0.812821
1.85976
1.4491
1.87821
1.79595
1.60523
-0.731356
0.81973
0.256964
1.24749
1.50652
1.12729
0.382601
0.752843
0.713055
1.47876
-0.139945
0.738193
1.05154
0.366354
0.673165
1.08823
1.15921
1.42598
2.24846
1.40088
0.833559
1.7149
1.23115
0.782361
0.959269
1.05947
0.928506
0.796202
0.675355
-0.053378
1.2716
1.48628
1.09068
1.49119
0.644919
1.88306
0.819144
0.506516
0.617201
0.642009
0.431173
-0.0356948
0.429041
1.32795
0.593115
0.413642
1.72894
1.16136
1.18151
1.78999
1.2989
0.194202
1.51095
1.10086
0.259325
1.09086
1.29436
0.687836
1.03163
0.810438
-0.272473
0.375654
1.36626
1.1482
0.914961
-0.280829
-0.250019
0.689636
0.115539
0.858606
0.645413
-0.158423
0.460291
0.429277
0.302902
1.14748
1.16234
1.83027
1.41279
2.00053
1.53619
0.422937
0.505388
-0.878517
-1.13107
-1.10063
0.23999
0.724807
0.660529
0.317627
0.526884
0.804398
0.426784
0.704356
1.39024
1.5292
2.05697
1.80724
1.52053
0.286755
0.0481401
0.0157289
0.916573
0.168673
-0.324976
0.201225
-0.254081
0.818028
0.663085
0.557293
0.863305
0.246387
-1.05818
-0.961494
0.351245
-0.390408
-0.833047
-0.393012
0.251711
0.102499
-0.77399
-0.373149
-0.216407
-0.385925
-0.237297
-0.208812
-0.637712
-1.23684
-1.6432
-0.196437
0.321583
0.359101
-0.197608
0.11571
-0.0554095
0.280703
0.722648
0.129538
0.0659855
-0.711709
-0.275618
-0.0701914
0.409317
0.1884
-0.153707
-0.197659
-0.132222
-0.163711
0.485716
0.776792
0.0144908
-0.123917
0.505889
0.64678
0.263967
0.855608
0.92309
1.61949
1.36466
0.769357
0.246686
0.458348
1.9196
1.22246
0.262368
-0.0239648
0.534061
0.472009
0.608779
-0.0373512
-0.18901
1.38861
0.593071
0.521405
0.824937
1.15356
0.57464
0.730433
0.616402
0.753276
1.29315
1.25336
1.56482
2.11042
2.13564
1.1373
0.84445
1.29724
0.371934
1.04959
0.913124
0.00345356
0.414974
0.821231
0.4341
-0.828085
0.0772419
-0.417896
-0.54763
0.0491321
1.93946
-0.359663
-0.0824222
0.243332
0.102434
0.68385
0.212256
-0.0655515
-0.0108814
0.358412
1.31617
-0.215889
0.162309
0.0259515
0.957104
0.848653
0.861394
0.524623
0.382051
1.33678
0.746387
0.241893
0.552426
0.407855
0.467949
0.701552
0.408463
1.03062
1.18412
0.893482
0.330152
0.985053
-0.0478112
0.211701
0.417827
0.609302
0.462612
1.04165
0.869936
0.111592
0.665415
0.0173683
0.378307
-0.179801
-0.282119
-0.183169
-0.389105
-0.836824
0.253848
-0.132509
0.455896
1.08593
-0.0487618
-0.00623215
-0.289784
0.609413
0.0936751
0.0374885
-0.205683
0.709254
0.450515
0.438688
0.595453
0.841943
1.06238
0.547684
1.03248
0.986396
1.71177
1.80605
0.861059
0.420513
0.787525
0.346485
-0.443254
0.803187
-0.090409
1.10091
2.3958
1.90701
0.985371
1.09516
1.44599
0.648951
1.69054
0.424552
1.1768
1.06407
1.5391
1.09911
0.686394
1.61091
0.755554
0.558927
0.912842
0.965681
0.147694
0.893523
0.911767
0.896356
0.609426
2.04151
1.01237
1.28411
0.87291
0.406211
0.609826
0.406649
0.63462
0.0326415
0.576925
0.949951
0.971181
0.866
-0.309642
0.233404
-0.713745
-0.693968
-0.722212
-0.167439
1.09376
0.844006
0.688481
0.583611
0.545879
0.65534
0.603103
0.883648
0.264296
-0.853192
0.0673639
0.743859
0.35234
0.75957
0.360657
0.21243
0.557956
0.806211
0.657475
1.00837
0.441909
1.05154
0.799426
1.75307
1.4123
0.9758
0.475087
1.26659
0.894091
0.40708
0.271832
0.158503
-0.405363
0.932409
0.238634
0.604573
0.562671
0.434286
0.0917206
0.0444868
0.446047
0.0266372
-0.0233459
0.159435
-0.326348
-0.275271
-0.66384
-0.335149
-0.03777
-0.755007
0.710501
-0.329438
0.449168
0.0288741
0.985161
0.999466
-0.0903113
0.0752351
0.171414
0.080863
0.254195
0.598215
0.181254
0.168885
-0.387345
-0.369047
-0.0412292
0.0778691
0.435982
-0.282071
0.445104
-0.342517
0.531143
0.301486
-0.462493
0.444972
0.34165
1.31506
1.13901
0.385915
0.852114
-0.18301
-0.033498
0.317536
0.445165
0.916685
0.137871
0.297579
1.08071
0.871524
0.756483
0.244127
1.1593
0.43497
0.269727
0.89902
0.17466
1.09736
0.650925
1.31628
-0.303143
0.739635
0.634841
0.0730576
0.829793
1.36522
1.56048
1.68079
0.850062
1.43832
0.297486
0.0989057
0.441893
0.44558
1.33629
0.527384
1.19632
1.02937
1.02983
0.545809
0.243271
-0.832893
-0.20409
-0.80979
0.0554434
0.278337
-0.246391
0.398556
-0.154642
0.0386819
1.69783
1.05838
0.858799
1.11359
0.471056
1.47362
0.734088
1.03064
0.686631
-0.2161
-0.265015
0.988993
1.51725
0.74522
0.174777
0.515485
-0.19702
0.199891
-0.0598087
0.52446
-0.302357
0.268539
0.151636
-0.531582
0.421429
0.447117
0.61454
1.00253
-0.287164
0.519683
0.366009
-0.166178
0.105025
0.336542
-0.404643
0.0712751
0.693648
0.397499
0.27967
1.36439
1.14629
1.04482
1.18282
0.28763
0.390745
0.975945
1.2156
1.62076
0.663668
0.86136
1.42807
2.587
1.49274
0.913757
1.33777
0.835446
1.74037
1.95251
1.46532
1.52543
0.542632
0.711654
0.233261
0.737116
1.9327
1.53815
0.378985
0.0742299
1.5655
1.14879
1.25442
1.2915
0.127859
-0.361642
0.832149
0.943551
1.35075
2.43015
1.36787
1.22181
1.32549
1.5145
1.25493
0.88937
2.06911
1.65395
0.586331
1.56619
1.7237
0.77924
1.00068
0.650509
-0.232979
-0.298522
0.638335
-0.238241
1.11606
-0.383166
0.834755
0.252715
0.370544
0.929816
0.787263
0.191005
0.835851
1.91184
1.30043
0.846599
0.730726
0.869282
1.7924
1.91356
1.38765
0.440951
1.01163
0.186656
0.0615667
0.146959
0.2861
0.900569
1.27136
0.548006
0.606964
-0.0214869
-0.123481
-0.859812
0.427727
-0.750408
-0.067593
1.39817
0.393883
-0.295543
0.503652
0.537857
0.641366
1.01799
0.307351
-0.124483
-0.236153
-0.0677019
-0.234515
0.195978
0.84566
0.449976
0.529393
0.652088
0.264377
-0.145668
0.269674
0.790493
1.74937
0.217335
1.1654
0.779834
1.29833
1.01943
0.715025
-0.308676
1.07023
1.43138
0.937121
0.850904
0.64645
1.1422
1.29439
0.942385
1.33654
1.57823
0.796291
0.683524
0.718251
1.50729
1.32871
0.555185
0.953032
0.83553
1.25555
1.12805
0.400787
0.756829
1.02992
1.57326
0.78844
1.93197
1.5416
1.69429
1.46497
1.47148
1.80709
1.55967
1.344
1.36029
1.22061
0.765378
0.530361
0.081476
1.05514
1.71202
1.32351
1.21535
0.0744591
0.272536
0.963134
0.490072
0.84431
-0.0369694
0.44829
1.40401
1.32598
1.03238
0.845735
1.17475
0.675217
1.25698
1.20741
1.67607
1.49722
2.64413
1.9324
2.18496
0.584148
1.06261
1.21746
1.33139
1.38611
0.672237
0.594631
1.13234
1.65863
1.31347
1.38068
1.86609
1.74088
2.03368
2.76058
1.54587
1.52539
1.75076
0.551829
0.943949
1.81009
1.7491
0.238376
1.11849
1.0561
0.807791
1.09994
0.345783
0.567044
1.69012
1.49715
0.59065
0.888439
0.450655
0.11785
0.306086
0.685216
0.89023
-0.187296
-0.255116
0.396378
0.549313
0.157319
0.617285
1.61809
0.921081
0.936168
0.460505
1.58694
0.726053
0.838271
0.126853
0.115792
0.16431
-0.119138
0.525484
0.606151
0.68801
0.824788
0.952712
0.836988
0.828891
1.05708
0.400125
1.19859
1.64641
1.97585
1.02423
1.35223
0.733142
0.460776
1.78242
1.34674
1.57869
1.83741
2.27897
2.17375
1.56321
1.15107
0.506296
1.87807
1.75961
1.06856
1.31712
0.568491
-0.84962
-0.542965
0.313584
-0.292927
-0.670683
0.34065
0.310616
0.290473
1.40324
1.14444
0.396952
-0.175764
1.37002
0.751624
0.99124
1.46076
1.09294
0.89248
0.754625
1.50496
1.61184
2.05494
1.56032
1.25089
0.355091
0.228351
1.1433
0.284751
0.0968199
1.41704
0.645884
1.18665
0.471444
1.04369
1.29613
1.42741
1.53528
1.36475
0.567159
0.19207
0.99823
1.58867
1.73474
0.187179
1.32593
0.920031
0.94304
1.43963
1.00906
1.23363
1.35434
0.280145
1.69492
1.79122
1.39611
1.42923
1.72866
1.55919
1.7236
1.58629
2.16749
2.00957
1.55081
0.783397
1.98967
1.1704
0.656032
1.42916
0.273159
1.35967
0.78735
2.04668
1.26181
1.99159
1.52081
1.87205
0.463195
1.09435
1.42108
1.20179
0.881423
0.759044
1.64814
0.712879
0.251178
0.596971
1.21914
1.7098
1.0026
-0.329303
0.163352
1.27589
0.257815
0.769183
0.562324
0.980402
0.641537
0.470406
0.843507
1.8749
0.622086
1.06386
1.0076
0.860773
1.21773
1.85138
1.8482
1.1968
1.55633
1.2042
1.52952
1.3565
1.45397
0.671404
0.79323
-0.33368
0.591888
0.325157
0.746482
0.747002
1.12066
1.24938
0.85625
0.709732
1.42297
0.335601
-0.129103
0.580483
2.50202
1.66579
0.593327
0.213085
1.58484
0.976646
1.23412
0.963969
1.0718
1.41362
2.08401
2.05721
0.29929
0.638049
0.796848
0.552409
0.951428
1.43054
1.36386
2.18357
0.989001
1.45433
1.87045
1.23887
1.50208
1.29027
1.3437
0.531798
1.10531
0.986177
1.94085
1.33255
2.44013
1.37594
1.93304
1.33265
1.42881
0.424513
1.50669
1.82475
2.11426
1.91628
1.5728
1.78273
0.962524
0.628493
0.409799
0.721755
0.57717
1.41745
1.37539
0.0343728
-0.388511
-0.129794
0.625176
0.310821
0.577971
0.771353
1.30171
1.07951
0.890416
0.756219
0.796401
0.37026
0.806973
0.556852
0.45849
0.542146
1.02186
0.897877
0.613691
0.323364
1.12981
0.482219
0.933393
1.6846
1.44661
1.11029
0.680138
1.16084
1.72033
1.45685
0.58204
0.733796
0.551695
0.495493
0.814615
-0.13476
0.498571
0.505147
1.07319
1.33173
1.03246
1.50667
1.53004
1.77862
1.20391
1.44195
1.46972
0.520635
2.21735
2.05827
1.96436
1.64118
0.563257
0.627057
1.07514
0.427421
1.0588
0.689198
1.34396
0.380164
0.400763
1.23331
1.11826
0.0478805
0.757167
1.62505
1.25133
1.25352
0.614253
1.25465
1.67246
1.89087
1.88394
0.746794
0.963857
0.804926
0.787741
0.513725
1.68933
1.56707
0.745405
0.837485
1.51881
1.08497
1.97702
1.71417
1.69715
2.08861
1.27637
1.35314
1.59365
0.461778
1.07519
0.742516
1.27708
0.554474
0.801736
1.28549
1.08653
1.0499
1.62129
1.52647
0.567174
0.48133
1.31336
1.69404
1.47516
1.63289
2.28751
1.24219
0.546072
1.0234
1.5755
1.31372
1.0337
1.39963
1.42005
1.44237
1.75423
2.3239
1.33506
2.01706
0.884507
1.50716
1.75821
1.29622
1.60887
0.340192
0.849424
1.27473
1.50515
0.306843
1.40393
0.112214
1.39997
1.66779
1.12049
1.56645
1.61178
2.03207
2.36578
1.91072
2.55688
2.19977
1.84992
1.62447
2.19947
2.38934
1.77041
1.77903
1.21555
1.05891
0.71221
0.822609
2.17067
0.316046
0.130623
1.07586
1.06596
0.515207
-0.325729
1.85436
0.180785
1.44665
1.1027
0.44145
0.957215
0.659414
0.430767
0.458784
0.875563
1.14549
0.877549
0.595154
0.3702
0.835049
0.865242
1.22216
0.973229
1.32079
0.555088
0.233415
0.525736
0.210708
0.79322
1.45668
0.796716
1.06106
1.89854
1.47645
0.0535373
0.306052
0.802415
0.904455
0.919182
0.82836
0.342587
0.349182
0.0562438
0.999803
0.490781
1.63266
1.99121
1.47046
0.827987
1.14301
0.959416
1.29979
2.01661
1.73684
1.02865
0.265562
0.606412
0.0308173
0.890945
0.582447
-0.313855
0.291659
0.556824
-0.195047
0.588228
0.35077
0.746667
0.206377
0.855248
0.83338
0.712633
0.924668
0.0664481
1.33605
1.45216
1.14068
0.510321
0.894311
1.31254
1.00026
1.10741
1.64184
1.24681
1.56932
0.879622
1.8141
0.381312
0.807905
1.34783
1.33001
2.70241
1.52673
0.823236
1.63803
0.699094
1.12557
1.25556
1.01516
0.794258
0.782527
1.01408
0.585487
1.21741
0.673655
0.248875
1.26443
0.669515
1.82842
1.01867
1.18794
0.627522
1.22263
2.21986
1.85088
2.23783
1.69538
1.65754
0.899503
1.22977
1.1926
1.83699
1.2383
1.54606
1.2614
0.831702
1.28706
1.59696
1.26859
1.69806
0.760231
1.26519
1.02657
0.604805
1.82406
0.866724
1.51395
2.26068
1.20573
0.949489
1.65413
1.13716
0.957819
0.407295
2.33908
1.28289
2.06111
1.0438
1.55012
1.00037
1.33012
2.16698
0.586054
1.50592
0.713534
0.912291
1.26017
1.68614
1.21095
2.8657
1.61694
1.88077
1.12126
1.86346
1.05561
1.22392
1.69247
0.538983
1.99798
2.31135
1.50741
2.0677
2.52947
1.76264
2.41635
2.83227
1.94403
1.67806
2.67412
1.68778
1.88483
1.16111
1.10577
2.18189
1.67386
2.02568
1.95598
1.24519
1.88153
1.72116
2.36873
1.95794
1.58034
1.80076
1.65035
2.27686
2.01928
1.1847
2.6098
1.73616
1.67766
2.03606
1.12005
1.83311
2.16617
2.24725
1.57292
2.57127
2.1403
2.00691
2.8492
2.01596
1.85595
1.54954
1.91175
1.98998
1.49463
1.88228
2.22709
1.41113
1.36513
1.82463
1.90665
1.5108
1.94841
1.50991
1.05642
2.02044
1.7732
1.7241
1.35902
1.84957
2.12691
2.15006
1.76149
2.0025
1.98005
2.69772
2.27003
2.4923
2.06656
1.13947
2.41234
2.08162
1.83864
2.01047
1.60042
1.799
1.62517
2.27874
1.71686
1.68232
2.08636
1.01156
1.7215
2.8382
2.54968
3.23871
3.11636
0.973787
2.27572
1.25565
2.29964
1.21466
1.86181
1.96925
2.39486
2.30102
2.26675
2.13446
2.11481
2.86581
2.42234
1.99176
2.23504
1.24734
1.05885
1.61982
2.49591
2.11607
1.78767
2.5357
2.67731
3.19744
1.68629
1.90567
1.86095
2.4011
1.62934
2.73447
1.67941
2.29556
1.59259
2.59999
1.79075
1.27261
1.63047
2.34574
2.08248
1.55075
2.57269
2.20699
1.88968
1.38558
1.2121
2.27359
2.61044
2.18626
1.49161
1.73688
1.61263
1.36766
1.66437
0.952414
2.57911
1.02823
2.31884
2.49731
2.95588
2.01729
2.21041
1.97036
1.84806
1.77802
1.19478
2.78921
1.95694
2.57793
1.52844
2.47788
1.65604
1.52226
2.20867
2.26322
2.95476
1.82227
1.84908
0.412462
1.38367
1.47446
1.1225
1.83485
0.519683
1.14359
0.982655
1.57071
1.64532
1.6553
1.15611
1.63539
0.808405
2.25312
2.37914
1.6625
1.70615
3.07525
1.86603
1.40992
1.26813
3.39786
2.73085
1.85344
2.08908
1.84057
1.90649
2.07211
1.92811
2.26265
2.4413
2.67832
2.10954
1.79791
2.36444
2.00349
2.38576
1.66682
1.62381
2.32866
1.83095
2.25057
2.15041
2.28589
1.50664
1.98084
1.32684
1.35992
2.02023
1.51338
1.92738
2.29999
2.63192
2.02068
3.88282
2.94715
1.89748
2.74737
2.80192
2.41551
2.84565
2.41541
1.4021
2.30434
2.32904
2.22837
1.91521
1.43662
1.6647
1.72734
1.65494
2.98334
2.21218
2.05965
2.27007
2.25477
1.73758
2.10079
2.51117
2.52067
2.49529
1.77925
2.36425
3.1729
2.43944
2.95864
1.84372
1.44843
1.87197
1.52711
2.16949
2.24938
1.69998
1.51799
2.09769
1.37613
1.81526
1.11726
1.3512
0.928446
1.49847
1.69229
1.7846
2.16655
1.28623
1.4381
1.08507
1.02537
0.674554
0.857993
1.11279
1.13561
1.17325
1.64415
1.34723
2.06915
1.0161
2.07848
1.58169
1.33708
1.48427
1.08058
2.48147
1.70065
1.31972
1.36259
1.51929
1.06241
1.23318
1.41832
0.706358
1.33781
1.18138
0.795351
0.853484
1.68667
0.844342
1.31051
1.37576
0.368753
1.08681
1.49215
1.99807
2.03311
2.34006
2.51069
2.10003
1.27094
0.935349
1.59403
1.69835
1.27132
1.12147
2.02657
1.63933
2.02334
0.818423
1.67156
1.2493
1.26334
2.14602
1.38684
1.36946
1.0588
2.16487
1.59864
1.64147
1.58004
1.40206
1.10404
1.39406
1.1865
0.527549
0.250703
0.137392
0.868527
0.834881
0.0560298
1.19931
1.80775
1.59891
1.28656
1.06599
-0.013634
0.370784
1.08985
1.66714
1.50316
0.841551
1.57868
1.78655
1.45254
1.94197
1.092
1.64943
1.02222
1.66951
2.09716
0.906857
0.912456
1.82166
0.201409
0.0328934
0.607063
0.513671
0.882534
1.19508
-0.0940632
1.19238
1.88769
0.741295
1.27054
2.08237
2.50427
1.0983
1.30035
1.18316
0.428618
1.25975
1.81619
1.49131
1.10357
1.34945
1.36961
1.24502
1.09028
0.345326
0.686093
0.509279
1.16705
0.857989
1.29197
0.946924
1.6259
0.998833
1.81323
1.44786
0.744657
0.758771
0.117382
0.571936
1.15782
0.961187
0.698128
0.787002
1.55821
1.44507
1.84768
1.52827
0.454528
1.51242
1.53459
1.96444
1.02534
1.01642
0.641645
1.3729
1.7071
1.51178
1.36249
0.761515
0.432726
0.654897
0.554088
1.31665
0.613797
1.4142
1.16604
0.364875
1.33904
-0.0846519
1.66771
1.29258
1.28468
1.50053
1.13105
1.17934
1.45659
1.20303
-0.353571
0.513392
0.401015
0.636349
0.460307
1.29472
1.36225
1.60413
1.66345
1.33738
0.374678
1.06482
1.01153
1.52149
2.12519
0.0559029
0.048601
0.54577
-0.408865
0.382725
0.0980781
0.278069
0.357461
0.310286
1.3648
0.922193
1.05783
0.809423
1.15079
1.45036
1.26392
0.348666
1.48631
1.91984
1.42319
1.39846
1.40187
0.981279
0.882791
1.95426
1.05423
0.740471
1.76346
1.74569
2.0402
1.49836
1.5612
1.24034
1.751
1.31948
1.45883
1.89416
1.32085
1.00123
0.791142
0.468122
0.874681
0.0942536
0.406935
0.341721
1.35932
1.8644
0.116643
-0.312595
0.529476
-0.330812
1.2487
1.34234
1.04042
1.54068
1.48885
1.76124
0.93655
0.86724
0.00033593
0.664919
1.60428
1.52185
2.26913
1.31268
1.81046
1.30331
0.658536
0.314135
1.70566
1.35287
2.20087
2.54715
1.78026
1.53674
1.93698
0.804596
0.789849
1.16464
0.964299
1.03081
1.20235
1.51231
0.481264
1.8325
-0.0617326
0.642717
0.264749
0.460652
-0.0630124
0.677489
1.57144
2.02583
1.9358
2.90746
1.77107
1.87237
1.89033
2.13237
2.06501
2.00366
1.52211
2.82517
2.0024
0.890796
0.82211
1.00664
0.477833
0.102228
1.06087
0.855464
0.0885519
0.491254
0.733674
1.23769
1.06829
0.742547
1.25288
1.06413
0.887983
0.83161
1.39961
0.974657
1.33285
0.419407
1.33432
0.00968337
0.686105
0.613479
1.07284
0.296341
0.0784903
0.563673
-0.0837256
0.555929
0.451717
0.895085
1.15778
1.98543
1.78487
1.87279
0.99549
0.940844
0.535564
1.59301
0.710058
1.47444
1.02006
0.482374
0.66758
0.62618
0.0762723
0.412097
-0.104817
0.272306
1.36224
0.834245
1.79976
1.12535
1.10399
0.654825
0.187095
0.242163
0.638565
0.85845
0.366169
0.765939
-0.406309
-0.0277645
0.115666
0.0579883
0.63727
0.582335
0.25921
0.0771169
0.435169
0.129837
0.293262
1.05403
0.290312
0.530587
-0.605944
0.441068
1.43676
1.20027
0.531026
0.724763
1.94962
1.85903
0.940174
0.16941
1.30263
0.8891
0.761044
0.68291
1.73076
1.83484
0.842531
0.301652
0.420834
0.177342
1.71244
0.942337
0.354053
0.621614
-0.00903323
0.149237
0.813642
0.749482
1.22624
1.62341
0.74303
0.784924
0.539928
1.09467
0.415337
-0.194596
0.300044
0.702116
1.15478
1.43676
-0.695245
0.903728
0.424027
0.452203
0.602997
0.559938
-0.309181
0.98241
0.471081
-0.386911
-0.050508
-0.336156
-0.22054
0.819464
0.763047
1.16097
0.929168
0.120785
0.39752
0.39711
0.218115
0.197711
0.662887
0.863001
0.386765
0.0514175
0.730306
1.16257
1.04731
0.566846
0.721113
1.55663
0.600267
1.39239
0.557369
0.052793
0.00803784
0.911322
1.16125
0.372067
0.0773393
0.567007
0.530292
-0.073868
-0.026355
-0.51615
0.68039
0.333686
0.0404605
1.55753
0.288035
0.535651
0.427639
-0.42856
0.0101077
0.562362
1.50493
0.26278
-0.331069
0.54164
1.01813
0.948168
0.489506
1.11085
0.423705
0.599536
0.951542
0.927895
1.32997
1.22363
1.74022
1.39512
1.73366
1.42005
0.276504
1.01087
0.877334
0.678585
0.925921
0.884021
1.56523
0.828409
1.46808
1.04222
1.10652
1.88326
1.74347
0.87335
1.08987
2.00975
2.52252
1.08855
0.88366
1.41377
0.958899
0.453569
0.535926
0.972482
1.10567
0.875318
0.865054
0.756301
0.123863
1.32266
0.15894
0.632052
0.457227
1.70347
1.07159
-0.131135
-0.249425
0.0133591
0.39482
0.940546
-0.44814
0.442169
1.29456
1.50469
0.708208
0.493402
0.333327
-0.0560044
-0.604412
0.28748
0.890694
0.088934
1.1908
-0.157958
0.429185
0.262282
0.16832
-0.0554021
0.113638
0.904129
0.740738
0.143385
0.196569
0.675784
1.08472
0.511057
0.905915
0.719321
0.133117
0.0324281
-1.02382
-0.470505
0.17893
-0.879635
-0.45672
-0.700525
-0.365496
1.2099
-0.0331041
0.570114
0.0152753
-0.0629186
0.405288
-0.0386349
0.0737209
1.0361
1.12274
0.0281479
0.248578
0.430104
-0.676818
-0.00683082
-0.129921
0.757448
0.95009
1.12327
0.143147
0.353612
0.642783
1.64966
1.40114
0.616116
0.30386
-0.0858526
0.0685245
0.280608
0.131145
0.403568
0.384967
0.127436
-0.402634
-0.406778
0.0821473
0.454427
0.589458
0.60871
0.49629
0.987277
2.28458
0.145461
1.5535
0.580371
1.03051
0.875799
1.40601
1.87011
0.817406
1.41167
0.654555
-0.108463
-0.844022
-0.367994
-0.390413
-0.962338
-0.399156
-0.202293
-0.226066
-0.586047
0.0557467
-0.0628967
0.482098
0.415816
0.4241
0.562276
0.181683
1.10971
0.5009
-0.203976
-0.0816944
-0.774454
0.496377
-0.258733
0.216378
0.246677
0.131916
-0.348012
-0.521383
-0.822463
0.0300553
-0.461986
-1.04716
-0.175798
-0.49632
-0.209336
-0.535942
-0.754529
0.118801
-0.705888
0.284336
-1.24801
-0.387676
-0.458019
-1.31479
-0.665552
-0.110914
-0.0284519
0.165359
1.05371
0.538874
0.191651
0.513809
-0.69906
0.257447
-0.34181
-0.610388
-1.56271
0.364716
1.07262
-0.381794
-1.09045
-0.20361
0.214039
0.300045
0.864592
1.13171
0.585317
-0.0198539
-0.094915
-0.679524
-1.2632
-0.493228
-0.667548
1.22712
-0.0498917
0.350895
-0.44545
0.0401467
0.840989
0.456996
0.06669
-0.30141
-1.22335
-0.0189979
-0.217081
-1.18371
-1.09077
-0.921095
0.153243
0.608891
0.919257
0.502201
0.254511
0.626363
1.12928
1.03998
0.587606
0.943607
-0.120652
0.31055
0.273664
0.718844
0.880179
1.05681
0.743663
0.995539
-0.12495
0.994466
0.0906663
0.157709
0.0482821
-0.66492
-0.0208227
-1.16288
0.0103946
-0.363799
-0.0252794
-0.888089
-0.677119
-0.767582
-1.52975
-1.14107
0.503622
0.390814
-0.116479
0.56593
1.01056
1.53502
1.45193
1.48118
1.51717
0.777294
0.904042
-0.109589
1.17547
0.566997
1.26585
-0.221417
1.24679
1.28612
1.4174
2.0118
1.96068
0.731289
1.32822
0.807056
2.04731
1.79539
1.19263
2.25794
1.49596
1.5659
0.6562
0.554867
0.296704
0.456584
1.2802
0.211974
1.6557
0.923256
0.600086
1.01099
0.456061
0.392769
0.0764182
0.219303
1.31373
1.3059
0.276135
0.47274
0.108207
0.700527
1.15505
1.09265
1.29172
0.327249
0.602866
1.43699
1.54867
0.880413
0.912413
0.231912
0.792049
0.487069
0.75265
0.848306
0.916311
0.580139
1.2157
1.22233
0.308705
0.0508115
0.788654
-0.0273258
1.16353
1.11071
-0.0633639
1.06639
0.389006
1.69038
0.947554
1.33137
1.21132
0.806096
1.57294
0.780954
1.00252
1.41852
1.06778
0.777589
1.449
1.51072
0.574411
0.908884
2.14973
1.1934
0.777613
0.232537
0.213388
0.854223
0.81837
0.559875
-0.927632
0.0240616
1.18806
-0.585258
0.985544
-0.0175282
0.633796
1.26428
-0.21665
-0.0219294
-1.02403
-0.152722
0.395117
-0.132672
-0.727278
-0.936728
-1.31263
-0.282531
-0.355535
0.0553255
-0.527424
-0.0403562
-0.00338545
-0.48328
0.113
0.42221
0.568591
0.0315877
-0.0160443
0.614377
0.411854
0.201363
0.0646152
0.654011
-0.537373
-0.249834
-0.593458
-0.143616
0.465249
0.672587
0.526745
0.728329
0.835644
-0.265443
-0.0497985
1.1168
0.713878
1.20555
0.898821
-0.0928583
0.44574
0.432015
1.43505
1.23697
2.39261
2.28685
1.08163
1.12207
0.990398
0.730027
0.432835
0.67883
0.542101
0.510286
-0.596685
-0.711755
-0.23981
0.320357
-0.116858
1.1175
0.358744
0.824325
1.48154
0.826721
0.400074
1.43105
0.355654
0.342047
0.251527
-0.0967761
0.801319
1.0514
-0.0606118
1.10391
0.822064
0.271499
0.0646768
0.224464
0.87537
1.19598
-0.0568413
-0.0602663
1.15866
1.22128
2.00628
1.9768
1.28286
1.34787
0.635911
0.868257
1.64078
1.99566
1.6225
0.614171
1.18172
0.409758
1.05479
-0.249567
0.299082
0.0731083
0.457643
-0.193604
0.749324
-0.663405
-0.490646
0.018344
0.382488
-0.629603
0.114965
-0.177084
-0.264468
0.0777213
0.613964
1.13956
0.556195
0.333531
0.946208
0.611998
1.22186
1.9464
0.46883
-0.0940053
0.17065
0.515129
0.330707
1.05293
1.60415
0.991482
0.851214
1.66018
0.771506
1.05524
0.724727
0.885383
1.17369
1.41046
0.608968
0.791143
1.57229
1.1959
-0.0385213
-0.515138
1.0246
1.05186
0.925514
0.571353
0.8314
0.799052
0.248255
0.184939
-0.389221
0.0286294
-0.176485
1.11239
0.827304
0.785459
0.0843267
0.191506
0.14464
1.0883
-0.046473
0.577082
0.255695
-0.362992
0.729889
0.390758
0.879714
-0.122082
0.405687
0.438678
-0.120055
-0.261312
-0.280101
0.858621
1.08244
0.642663
0.723248
0.906754
0.124944
-0.404298
0.55648
1.25427
-0.191869
0.22153
0.859254
0.816819
-0.328417
0.862423
-0.306985
0.804556
1.46249
1.10934
0.931809
1.783
1.34004
0.735727
1.88916
0.334315
1.33333
1.14483
1.02382
1.02219
0.772892
0.928462
1.28566
1.66836
0.24964
0.842563
0.0164212
0.90334
1.77387
1.16378
1.50635
1.27244
1.46087
0.511451
1.15502
1.18695
0.756627
0.14949
0.0692869
0.785264
1.17917
1.2843
-0.0249943
0.329168
0.562506
0.952735
0.373068
0.129881
-0.553905
0.674584
1.1765
0.13456
0.445962
1.47143
2.20422
0.973277
1.10818
0.52753
0.892587
1.4414
0.728641
0.821794
0.425419
0.480077
0.749077
0.068935
1.9771
0.789537
1.8206
0.331408
-0.736392
0.340306
0.389299
1.19943
0.81127
0.916596
1.41494
0.400791
0.795682
0.217349
0.662461
1.6994
2.08858
1.2216
1.80135
2.26772
1.20894
2.14221
1.85698
0.386738
1.63298
1.30078
2.63672
1.92225
1.2906
1.51212
0.635451
0.961371
0.321144
0.856743
1.79208
0.800242
1.65127
1.61978
2.17356
1.1903
0.930639
0.926289
1.19467
0.860148
-0.201621
-0.335817
0.890179
1.23734
1.37689
0.666096
1.0175
0.981211
0.832051
1.24137
1.12867
1.29419
1.42829
0.708145
0.652272
0.902974
0.156259
1.04653
0.434583
0.0745469
0.758227
0.287526
0.758563
0.0368567
0.541946
-0.537017
0.0118411
-0.362818
-0.148646
1.04865
0.394167
1.10258
-0.0235663
0.828291
0.344657
0.538156
2.36563
0.368118
0.903482
1.17821
0.860549
1.79915
0.679413
0.967116
1.06184
0.331321
1.94643
0.553681
0.22379
0.557158
0.209102
0.570576
0.100486
0.106331
0.518355
0.285271
1.7966
0.873711
-0.280286
0.294243
0.634844
0.667662
0.764056
1.18992
1.34423
1.06543
1.07267
0.902743
0.366988
0.382719
0.964605
0.933538
0.869035
-0.0278334
0.820201
0.551258
0.460506
1.07166
1.78209
0.277162
0.590236
1.80866
0.849246
1.81788
1.07164
0.691704
1.18275
-0.0357302
1.02541
0.566529
0.982478
0.215111
0.270831
-0.127567
0.258658
-0.0386004
1.25869
1.11021
1.44072
0.873147
1.11092
1.5318
2.08273
1.09124
0.785083
1.36814
1.20063
0.388668
0.793446
1.47346
-0.00109638
0.557784
0.89473
1.12868
0.414124
0.59365
1.20759
0.636256
0.354091
0.278968
1.73514
1.57363
2.31101
1.31777
1.59175
1.41369
1.50485
0.737378
1.1783
-0.307598
0.152735
1.22022
1.475
0.874371
0.997587
1.81518
1.56077
0.388927
0.767962
1.76177
0.00328192
0.433604
0.385319
0.733527
0.276131
1.8631
0.758946
1.058
0.81633
0.0381526
0.345671
0.47575
0.264908
0.523958
-0.0140187
-0.335917
-0.171686
-0.106439
0.192062
0.359029
0.215509
0.592936
-0.357133
-0.194838
0.377395
-0.0813708
0.467036
-0.497734
-0.329853
-0.927199
-1.25814
-1.32684
-0.683024
-1.25371
-0.814904
-0.888578
-0.683498
-1.39822
-0.741863
-1.09891
-0.354276
-0.490241
-0.573214
-0.805689
-0.918504
-0.0741993
0.313792
0.614151
1.72755
1.03177
0.989094
1.27836
0.608512
0.914165
0.0677173
-0.640958
-0.924949
-0.649914
-0.389154
-1.84545
-0.560479
0.40436
-0.177673
-0.93228
-1.04996
-0.25746
0.960363
0.0722103
0.146881
1.1774
0.193247
-0.125073
0.519613
0.0402139
0.393883
0.517265
-0.158962
0.49304
-1.11932
-0.648089
0.456453
-0.142408
-0.359361
-0.738161
-0.114298
0.545458
-0.400815
0.256306
0.147414
0.489877
0.628052
0.358873
0.490919
0.660066
0.504472
0.701098
1.48286
1.1621
1.52682
0.342242
0.889133
0.514032
0.616522
1.20862
1.42758
0.769457
0.00697814
1.4378
1.07157
1.58865
1.04487
0.473559
0.295165
0.826962
0.331504
0.192832
0.287265
0.0993077
0.479829
0.504308
0.868773
1.28918
0.192472
0.859092
0.500959
0.690983
0.932253
0.53647
1.16886
1.2008
1.45542
1.1229
1.60572
1.33808
0.932691
-0.27121
-0.325577
0.00168472
0.0648459
0.263112
0.717067
-0.382671
-0.482213
-0.629122
0.0256584
-0.750513
-0.157856
0.550968
0.732109
0.3176
-0.204854
0.744757
0.248061
0.273902
-0.196685
-0.0814189
-0.320914
0.77099
1.15802
1.14975
0.455445
1.62367
0.573024
1.35949
0.858741
1.06868
0.165343
0.448431
0.535114
1.28895
1.37852
1.07447
1.65651
0.751894
0.867271
1.25692
0.986997
1.00238
0.863781
0.609691
0.574429
0.820356
0.432806
1.15742
0.262941
0.782889
-0.00954554
0.201239
0.848644
1.09571
0.611754
0.523605
0.253021
1.34202
1.43367
0.84602
0.36338
0.160807
0.199379
0.524052
0.00573762
0.600987
0.94933
0.358911
0.692759
1.30786
1.52137
0.733292
1.86768
1.24069
0.00994385
0.258192
0.258202
0.435397
0.0329596
1.16071
0.0884496
0.803793
0.425459
0.559344
0.823537
0.559331
0.906317
0.568344
0.127672
-0.362773
0.603199
-0.209323
-0.0328604
0.678693
-0.318894
-0.426257
0.525192
0.401259
-0.0602323
-0.231709
0.226333
1.13256
0.842567
0.397024
1.07897
0.584189
0.306017
-0.0975814
-0.0479341
0.0433582
0.848114
0.890911
1.06363
0.521016
0.129692
0.628527
1.66482
0.423971
2.12886
-0.115656
-0.0259147
-0.305975
-0.643235
-0.0607886
1.24777
0.878572
0.653305
-0.0672923
0.573459
0.786984
0.734967
0.874822
1.27042
2.2662
0.941837
-0.386998
-0.220152
-0.127873
-0.554264
1.03888
0.521521
-1.4595
0.400414
0.21429
-0.00458743
-0.10368
-0.744807
-0.208586
0.548766
-0.76991
-0.523471
0.844293
0.928188
-0.0981167
0.157409
0.854761
1.50398
1.31422
0.842019
1.27986
1.07422
0.249764
-0.0789769
0.336595
0.322259
0.434378
-0.446831
0.786992
0.200047
0.327017
0.769892
-0.479833
-0.0863568
0.823124
-0.275086
-0.700992
-0.386948
-0.690246
-0.473108
0.0321747
-0.448974
-0.520311
-0.128775
-0.347211
-0.826308
-0.0115475
-0.252946
0.182314
0.108156
-0.19058
-0.271212
0.45618
0.40009
-0.203817
-0.67449
-1.09081
-0.597142
-1.05173
0.55874
0.241454
0.0511734
0.230697
-1.21085
-0.681958
-0.265056
0.50401
-0.0905476
-0.734941
-0.352906
-0.507496
-0.695067
-0.34336
-0.453203
-0.192783
0.565452
0.266576
-1.01989
-0.426106
-0.354563
-0.570859
0.213594
0.636223
0.62554
0.0242111
-0.74405
-0.175698
-0.741454
0.10151
0.315583
-0.60384
-0.125566
0.519846
-0.6347
-0.606383
0.435929
0.235035
-0.192523
0.379841
-0.556088
-0.906749
0.0386421
-1.08423
0.351347
-1.11774
-1.45668
-1.03498
-0.41732
-0.316996
-0.757687
-0.674639
0.154573
-0.175146
-0.247907
-1.73851
-0.37605
-0.362458
0.368637
-0.18057
1.12795
-0.233378
-0.137958
-1.49654
-0.531996
-0.12315
-1.0089
-0.859221
-0.625099
-1.34888
-0.927694
-1.47101
-0.741222
-0.573836
-1.43379
-0.233102
-0.897362
0.0995947
-0.04371
-1.52962
-0.963121
-0.112566
-0.478015
-0.486882
-0.861888
0.00750122
0.283873
0.258268
-0.495577
-0.415859
1.06371
1.10974
0.239285
0.985975
0.901033
-0.597614
0.29203
0.731759
0.682583
0.359938
0.513832
-0.112749
-0.00899794
-0.0574757
-0.794967
-0.569792
-1.28811
-0.000564726
0.338397
0.458245
-0.0420227
0.384656
-0.499443
0.736067
0.436386
0.66831
0.0643974
0.513654
0.301689
-1.00139
-0.761417
-0.337593
-0.77296
0.992579
0.334635
1.11924
0.0516804
-0.258863
-0.0547558
0.461591
0.389095
0.198854
0.229074
-0.28772
1.30467
0.933063
0.312626
-0.192507
1.02577
0.461273
1.11691
1.62139
1.4011
1.82708
1.27103
0.971049
0.297646
0.339105
0.114121
1.36251
0.438432
0.293243
-0.0497492
-0.120037
-0.263642
-0.45991
-0.387105
-0.197881
0.705948
1.32822
-0.440556
0.0667872
0.43268
0.295219
1.24099
0.186931
0.393852
0.479763
0.0797063
-0.606237
1.04118
0.648531
1.00099
1.12994
-0.169606
0.599046
0.464644
-0.177158
-0.401351
0.356967
0.0471327
0.202976
-0.181365
0.873516
0.692661
0.631239
0.441524
0.928376
1.00361
0.431753
0.957391
0.964307
1.5811
0.928593
0.844467
0.736922
0.706975
1.58671
1.3884
1.23701
1.05311
0.2008
0.0569825
0.486505
0.959062
1.529
1.20786
0.973046
0.627946
0.954063
1.5817
0.868637
-0.386175
-0.0640909
0.589302
1.18506
0.232557
0.752702
0.65898
0.81724
0.242046
-0.372147
0.28724
0.908018
-1.02644
-0.246124
0.0121893
0.140724
0.538033
0.0974096
0.40217
0.0672113
0.667506
-0.208015
0.404725
-0.86479
-0.228519
1.01238
0.495627
-0.988328
-0.451217
0.095424
-0.850975
-0.216677
-0.174751
-0.108285
0.868819
0.931177
0.760481
-0.211432
0.466109
0.0461461
0.776157
-0.514486
-0.206973
-0.850421
-1.08555
-0.134011
0.0576872
-1.09977
-0.966986
-0.971561
-0.783244
-0.704867
-0.464798
0.1735
0.180268
-0.0182148
0.486772
-0.115914
0.537446
-0.072454
-0.102821
0.657694
0.50062
0.519429
0.168898
0.328343
0.459439
-0.0701285
0.33764
0.143586
0.439728
0.757978
0.732565
0.433081
-0.119048
-0.871461
-0.676894
-0.0528782
-0.348226
-0.15841
-0.367434
-0.0714833
-0.417555
-0.70658
0.613646
0.0744237
