2.70326
2.68634
1.76928
1.03773
2.17087
1.13448
2.72442
0.349645
1.40173
3.19578
2.53448
3.34378
1.5485
2.37266
0.858331
1.18974
0.988836
1.54482
2.24488
3.81986
2.66888
3.05112
3.48022
3.17433
3.0344
1.59673
2.00751
2.54983
2.57887
1.86911
2.39708
2.79499
1.13643
1.19797
1.23663
-0.479271
1.87832
2.55752
1.93933
2.24903
1.61188
1.04984
2.38458
2.3086
3.12604
0.8625
1.31059
1.05866
2.68172
3.60634
1.56912
1.40893
1.8524
1.47724
2.2045
1.91274
1.6732
0.588882
3.23623
1.95788
3.63933
1.96329
-1.05182
2.70234
0.637959
1.20143
1.06988
1.17511
2.94428
3.72369
1.92955
1.94865
3.56414
1.30242
0.359866
2.88416
3.33727
2.45845
1.04979
1.71884
0.879157
-0.151094
2.74169
1.4941
3.7606
2.01964
1.79944
3.30643
3.01354
3.38449
1.98766
2.99712
3.16597
1.61342
1.56062
1.21695
1.96813
1.31135
2.45094
1.86486
2.7111
0.748172
2.05208
1.47314
2.52216
2.91542
0.605709
2.19774
1.05202
2.15622
2.0723
1.75288
1.49634
2.59646
0.537745
1.68035
2.4141
3.23167
2.80239
2.38701
2.95289
1.43008
1.35021
2.37025
2.16217
2.66126
3.79949
2.15631
1.25554
1.72688
1.95439
0.612052
2.85979
1.54568
2.94222
2.58067
2.36533
2.29576
3.47859
3.4861
1.21435
1.40266
2.05839
3.0295
1.92631
0.597082
1.63859
0.39092
2.09837
2.70371
1.75528
2.7606
3.89989
1.88582
4.13271
1.96133
2.41439
2.22379
2.50783
3.21185
3.12495
1.18059
0.755914
1.94189
0.943876
2.43487
2.29376
1.53158
0.706447
2.0754
4.25056
1.61628
1.56775
1.55585
2.87105
2.95727
1.80834
1.17163
0.789147
2.93152
2.57466
2.11846
3.2184
3.54157
1.86703
2.05819
1.50484
1.38246
1.97821
2.46847
1.76832
3.17931
0.79767
1.01213
2.04004
3.55644
-0.799564
2.72069
2.15637
1.88776
1.97371
0.929892
2.23244
2.66443
1.5234
3.74262
2.5757
1.85282
2.86761
0.965467
2.71103
2.01019
2.47469
3.18773
3.21856
2.13502
1.23567
1.82812
3.41291
1.6236
1.4737
0.545566
1.49656
3.96039
3.08471
2.78812
0.310939
1.7271
1.83182
1.58852
2.27605
1.87747
1.22947
2.76794
1.77732
1.4415
0.715561
0.657321
1.7166
2.91175
1.99646
2.61986
3.60119
1.40957
2.00623
0.722953
3.50463
2.97783
2.03714
2.56618
1.98581
1.45401
0.789453
2.403
2.25204
2.89332
3.55086
1.095
2.06885
3.68541
3.07251
2.55309
2.08125
0.585808
4.00061
2.52889
2.04253
1.42388
2.26262
1.57104
2.54903
2.24432
2.40398
1.6341
2.3422
3.63916
1.89421
2.65016
1.01655
1.73522
1.94688
2.95243
0.905774
1.39308
3.82745
2.75403
3.63768
1.95692
2.59709
1.92061
3.9491
1.76679
1.4945
2.54688
1.0793
2.60794
1.84556
2.84591
2.54443
2.86969
1.07041
2.43596
2.8174
2.65065
0.994204
1.849
1.60465
0.583126
1.62692
4.15444
0.460934
1.42188
2.2912
1.74083
3.70125
3.08351
2.64808
2.62876
0.803608
0.61971
1.34411
1.7802
1.81225
4.22456
2.21013
1.96132
1.8427
2.30397
2.13185
2.7395
2.42214
3.476
3.34031
2.48705
1.77885
1.06556
1.47199
1.5323
3.32315
3.00617
1.24919
3.58919
1.33175
2.99814
2.10338
2.5671
2.8481
1.74153
2.28321
2.9406
2.03277
2.5538
1.46937
1.59966
1.91351
1.4279
2.23315
1.93005
2.20731
3.71923
2.27349
2.62202
1.46118
1.25905
0.37048
1.59698
2.69744
3.17166
0.984005
3.83146
2.37261
2.21928
2.08759
1.3068
1.78929
2.66201
3.20867
1.28465
2.31394
2.90757
2.07817
1.64958
1.04362
2.30831
2.3715
2.84358
3.21859
2.13348
3.80059
3.12276
2.13787
2.59859
2.40158
2.37491
2.36607
1.88215
1.71865
1.81925
3.16822
2.13294
2.44775
2.8017
2.44014
3.05127
2.63334
2.95462
2.29661
2.52275
0.957026
2.58612
2.73581
1.76915
3.70117
2.96507
3.36399
1.70806
2.17666
1.1531
0.687667
1.9203
0.493761
1.27609
1.40381
4.12494
2.28556
2.11422
2.77927
1.53578
1.07252
1.93706
2.84256
3.28756
1.69442
2.33921
2.65755
1.43234
0.259738
2.54543
2.41351
3.3118
2.4051
1.86725
2.55735
1.77835
2.74438
2.83615
1.44518
2.66375
3.57416
2.79426
2.50095
2.66113
2.2371
2.30179
2.67043
1.13671
0.484909
2.21494
1.08958
2.3439
2.04439
2.25753
4.57874
1.95299
2.58343
0.116667
1.97316
1.56491
2.9343
3.06964
1.95187
2.1539
3.68166
0.927436
0.892809
1.73761
1.77185
4.01085
3.19536
1.78337
1.3481
0.323559
1.16031
1.76882
1.54605
0.860646
2.62951
2.38182
1.61553
3.00978
2.0871
2.17504
3.30344
0.80951
1.38139
1.63332
2.8431
2.44589
2.55811
2.63116
2.56013
1.84222
1.30593
1.95018
2.36193
2.36328
2.2045
1.4609
2.29702
1.84399
2.61988
0.848661
2.78372
1.44983
1.7206
1.73352
2.92482
1.75663
1.47862
0.777889
2.58878
2.53331
2.27135
1.84813
2.39261
2.68557
1.55658
2.31863
3.37871
3.43188
2.02204
1.54177
3.17348
0.762211
1.93707
2.56652
1.36638
3.30222
1.05449
4.09861
2.95683
2.26087
2.64549
3.73948
2.77416
2.28264
3.54948
1.78507
1.92158
1.87023
3.20803
1.7215
1.55237
2.00365
2.64475
2.00962
0.748655
0.426732
1.94632
1.68084
3.19535
0.962454
2.4929
2.97246
3.28758
2.71501
3.41507
3.37836
2.54988
2.00433
2.1687
1.04694
0.666051
1.04409
2.21804
1.95582
1.60968
1.7624
2.58265
2.49118
0.872884
1.22593
1.97492
1.85422
1.5025
2.6861
0.776964
3.18533
4.08512
2.69316
1.2464
2.99246
3.64716
2.55856
2.27289
4.2069
3.49885
2.13939
2.38906
2.10376
4.20262
2.00373
1.5251
2.13577
1.27832
0.180092
1.72847
2.10703
3.09081
0.981686
1.66388
3.3152
2.13723
2.45073
2.40876
2.39922
2.86303
2.49167
2.79637
2.623
1.66016
0.801347
2.24417
2.61722
2.41945
2.07216
2.36674
2.10243
1.40169
1.7723
1.01546
-0.895623
0.643586
1.4765
1.10332
1.81087
2.10405
1.24767
3.59884
1.35971
-0.1442
1.19431
2.37212
3.41061
2.54301
1.93069
2.07633
1.50764
2.18017
2.99248
2.64502
2.71867
2.53684
1.87085
1.57458
2.51513
2.19863
1.56539
2.29103
1.15871
3.50644
0.733211
2.21296
3.31488
3.58329
3.03537
2.35849
2.82823
1.97678
2.62818
2.07987
0.879449
1.9332
2.08555
1.93439
1.92011
1.91673
1.64434
3.70173
1.69443
2.91033
3.35528
1.97194
0.484373
2.33209
1.98959
1.555
2.51415
2.86541
3.75197
1.95537
2.9074
1.70783
1.80351
2.57628
1.7995
2.40727
1.00909
2.74963
2.22187
1.7312
1.43757
1.26432
2.15506
1.11723
2.01645
2.76719
1.87323
0.921659
3.40322
2.44822
2.70836
3.33741
1.21282
2.05677
2.37054
2.4771
2.45523
1.67825
1.14497
4.24991
1.74728
2.02269
2.91021
2.10541
3.06412
0.946346
1.98752
2.19612
2.11204
1.63011
4.20488
2.02956
2.35835
2.3517
3.05418
1.23658
2.05216
0.804812
1.78923
2.97443
2.66884
1.69915
3.38786
0.362861
1.77304
2.34844
3.45298
3.05042
2.22544
3.3223
1.10152
1.6876
2.23719
2.03673
1.87199
0.797771
1.01182
3.13181
1.96323
2.37039
1.39819
2.88656
2.4912
2.45111
3.54854
1.77078
0.592391
1.04277
2.87079
2.52085
1.87583
4.65156
1.2119
1.90429
2.58271
2.91386
3.35367
1.86512
2.59469
2.8205
1.98201
2.52256
2.96077
3.58091
2.14028
1.3361
1.67282
2.5544
2.77771
4.10598
2.93998
1.59492
0.939639
1.28816
1.84646
2.22536
1.21299
2.20294
1.58078
1.66563
2.17232
2.61978
2.79743
3.61143
2.60552
1.50528
1.80637
2.35091
2.07109
2.7143
2.63156
2.1346
2.50345
2.33934
5.20118
2.92915
1.78541
1.75512
1.54008
2.46204
2.02681
3.37058
2.33038
3.30448
0.718986
1.82944
3.37714
2.08131
3.02229
1.53561
2.12796
2.29135
2.20518
2.40806
1.89039
2.6435
0.992923
2.71396
1.74467
2.17587
2.5593
1.31637
2.6087
2.97344
2.53115
3.21063
2.04723
2.01697
3.67853
4.10207
2.50665
1.19157
2.69271
1.9423
2.5733
1.94044
2.23067
1.64905
0.945825
0.073803
4.60181
3.94288
0.974025
2.05935
2.8358
2.70463
2.38884
3.07682
1.35197
5.007
3.14531
2.1847
2.47181
1.78195
1.89615
2.14572
1.08075
2.747
1.90229
2.74799
2.4116
2.6359
3.03489
2.96485
3.07966
2.58023
3.56655
2.28164
3.2403
0.506494
3.06405
3.84358
3.33654
1.21935
1.70852
2.09539
2.42905
2.1946
1.87786
2.59865
2.00743
2.34276
0.848979
2.16577
2.21617
1.90863
3.20307
2.73841
1.64845
1.16576
2.88346
2.24124
3.19948
1.03274
3.73352
2.35961
1.11078
1.59925
3.82186
2.86439
1.8011
2.56932
2.18195
2.81846
2.47848
1.70442
1.95063
3.24631
2.48071
3.5478
2.69752
3.55651
4.20998
1.88605
0.395659
1.41696
1.9496
1.31749
2.56884
3.76476
3.00349
0.234334
1.81325
2.12327
0.996247
3.60145
2.17101
2.21379
2.42414
1.82355
2.38025
2.85978
2.47542
2.49011
3.06032
2.50794
2.50271
2.63515
2.22795
3.24605
2.40488
0.959823
1.80267
1.28523
2.6533
5.26758
2.63473
2.24822
1.92471
1.69718
2.72608
1.02969
1.64729
1.95155
3.83842
2.28709
0.613237
2.70244
2.696
2.87555
2.77701
1.93806
0.664531
1.41962
2.04849
3.17817
0.651647
2.48583
1.23252
1.28141
3.07717
1.08529
0.354905
1.34065
2.28591
2.34044
2.86304
2.40985
0.362058
3.38169
2.12149
0.843553
1.33337
1.78062
0.90139
1.34822
2.1044
2.48724
4.19467
2.92361
4.20454
3.62629
2.55862
2.75179
2.71792
2.83874
1.41957
2.21684
2.96705
2.7447
2.69441
3.54805
2.61339
1.59647
2.88123
2.40189
1.28422
2.412
2.08247
2.60106
1.53665
2.10367
1.54474
3.11106
2.70483
0.736788
2.16441
3.77359
1.88119
1.72345
1.70885
0.903218
2.31474
2.79939
2.46241
2.29718
2.70086
4.12409
2.56692
1.18837
1.55145
1.0752
2.74816
1.97737
1.40517
1.17006
1.98657
2.27633
2.33795
2.99113
3.73912
0.139948
1.26568
1.10744
4.21429
3.72867
1.79003
2.38146
2.07905
2.23644
1.51244
2.17885
2.3655
1.85476
2.54395
1.05765
2.40032
1.78933
3.41887
1.46083
1.96173
0.952196
2.67655
1.16936
2.21899
2.67218
1.92317
1.2111
1.3575
2.07956
1.78681
1.55834
2.09998
1.0926
2.96956
0.731425
2.32543
2.16823
1.37291
2.45752
3.2328
1.61668
2.37811
1.4395
1.97449
2.06258
2.60432
1.23085
1.73583
2.48379
2.95473
4.19467
2.92505
1.96417
2.38384
1.25398
1.38863
1.87441
2.53589
-0.0588283
2.04731
2.77743
1.78182
0.713223
0.447804
2.41642
2.2894
1.22665
2.5042
2.94241
1.71803
2.60915
2.54593
2.94843
1.77974
3.22307
1.89103
1.65473
2.93976
2.82673
1.3043
1.29363
1.17437
2.12263
2.32562
1.69525
3.31081
1.73031
0.479029
1.15267
2.59497
2.1798
1.8442
1.5443
2.30531
2.98723
1.72642
1.33751
1.65869
2.8852
1.85747
2.88036
3.66886
2.7989
0.69985
0.736605
1.97269
2.11726
1.45591
2.36378
2.23359
2.72324
1.89355
3.79944
1.97063
2.72781
-0.0878966
1.86032
1.94394
2.098
1.4235
3.1835
2.49286
2.68641
0.85372
2.69222
2.70113
2.4722
1.44024
2.68396
3.62545
2.72803
3.02795
3.14851
1.34694
2.94228
1.81987
1.56815
2.20399
1.73327
2.45399
1.36117
2.11304
2.14245
3.84028
2.51718
2.40287
1.85997
1.82003
2.11706
1.31814
1.85641
1.90793
2.14443
2.14995
2.0097
1.18482
1.51472
1.37689
3.26731
2.87777
2.98831
2.04049
3.30524
2.48454
1.53523
2.13675
2.33875
0.827603
2.59142
2.77758
2.73593
2.82562
2.76156
2.14354
2.84183
3.28427
2.93318
2.44292
1.90775
2.20455
2.26065
1.52818
3.38519
2.57029
0.942863
2.97359
2.47157
3.28691
4.81088
2.33326
1.65989
1.43614
1.98294
0.513699
1.68394
2.00766
1.88918
2.74237
2.68101
2.94631
2.58881
1.39073
2.57378
3.34846
1.68302
1.96089
2.46506
2.95895
2.79003
1.16304
2.37306
2.79035
2.05205
0.723414
1.83791
4.28509
3.76105
3.08397
1.54894
2.00144
2.34833
2.44129
1.5964
1.90937
1.17275
2.64211
3.25633
2.7369
2.30927
1.41881
2.26192
2.61383
2.33103
2.42736
1.7536
1.64024
-0.325099
2.26527
1.12215
0.52828
1.62064
1.89709
5.09536
2.32165
4.24165
3.47587
2.04706
2.13439
1.07102
0.699964
2.01515
1.34193
1.42739
2.36849
3.16585
3.36697
2.2734
1.58881
1.44024
2.81158
3.54634
2.09761
-0.482984
0.945737
1.60038
2.42395
2.29089
2.97019
2.43643
1.64575
2.8272
0.501196
-0.452811
1.69516
1.71791
2.77423
4.11013
1.89478
2.52337
1.87387
0.799625
1.91783
3.32654
2.19675
1.72301
2.29511
2.46884
0.852304
1.79846
2.24147
2.82553
1.5985
1.91854
3.19506
2.12343
0.659058
2.12726
2.02803
1.76925
2.78539
3.54453
2.88677
1.32712
0.692638
1.34292
2.84154
1.21165
0.640973
2.22602
0.754836
-0.00832097
2.7933
3.03508
1.10173
3.57231
3.03964
1.98062
1.39841
0.965505
1.82999
3.59335
2.56149
1.19136
1.8519
2.85719
1.99286
2.24484
3.26009
3.23796
1.55942
1.63608
2.45082
1.85392
1.27754
3.19531
0.245561
-0.316423
3.55995
2.61149
2.03606
1.92388
2.02521
0.919311
1.28611
2.42871
-0.160933
2.39548
2.33256
3.05831
2.55125
3.53178
2.09522
0.0200503
1.03405
1.48406
3.01145
3.32776
3.05826
2.61433
2.722
2.95004
2.11149
2.76105
1.998
2.405
-0.0998484
1.33577
2.04998
0.974827
0.877668
1.71437
2.1864
3.02385
1.8611
2.09315
2.19297
1.1165
2.05638
2.43567
2.55467
2.35261
2.74013
0.902748
2.31226
1.85414
2.29273
1.33604
3.171
2.77267
4.06359
2.60392
3.64386
2.26818
1.78144
3.0519
2.88122
2.98839
2.60471
2.60693
2.32688
1.89452
2.19772
1.28692
1.32865
3.44353
1.68687
2.07222
2.64528
1.5256
3.35549
2.74921
0.863732
3.09014
2.69278
3.36674
3.1802
2.39359
2.2096
1.75976
1.59925
2.81872
2.13149
1.11269
1.68292
1.38158
3.17936
3.83713
3.48945
2.39513
3.73692
2.32445
2.51593
2.64827
2.60433
2.57419
2.77666
1.58903
2.02546
2.56563
3.63497
3.89047
3.52347
1.37508
2.34489
0.860775
2.54384
3.29565
1.07302
1.53483
1.50401
1.58286
2.81478
4.15471
2.94194
2.61834
2.0924
1.47634
3.02891
2.77626
1.12638
2.21856
1.48997
2.64273
1.14626
2.87301
2.08785
1.85551
2.51294
2.68805
1.35169
2.65307
3.59106
2.58847
1.48517
1.69357
1.94846
1.34123
2.12753
3.25164
3.37219
1.56459
1.85352
0.525142
2.15803
1.11039
2.39175
2.23722
-0.0567208
1.81636
2.22905
1.20124
2.975
2.41021
1.39772
2.51517
1.17673
1.21695
2.45066
3.4887
1.2187
2.76187
1.68484
2.58391
0.763917
1.99058
1.52141
1.61179
2.24543
3.23243
1.4429
3.48856
1.3272
2.29733
1.87721
2.32163
2.37623
2.81366
2.53719
3.0601
2.19494
2.09879
1.92624
2.67964
3.04322
1.56938
0.503781
2.58157
3.53457
0.385974
1.53001
0.423474
2.65328
1.82613
1.34504
1.03296
1.7444
3.24851
2.6789
2.05057
1.32347
2.60991
2.61083
3.79955
3.21614
2.30267
2.55285
2.08713
0.900422
2.88875
1.66151
0.0314822
0.881867
1.50641
1.81358
2.02184
2.26816
2.79363
3.01037
1.88251
2.32225
2.08248
3.85485
2.78242
3.83536
2.44035
1.90819
1.80083
1.31344
2.69477
1.13429
3.21481
3.51949
1.67597
2.19103
1.8808
3.35742
0.958508
0.780077
2.74481
2.16124
2.87923
1.86598
2.1278
2.14834
3.114
2.91984
2.75371
2.60403
3.41878
1.53142
2.28616
2.51114
2.0715
2.01604
0.952359
2.44666
2.15042
1.62078
1.49552
3.28035
2.91666
1.7982
2.5906
1.77343
1.7092
2.32899
0.759375
1.1405
3.27651
3.61325
1.10751
0.872841
1.94293
2.70826
2.33168
3.25881
0.794866
3.18238
3.32284
3.20538
2.15455
1.38906
1.93339
2.72407
1.72075
3.01435
1.81578
3.04382
3.26045
0.945748
2.5847
2.56595
2.7352
2.41147
1.85606
3.13853
1.29038
1.97144
3.5635
2.15569
3.33853
2.95761
2.72516
3.41012
1.60251
3.57221
1.82778
1.58698
1.70742
1.69638
1.19648
3.02141
2.19397
1.52017
2.30259
2.64878
0.51503
0.78724
3.44507
2.40002
2.37025
3.26091
0.132748
2.50383
2.43017
2.23853
2.91281
1.54927
0.761463
2.67926
2.68935
2.6737
2.50913
1.81807
2.68966
1.53813
2.76905
1.63063
0.3558
2.01321
2.80926
2.81986
1.58808
1.653
3.52976
4.02001
2.08159
2.87823
2.74666
2.9258
1.96343
2.83105
3.01613
2.25389
1.52917
3.15638
2.82772
0.777759
1.48416
0.700743
2.27017
1.05659
1.1951
2.9666
2.58039
3.00642
3.3339
2.11785
0.321607
1.39272
1.43573
2.89152
2.42812
3.17986
2.78903
3.53818
3.23228
2.52139
1.52228
0.728111
0.0313939
2.03484
2.93931
2.23818
1.34755
2.03898
2.26739
1.81095
3.36031
1.65245
2.75959
2.13074
1.15116
1.98729
0.380057
2.51027
1.2264
3.55176
1.23738
2.06835
2.90843
1.81499
2.68239
0.655178
3.15053
0.585662
1.52269
2.03986
1.73806
2.20755
1.41688
3.03939
2.49183
1.59285
3.86986
1.35864
2.13455
3.72773
1.98829
2.36358
2.1147
2.50457
2.10147
1.90299
1.81043
1.89888
0.0204031
1.16013
1.62668
2.07484
3.55936
3.27449
1.70017
2.17898
3.34667
3.35047
0.273675
1.69591
3.58761
2.8755
1.73957
3.44479
3.01625
2.41871
2.71316
1.86169
0.990142
1.33644
3.30979
1.83193
2.03632
2.37203
2.72028
3.03761
3.38112
1.76141
1.12318
1.24658
3.90555
1.2789
2.06608
2.52645
0.463467
2.33565
1.84953
2.2772
2.46663
3.12877
2.43783
2.37418
1.02386
1.07516
0.855515
1.77905
1.32054
2.26871
2.42525
2.85493
2.75161
1.56664
2.6966
1.82745
1.95594
1.46598
2.32949
3.25668
2.68106
2.70963
3.09154
3.39242
4.11783
3.71373
1.81968
0.981443
1.44901
2.03472
4.65072
2.67517
0.700556
1.15667
1.52613
3.24999
1.93419
2.02035
3.19385
2.58702
3.5328
2.65437
1.23571
2.32407
0.758404
2.03366
1.25303
0.63326
1.52159
2.52504
3.17602
1.65237
2.94149
1.97978
0.991674
0.985643
1.80307
0.0953201
3.71979
2.1021
0.625431
1.98117
2.98992
3.80401
1.75776
2.68386
1.76801
1.8841
1.41748
0.777995
0.980757
1.98835
2.2498
1.66897
1.74439
3.18436
2.0397
1.34593
1.78408
3.20852
2.82534
2.56184
1.36052
0.913949
0.797769
1.52646
2.17956
2.61703
1.68255
1.06407
1.89351
1.50888
1.96708
3.85287
3.09996
2.28707
3.40523
2.20589
2.29286
2.16068
1.69992
1.37575
2.14099
2.91816
2.21623
2.49908
2.45152
1.97174
3.32774
1.39297
1.84592
2.02639
2.05077
1.99907
2.92721
1.00313
2.87493
2.5628
3.879
0.491744
1.88425
1.79957
3.64115
1.02245
-0.287045
0.686224
1.13639
2.22511
0.747006
1.31364
-1.07764
1.72974
1.753
1.86544
4.52531
1.83004
3.08384
2.26616
0.48189
3.52967
1.59069
1.98723
2.54669
1.26417
1.81972
2.44971
1.05869
0.890962
3.32044
3.20658
0.388773
2.78235
2.92828
3.48945
1.47435
3.56157
2.44648
1.13812
3.46206
1.7256
2.64314
1.29367
2.53566
3.50254
2.06628
1.37137
0.943319
2.47079
0.686681
2.00338
2.36031
1.78948
1.72447
1.69557
0.374623
1.94553
1.96238
2.05354
2.47361
2.7791
1.84621
2.70806
1.43015
1.57397
1.94203
2.56706
2.14018
1.80268
1.91987
2.66314
3.30102
3.21296
3.82878
3.4209
3.65083
1.2716
1.43538
0.343416
1.67075
1.38598
3.60742
2.02894
2.39693
1.39679
2.32371
2.71212
2.07999
2.07847
2.23282
2.26871
2.02531
1.65381
0.553863
2.44912
2.93159
2.92775
1.3114
2.33122
2.13
2.01348
2.87076
2.88115
1.3899
0.453482
3.77698
2.84752
1.41567
2.34962
3.56934
1.73028
2.46287
2.64438
0.90267
0.512904
2.62892
1.2941
1.09134
1.12007
1.44084
2.70319
0.360651
1.28093
1.88528
2.05693
2.25942
1.76415
0.975064
3.43277
3.27915
4.08675
2.68744
1.63169
1.75226
2.76294
2.34108
2.5961
2.41221
2.40165
2.48872
2.72894
1.14005
1.43597
2.32282
2.16413
2.45671
0.999192
1.91295
2.12442
2.19845
2.03401
3.40347
1.85546
2.75022
2.63983
4.14734
4.15952
1.71018
1.37125
2.33023
1.36363
1.81152
3.11592
2.52513
2.12219
2.69781
0.72269
1.64194
1.35506
2.50532
2.1558
2.26911
2.5636
1.74557
2.85411
1.97175
2.41853
2.28313
1.11783
0.732664
2.4709
0.488164
2.94644
1.838
1.19835
3.46362
2.0626
1.09471
3.79182
2.235
2.64748
1.39884
2.66562
1.46548
2.1792
2.42732
3.29437
1.39627
3.29502
3.0894
2.56061
2.26202
1.61299
1.643
1.99405
1.02695
2.33695
1.75962
2.79556
2.07022
1.91763
1.63067
2.91668
4.03139
1.70037
2.52415
1.93651
1.13118
1.38897
1.67067
3.05244
3.42692
2.66219
2.95932
3.70027
4.16589
3.24939
2.41876
2.25156
3.68149
1.47682
3.85279
2.09249
1.88069
2.25441
3.20148
2.52807
2.11465
3.91123
3.3761
2.87495
2.25941
2.19001
1.29993
1.2179
1.52536
1.56966
0.826154
3.4966
2.42165
2.90557
3.77805
0.413687
1.47915
1.01762
3.43358
1.51044
2.39954
2.86099
2.97623
1.60902
2.75916
1.45821
1.02702
3.39821
1.16532
2.26864
3.06077
3.99532
2.45445
2.2038
4.34215
3.73666
1.96275
2.60744
1.67852
3.74866
2.88222
-0.403259
2.73646
1.24686
2.47872
1.34211
3.25351
2.76969
1.23667
2.83975
3.46091
2.32416
1.38911
1.02471
3.62264
3.41419
1.23476
2.85335
3.09089
-0.053947
1.66253
2.52322
2.11587
1.93294
3.29073
2.86071
2.95837
2.15634
2.33716
3.4883
3.16707
2.95747
2.77417
1.51802
2.86353
1.89357
2.99278
2.4139
2.19233
2.8415
1.62013
1.8091
2.27626
2.82272
3.00591
2.7471
1.82319
3.07727
1.66855
2.31852
1.80795
1.77407
1.28746
1.60237
2.91679
1.21942
0.675667
0.845309
3.25102
1.91198
1.49498
2.96296
1.38025
2.36458
1.14325
2.36098
1.12212
3.31658
3.08114
1.03707
1.8358
2.70366
1.43686
2.3548
2.48357
0.247724
1.72369
2.43733
1.31965
1.98335
3.21452
2.30196
2.86571
2.58512
2.96497
2.53705
2.65395
1.44562
1.5101
1.03883
2.1292
0.803836
2.70627
2.82424
1.61786
1.59426
1.51866
1.01032
1.57854
3.25974
1.63842
2.72787
2.31714
2.80736
3.32401
2.82858
4.45617
2.56383
2.79976
1.3848
0.914905
1.42712
2.87737
2.76274
1.78572
3.20518
0.680218
1.40787
1.28485
2.02152
1.22384
1.39438
2.42991
1.45016
4.10691
1.2442
2.68392
2.44823
1.81092
2.69201
3.34103
3.609
2.04411
1.83378
3.63562
1.98753
1.57425
0.820263
1.36879
2.04764
2.33713
2.83257
2.09779
3.12591
2.25125
2.46566
1.23676
2.003
1.053
2.71297
1.63811
1.86919
1.82702
3.64958
1.87783
2.68449
1.97492
2.5002
2.04149
2.72378
3.31015
3.28518
3.45246
1.85205
1.63947
2.12149
1.48628
0.654332
3.0351
3.22547
1.50804
2.41031
1.39167
2.6342
2.82574
2.04784
2.34116
0.83018
2.53488
5.39724
2.35933
2.40278
0.373796
2.55459
1.07682
2.45733
1.71055
1.7538
3.07294
3.49642
2.65116
1.28488
1.53595
2.12909
0.903427
2.51514
2.62181
2.89558
2.78833
3.47333
4.57319
1.37584
2.21542
2.09674
3.09643
2.88218
3.15376
1.77554
2.80145
1.82915
1.49963
1.39027
1.93118
1.79082
3.45162
4.09306
3.92351
1.97931
0.806429
0.682582
0.65517
1.13988
2.40319
1.60594
2.1994
3.23399
2.33897
1.71262
1.96431
3.79151
3.83658
2.82721
2.44744
2.26692
0.595588
0.494054
2.35171
-0.211755
1.61612
3.3495
1.74218
2.55069
2.37664
2.46923
2.77419
3.68777
3.36988
1.85101
2.8768
3.09573
1.96567
0.939782
2.83967
2.74713
2.47932
0.636824
2.55359
2.91366
2.45939
1.66303
1.97259
1.52086
2.98281
1.07623
2.7452
2.53152
1.82424
3.31851
2.5216
2.16881
3.02508
2.52582
1.85946
1.44622
1.79469
2.97608
2.16948
2.14706
1.70763
2.92737
2.31939
1.9299
2.79862
0.90083
1.9624
2.00378
1.39471
1.82913
1.47892
2.71855
2.72613
0.860795
0.737066
2.26928
1.72078
2.46302
1.66533
1.28545
2.06504
2.43851
2.59733
2.05617
2.53393
2.6562
3.35954
3.88319
2.45268
2.08097
2.11487
2.43254
1.17314
2.10495
2.00036
2.95561
2.23784
2.03282
2.40389
2.11887
1.54797
2.2334
0.99448
2.97562
0.919768
1.38589
2.31291
2.76669
1.76555
2.1661
2.52456
2.6166
1.50722
2.49756
1.60406
3.11009
3.30712
1.53875
2.36023
2.47804
1.78123
2.27055
1.07974
1.90204
1.31734
1.1766
4.85705
1.61362
1.6018
1.97219
3.02338
1.64964
1.58808
0.901165
0.803678
2.77209
1.62574
1.96457
3.27202
2.17754
2.5929
3.57559
1.28532
2.93412
2.02487
2.67152
1.25603
2.489
3.42331
1.91434
1.26868
2.19562
1.34116
1.74477
2.00472
1.60551
0.672342
1.29659
1.92702
1.99502
1.38599
1.7934
3.83521
2.02604
1.63612
0.889617
2.03625
0.907041
1.10901
2.02219
2.8414
2.15448
1.55902
2.29586
2.00841
0.853719
0.140067
1.33967
1.77618
-0.119868
1.80395
0.95611
1.37234
1.24544
0.934657
1.16862
4.56723
2.07136
2.31009
3.40354
1.54906
2.02523
1.38103
3.21348
1.99407
1.85571
1.3703
2.12057
1.09486
3.63814
1.9195
2.47088
2.38936
1.45261
2.62251
3.3125
1.96909
2.90765
1.7567
0.966801
1.52998
1.84378
0.143137
1.3362
0.957457
2.39488
0.816799
1.06016
1.26772
1.42006
2.10866
1.87207
1.15768
2.41217
2.54952
2.85085
1.62818
2.59678
1.25181
2.80175
2.32459
1.93917
0.855144
2.81213
0.981152
2.73546
2.1583
3.52068
2.55437
2.08302
3.4307
2.21756
1.78993
1.81619
0.870105
2.21043
1.75501
2.1177
1.47928
3.43556
3.1466
2.6425
1.3921
2.07835
2.34688
1.69734
1.26805
1.73907
2.03706
2.35898
2.25661
2.39463
1.75911
3.29478
2.27992
3.14295
2.37685
1.38733
2.57923
2.0231
2.61172
1.99875
1.77342
2.74217
2.19431
1.56972
2.54236
2.15561
1.23665
1.3644
1.23614
2.64131
2.05022
2.71291
4.35354
2.14665
2.41247
3.39409
3.30367
1.7896
1.63566
2.14521
1.9742
0.345713
2.29087
3.27273
1.36533
3.12813
1.82374
1.57962
4.0016
2.11914
2.70317
2.77826
1.63699
1.90762
1.88092
3.30103
2.36422
2.60884
0.223184
1.61478
2.26634
2.84345
2.57909
2.29591
2.99725
4.12463
2.52481
3.3529
1.76767
3.89114
2.55823
1.83242
2.46199
2.63612
2.56262
1.77757
2.43239
1.13775
1.80189
1.7789
3.40857
1.68198
0.772701
1.73375
3.65795
3.88581
2.59049
1.55041
2.4009
2.67671
1.87945
2.29104
3.79835
0.595903
1.82423
2.65512
2.12603
2.53732
1.16126
2.98012
3.92649
2.13192
2.29579
2.77093
3.97943
2.95597
1.98599
3.39748
3.68289
1.72977
1.87212
0.599809
1.58745
3.50288
1.51965
1.82487
2.05739
0.810741
2.97663
2.48084
0.925822
2.30017
1.93962
2.08839
1.56649
2.52744
2.45824
3.28327
1.65976
0.637443
3.29115
1.89802
2.0652
3.56887
3.41132
1.70361
1.57716
1.92637
0.682974
1.87173
1.61405
0.765877
1.79671
1.99538
2.19419
4.19683
3.54953
3.73599
2.59932
3.00178
3.56333
1.66086
3.28371
2.19752
2.58006
0.966572
3.33537
2.64117
1.67254
2.61012
3.28433
1.88935
2.97675
2.03256
2.14345
2.622
2.97312
3.29386
1.8966
2.29224
2.49632
3.31701
1.97741
4.32503
1.21602
-0.182187
1.40247
2.35874
2.60469
3.68094
-0.299425
3.48273
2.46642
2.73741
1.74425
3.05483
2.27853
1.03911
3.46203
3.9189
3.17447
2.09217
2.48391
1.64507
1.96956
1.81569
1.03658
0.552472
1.15361
2.56999
2.18591
2.24035
2.03733
3.24316
2.16401
2.06098
2.10003
3.01951
2.63602
1.03371
2.84779
1.56414
4.12
3.45118
2.44064
2.49102
2.092
1.23155
3.5549
2.61174
2.69425
3.4728
0.714422
1.68737
1.73874
0.934192
2.07524
1.52744
2.32145
3.30476
1.58555
3.18262
3.58942
2.70089
3.0379
3.27296
1.88684
4.12957
2.87543
2.91962
0.570861
2.44162
1.74339
0.686226
1.10024
1.40828
2.49431
1.81395
1.44216
2.23035
0.91024
3.66594
3.00762
2.38321
3.07235
2.08164
1.86154
2.5728
1.67755
3.18277
1.63807
1.97102
1.38642
1.58077
2.82557
2.12642
3.24457
1.69301
1.93766
1.35993
3.87801
2.23485
2.97661
2.63016
2.93521
1.3683
2.81877
2.27771
-0.0738451
2.89951
3.88701
3.69776
3.14022
3.4289
2.66904
2.85887
3.05794
1.4657
1.74464
0.737781
2.27734
3.77074
3.94374
0.967239
2.98808
2.3358
0.227741
2.63445
2.65647
2.99592
3.22576
3.33368
1.04442
2.5402
2.41575
1.49361
2.83711
1.2696
1.73904
1.93801
2.82697
2.20412
1.66496
2.86478
3.75164
2.24682
2.23701
1.80098
3.85651
4.07031
3.56391
2.7093
0.25414
1.2594
2.18829
1.62764
2.6683
2.39315
2.57612
2.05321
2.13636
3.31118
3.36756
1.42521
1.65565
2.16382
2.90129
2.58078
2.32178
3.0888
1.98529
1.28718
2.56012
2.98866
1.38488
1.14944
2.71058
2.39223
2.68258
0.695468
2.66579
2.46053
2.21519
2.87574
1.53689
3.4728
2.47553
2.63431
2.83257
2.90672
2.62563
2.64192
2.57974
3.0836
1.57698
1.44576
1.95995
1.58128
2.76058
3.14493
2.72334
1.54778
2.13792
3.15408
1.89964
3.87521
2.65906
1.51772
1.69435
2.59446
2.71521
2.68318
3.58669
0.590184
2.78097
1.91812
0.568495
1.54418
2.36869
3.4347
1.00613
1.40848
1.83445
2.3081
1.82714
2.02246
2.10651
3.11505
2.57176
2.39234
3.75839
2.73825
3.93025
2.58499
2.76086
1.06764
2.02442
1.31989
1.8727
3.29025
2.2245
3.39061
1.85388
2.05549
1.69114
3.39667
2.41416
3.20907
3.84908
2.8507
2.46412
2.35229
2.62974
3.16097
4.14431
2.36649
1.70569
2.14882
1.85791
1.81564
2.69199
1.19221
2.82907
1.37957
1.85804
2.57127
3.18883
1.74454
2.44776
2.33534
2.96267
2.0594
1.30088
1.89079
2.37091
2.44394
1.8587
1.98649
2.77775
3.69983
2.10304
1.71692
2.56087
2.13396
2.86775
1.36632
2.17947
2.01274
0.470825
-0.230256
0.22518
1.51852
0.472921
3.32251
2.47521
3.00168
1.43221
1.64866
0.975659
3.03772
1.87201
1.75017
0.655189
1.99225
2.66956
2.46941
2.64012
2.71219
3.0867
0.968206
3.39591
2.49709
2.21825
4.02825
3.45348
2.83198
3.03908
2.47722
2.58296
2.56
3.85819
1.88971
1.56184
1.58364
1.90126
3.06718
2.16579
2.6651
3.75746
1.74815
1.4937
1.55596
2.92011
2.38191
0.448432
1.30991
3.56929
1.74411
-0.124245
0.613463
2.77329
3.13483
1.24974
2.14641
2.63897
2.34559
0.940404
2.20299
1.72789
1.11567
2.00631
2.72824
1.25591
1.03233
2.81003
1.66195
2.13499
1.67723
1.10668
1.84363
2.35565
2.21193
1.81388
1.95229
2.33824
1.85482
3.16071
2.12697
1.86041
2.27133
2.35396
2.68958
1.36929
3.00899
3.82145
3.37145
1.61292
0.80597
3.08833
1.69783
1.98427
3.68778
2.1932
3.11484
3.23725
2.10535
2.88675
3.5625
2.58356
1.79728
1.52202
2.67765
2.12268
3.4822
1.41817
2.23177
1.57648
1.22947
2.43407
2.81467
1.6393
2.10157
1.85745
1.9958
0.716194
2.9529
1.57189
2.41624
2.89514
2.63112
2.11986
2.69152
0.872177
1.86824
2.82302
2.14289
1.32182
2.19993
2.09092
1.85357
3.22746
2.67765
1.911
1.84154
3.90494
2.96972
1.78811
2.15997
2.46573
2.7374
2.62294
2.45952
2.17169
2.38097
1.5875
1.86932
2.11116
3.1424
1.50808
0.805685
1.8062
1.64315
2.29412
2.49707
2.2132
1.10547
1.25384
2.51352
1.99724
3.15017
2.08889
2.34705
2.05447
1.40806
3.02978
2.61918
2.05597
1.732
2.20696
2.31774
2.58986
2.81233
2.51326
2.63531
1.21638
1.59338
3.41409
1.24134
1.97434
0.927497
2.67969
1.91006
2.44684
2.25496
3.12239
3.27405
2.65736
2.55916
1.99474
2.18537
2.07764
1.35936
2.5282
0.946515
3.44483
0.918788
1.71009
1.65289
2.76595
2.29928
1.94684
2.53556
0.264947
0.88095
3.17186
0.847012
3.34957
2.91666
1.642
1.15532
2.85138
2.35716
2.18047
1.92741
3.12543
2.40239
1.73789
3.28939
1.5396
1.4819
1.342
1.17887
2.05324
2.70815
2.98627
3.65364
2.87572
3.74851
2.41767
1.88278
1.95175
1.67848
1.16101
0.561523
1.93505
1.46972
2.00072
1.26515
1.77862
2.55592
3.34343
2.86959
2.11522
1.05953
3.83627
1.94906
3.68991
4.28916
0.580034
2.2463
1.55949
1.13859
1.14947
4.05505
2.88956
2.26952
2.42345
1.62024
2.14625
3.18803
1.20417
3.22344
0.789137
1.06914
1.21214
2.80432
0.828649
1.45516
0.514821
1.20017
-0.0550012
3.30579
1.55908
2.68122
3.38845
2.42281
2.23306
2.14184
2.39136
1.05255
2.78482
3.36272
2.28069
1.74329
1.5086
2.40929
1.67049
2.62019
2.48291
1.89969
3.34494
1.03746
2.55532
0.644855
3.0045
1.0252
1.33229
1.41334
2.12212
3.66742
3.30858
3.75999
4.14948
2.72779
3.10509
2.37437
2.46064
3.10503
1.75862
2.58307
1.97629
1.92211
2.39667
2.40063
0.419649
1.91839
2.03509
2.63331
2.09651
1.48818
3.17624
2.04236
2.71848
0.341059
1.06362
1.93896
2.50878
3.39044
2.21411
3.36015
1.46343
2.01799
3.71131
2.57672
1.82556
1.39131
2.70316
2.89772
2.6936
4.22673
2.14904
2.46933
1.98353
2.23087
3.18146
1.37609
1.76973
2.65464
2.44435
2.51232
2.04077
1.90896
2.82593
2.26808
2.09777
3.07383
3.01259
1.96101
2.72553
2.2983
2.47344
2.8077
3.14136
3.09557
2.04289
1.94811
1.85057
2.44389
1.6795
1.83033
1.43443
1.84059
2.91963
1.95946
2.38284
1.98207
1.7959
2.43139
1.64014
4.0011
2.27675
2.91759
3.2708
1.93444
2.80407
2.29235
1.64481
2.58043
2.76225
2.06563
2.25141
3.20192
2.80555
3.63174
3.661
3.60864
1.87293
2.71049
0.655049
2.03568
1.27154
2.67899
1.78379
2.18235
2.50173
1.44033
1.40617
2.00121
0.637435
0.998775
2.0867
2.64653
3.34395
1.07106
2.56562
1.0124
2.53502
1.28712
1.4498
2.25399
1.45379
1.83625
3.03963
1.63249
2.89155
3.08879
3.08215
3.04537
3.48269
2.23728
2.51939
3.72514
2.28051
2.12175
1.97833
3.55904
3.2724
1.65732
3.77238
2.99764
1.14514
3.20006
1.96169
3.88449
2.9471
1.67477
1.45091
1.93689
1.04002
4.07613
2.74342
1.0527
2.03239
2.24081
0.458433
1.50949
2.78796
1.43338
1.73245
1.52311
1.68089
2.75538
4.5393
1.83621
3.12049
3.75278
1.37602
2.96024
3.19684
3.3009
2.18111
2.68395
3.82492
4.01097
2.51337
1.78524
2.71618
1.75339
2.48282
4.4495
3.06308
2.94514
2.26928
2.05837
1.19089
2.24932
1.3339
3.52104
2.10578
1.70858
1.49963
1.74699
2.08662
1.34635
1.21762
1.03717
0.544688
2.42222
0.739259
3.51068
2.99033
2.16442
4.40609
3.76737
2.22945
3.34746
2.30287
2.13598
3.07983
3.09011
2.50644
1.79531
1.9682
1.61629
2.70586
3.27673
2.27526
2.37978
2.40016
2.29712
2.34668
0.837682
3.31354
2.53434
2.024
3.38292
0.798004
1.66164
2.56113
1.55206
1.45348
1.70375
2.23896
2.32373
1.82074
-0.330996
2.34368
2.8138
2.37485
2.03562
2.26227
0.934018
1.16779
1.93178
1.15438
1.58339
1.02469
1.43096
1.93052
2.18587
2.10109
1.63361
1.98323
3.04764
0.953975
3.02443
2.96041
3.0359
2.56904
2.27541
0.92144
2.34849
2.96547
2.94216
1.71795
3.28513
3.30732
1.92244
0.429016
0.710354
0.743807
1.32757
3.22085
3.58883
2.87209
2.36978
3.67333
3.47332
1.88025
2.42129
2.66877
1.60777
3.15088
2.85024
2.837
2.40142
1.67383
1.12198
1.35839
2.50885
2.09331
3.57919
2.59803
1.56701
0.963721
0.761985
1.40542
2.09071
3.41822
1.37148
0.822553
1.1032
0.572122
2.21949
2.37181
1.86496
3.061
1.62983
1.42442
0.467227
0.839108
2.97299
2.96986
2.47809
2.52359
2.67568
2.01555
2.26362
0.892193
2.97402
0.366903
2.74037
3.20258
2.16051
1.57132
0.781928
1.30646
2.4505
1.68002
1.66704
3.80869
1.71916
0.887909
4.18955
2.8982
2.38029
1.8859
2.01569
3.82814
2.8668
2.73173
0.52298
2.03318
2.50645
2.03886
3.06642
1.83455
1.62275
1.88822
0.560139
1.33885
1.42924
2.83289
3.26323
3.10206
1.41728
0.405283
1.72697
2.84686
2.23726
0.754449
2.201
2.84319
3.33811
2.28581
1.92705
2.68821
2.92086
2.14603
2.13069
0.918243
1.42182
1.6498
3.20655
2.09923
2.5437
1.93967
1.74393
2.00085
1.49081
3.01792
1.68645
1.48541
2.13748
1.73649
1.08533
3.45186
2.36926
2.56663
1.98426
1.77058
1.75123
1.80573
2.32331
1.91307
3.14215
1.27646
1.68962
3.16647
3.15627
2.70185
1.78171
1.37112
2.3039
-0.158432
2.88015
1.64637
2.37329
2.1265
2.51673
1.69113
1.90417
3.13116
2.01271
3.0786
0.789281
2.39937
1.09323
2.63178
1.47611
2.98326
1.23574
2.66067
3.58999
1.91767
1.4717
2.27556
3.03815
0.567051
1.93295
1.95229
2.76603
3.35955
2.39556
2.62276
3.05967
2.57067
0.906431
1.40588
1.40024
1.28693
3.5513
2.70914
1.78391
1.90588
1.61505
1.52091
0.728488
3.15833
1.37674
1.7087
3.33449
2.133
1.50047
-0.271847
1.46244
2.51274
1.83843
0.690863
3.40252
3.08272
1.96318
2.96464
2.50682
2.6212
2.96796
2.71085
1.9442
1.58599
1.55025
2.52671
2.03253
2.08828
1.74573
3.01029
2.82183
3.70742
3.51783
2.60145
2.60178
2.71911
3.149
2.44222
2.98342
2.3533
0.286378
2.18727
1.3707
2.39696
1.49482
1.22021
1.62097
3.13721
4.37913
2.70842
1.94028
2.0337
0.609629
1.94676
2.50796
3.85716
2.04534
1.44337
1.44891
-0.352065
1.83168
3.89098
2.6476
2.15214
1.686
2.48122
3.04073
1.14603
3.9177
2.93718
2.57177
1.97308
2.15604
3.81909
2.4269
1.47927
2.39915
1.42017
2.25645
2.44078
0.813724
2.45262
2.13234
0.615474
2.59604
2.81861
3.20559
2.66878
3.09051
1.09305
3.1759
2.7194
3.29139
0.559814
0.489228
2.02463
1.71138
1.56824
3.1581
2.67585
2.019
3.01234
1.58964
0.89281
2.21781
3.96476
2.51585
1.51164
1.09506
1.29944
2.29055
2.29042
2.01768
1.68846
2.5127
1.56026
1.71455
1.06244
1.74485
2.78898
3.64851
1.73787
2.0177
2.93559
1.18781
2.50154
2.60856
2.70976
2.81235
2.19954
1.38797
1.95826
3.28327
3.01402
1.52382
2.57878
2.60737
2.00066
1.75022
1.1627
3.02069
2.09826
1.71991
2.70111
2.52601
2.37098
1.45004
1.39735
1.86914
1.98457
2.01453
2.331
1.70069
2.54031
2.25757
1.38676
0.450047
1.37258
2.3369
3.07257
2.35636
2.42138
1.95408
2.94715
2.28726
2.72152
0.856887
2.40837
2.69751
3.33789
3.37252
2.8307
3.66157
1.17487
2.5377
2.10466
2.44767
1.38176
1.63152
3.39123
2.12171
1.45927
3.34622
1.9081
1.79086
2.13468
2.19394
2.4009
2.65831
2.36997
2.98348
2.82112
3.42885
1.97222
2.54466
3.78287
1.54449
1.11762
2.98131
1.54975
2.74218
1.89324
2.31623
1.20484
3.07387
1.74423
2.35006
2.59419
2.53336
2.00424
2.38962
1.39632
2.37785
1.94786
2.56105
2.89028
1.88168
4.20339
2.77556
2.36714
2.77239
1.93201
2.10694
1.95213
3.00761
1.15381
1.06427
2.29625
0.630757
1.59363
2.76938
2.28038
1.30918
1.32858
1.57535
2.57668
2.25575
3.29232
1.17921
0.678332
1.73899
2.10071
3.23904
2.86823
2.4822
2.94698
2.7266
2.57119
3.44225
1.82259
2.61921
3.32256
2.55971
1.28183
1.42741
2.58614
2.70993
1.98336
3.44041
1.62343
2.60496
1.99015
2.12837
3.69216
1.22204
1.22194
2.07619
1.90985
1.33256
0.579642
2.74897
3.4889
3.47895
3.62843
1.57978
2.46773
2.1132
2.08535
2.15484
2.41556
2.61747
0.918848
3.11492
2.33105
0.851231
1.33512
2.39428
1.33046
2.12634
1.50708
3.17108
2.27962
1.16669
1.07118
1.59589
0.419581
1.95439
3.08256
1.74626
0.572707
1.8828
2.09448
2.86888
1.82117
1.91858
2.33093
4.24789
2.27751
2.14898
2.52403
1.44652
1.22779
1.66542
2.38671
2.29443
2.25526
0.736136
0.866475
0.292344
0.275905
1.10588
2.57304
2.1578
3.18423
2.25068
1.58177
2.1934
3.17667
1.21156
2.79492
2.15864
2.47454
2.93364
1.1398
1.51404
0.28161
1.19113
1.51052
2.1592
1.92201
2.05189
1.75306
2.48237
0.55714
0.441311
2.07166
1.2499
0.758751
2.19491
1.82012
1.88419
3.2274
2.13195
2.03723
3.95178
1.52753
2.50079
1.46469
1.76057
4.12454
1.87667
2.79412
2.80371
1.55152
2.21741
2.0893
2.43891
0.374573
0.707458
3.21955
2.30715
4.08118
2.55341
1.99219
0.619484
1.77538
2.51826
1.31845
3.2736
3.08287
2.55561
-0.243333
3.32188
1.30942
3.2192
3.94083
3.89742
2.82386
2.37086
2.6662
3.06369
0.983694
1.47283
1.08071
2.66728
1.64168
1.29319
2.09046
3.83814
1.96502
2.57327
2.94282
1.7001
3.00719
1.71687
1.36009
1.48741
0.935807
2.18459
2.83718
0.779722
2.90108
1.29478
3.18177
3.30274
2.62899
2.11126
3.02075
3.06854
1.59493
1.61597
2.23276
2.12212
1.8832
1.91186
1.92925
1.71904
2.2273
1.67363
2.56072
1.76079
3.06571
2.43988
1.04302
1.36993
2.44638
1.62356
2.60629
1.36413
1.87834
2.40101
3.66038
-0.057753
2.28384
1.93105
2.4911
2.68094
2.75707
2.27167
1.13682
1.44048
1.69012
2.4348
2.50001
2.53308
2.59643
3.32649
3.71179
1.14508
1.37814
0.867747
3.97058
2.15549
3.78853
2.07745
3.25299
1.22885
1.90283
1.36411
1.92301
2.83967
2.87243
3.7728
1.41779
1.63749
2.39796
3.62612
2.52538
2.67739
2.02143
3.35778
3.19434
2.60613
2.726
1.04685
1.2003
1.62761
1.70177
3.23343
3.21102
2.15019
1.35601
2.30025
2.32078
2.88042
2.24095
2.06158
4.02835
1.78945
1.73045
2.70726
2.64907
1.79768
1.87299
2.33041
3.62611
3.0796
2.29351
2.73905
0.582889
1.08466
1.1061
2.13961
1.02941
1.06714
2.46388
2.3443
2.69038
1.12024
2.0472
2.3834
2.03462
2.38236
1.75485
2.24262
4.00628
1.25161
1.74024
2.38062
1.89686
3.26799
2.4146
2.22982
2.29477
2.00499
1.26707
2.63833
2.62714
2.26807
1.64118
1.3621
2.41588
1.03834
2.76433
2.31708
0.977414
1.11372
3.17986
3.7585
1.1209
2.89661
3.47181
1.18494
2.13546
2.92885
2.09232
2.8588
3.09028
0.933471
2.55822
2.25907
1.67176
3.5126
4.54719
1.19009
4.05272
3.97498
2.42325
3.77475
3.40745
2.89478
2.85113
2.54493
2.1873
0.979796
1.34791
3.55804
2.14781
3.14424
0.144579
4.16979
1.87675
1.10361
1.55498
0.995956
0.98121
3.1503
3.56797
2.05843
2.41393
1.74445
2.2762
1.54242
2.1811
2.26481
1.53379
0.531348
1.71698
2.58681
1.63153
1.51389
2.15833
2.21786
2.30351
3.16814
1.94377
1.57982
1.77116
2.33327
1.31352
3.34614
3.64876
2.49028
1.4491
2.08955
-0.00297559
1.38169
3.57076
2.4541
2.74742
1.36097
3.19275
3.46676
3.87583
2.95029
1.69457
1.69223
2.60892
2.82505
2.35133
1.21253
1.91502
1.5861
2.37216
2.75926
1.38943
2.18425
3.29272
3.26315
2.26268
2.68204
1.85674
3.55709
2.35724
2.30792
2.82106
2.04482
2.98774
3.02731
1.33368
0.198594
3.25348
1.76397
2.76845
2.51979
1.92593
1.90701
2.39381
3.27502
1.56282
2.40418
4.40939
2.76098
1.65908
2.87904
1.26275
1.86316
2.81255
1.69859
2.75982
1.55403
1.5556
1.02825
2.69234
3.69412
1.21909
2.04148
2.5567
3.55124
3.58391
1.58067
1.64421
1.33363
3.66211
2.46324
1.67908
1.8286
3.27399
1.46432
3.51784
1.954
1.96564
0.243821
4.25942
2.82609
5.17567
1.44829
1.08133
2.28468
2.08254
2.16584
1.72865
3.31147
2.13005
2.11836
1.73636
1.4346
2.45539
1.53951
3.63349
2.87073
2.35737
2.45159
1.87239
2.87247
2.90805
2.21646
0.62583
1.6713
0.556078
1.73412
2.48497
3.62096
2.34999
2.5923
0.553008
1.97714
2.56442
2.7498
3.17272
2.84202
3.02654
1.89121
3.10887
2.15764
1.81903
0.359115
3.00304
2.5333
2.02209
1.44748
2.34525
2.16183
1.4035
1.35568
3.82803
3.43044
0.307816
2.20788
2.07054
3.39863
1.71873
2.74991
0.810948
3.04989
1.5091
2.59901
1.8635
3.61945
3.11389
3.18138
1.78316
4.2154
1.39333
1.8792
2.00299
2.37257
2.46977
3.29022
1.21877
2.52606
3.49748
2.92638
2.15207
3.27173
1.49763
2.3727
3.46988
2.65536
2.43012
2.31881
2.03334
2.12088
2.89126
1.2651
1.18383
1.67321
1.91346
3.09033
1.321
2.80891
1.70071
2.54957
1.51362
1.71227
0.669461
1.37284
3.0632
3.25872
1.16441
2.3572
2.94218
2.32546
2.49281
2.87323
1.72225
2.78859
1.76071
1.73661
3.50721
2.08894
4.89985
2.22226
2.19589
2.08129
1.94639
0.66376
2.1388
1.30811
2.07539
1.4078
3.57259
3.37896
0.792858
1.79312
2.46196
-0.0141381
2.81988
1.0327
1.55131
1.59097
2.92071
3.94177
3.67577
1.124
2.50789
1.42307
1.40712
1.91766
2.90954
1.20802
2.92789
0.918196
3.19299
3.38218
1.49917
2.69259
3.01777
2.42704
2.61498
1.45483
1.35425
2.92127
2.02142
2.41184
1.05412
3.12906
1.6929
1.45706
0.589485
2.64897
3.39118
2.27461
1.82196
3.06898
1.50278
1.1168
2.42116
2.73437
2.19284
3.89864
3.81901
4.0782
1.68917
1.85692
1.59381
2.7156
1.40873
2.85501
2.16289
2.10766
3.22839
3.18058
1.73653
2.04165
1.7431
1.64698
1.97845
2.86552
2.99458
0.0116648
2.48968
2.28249
1.80976
3.67269
0.253808
1.77697
1.85526
3.03192
1.17179
1.96975
3.43532
3.36111
2.32953
1.55623
1.72595
2.91141
3.08254
2.10816
2.95736
2.74861
2.23103
2.49193
1.76177
3.41985
2.20856
1.0221
3.46429
3.11142
2.24861
1.26612
1.50515
1.09405
3.98856
3.10696
1.99178
2.67514
1.47928
0.700323
1.11357
2.88801
2.41681
2.95875
0.841944
0.0544869
2.09163
3.56125
3.54766
2.97249
0.766865
1.70398
2.60967
1.76706
4.40045
3.20935
2.71739
1.34577
1.64322
1.30874
1.93404
1.74836
2.0877
2.67633
2.33865
3.6736
3.37603
2.00208
1.87064
3.40037
3.60227
4.34644
1.29808
2.2069
2.5873
0.894792
1.99251
2.71085
2.14076
1.29829
3.57885
2.29387
2.35663
3.35225
2.38007
0.842409
3.63241
2.46391
2.07099
4.17294
1.50411
1.82544
3.6426
2.21348
1.92217
2.32335
2.15951
-0.33483
1.39587
2.01835
1.46445
3.14578
3.12634
3.85472
0.538615
2.4812
2.0395
2.32575
1.18822
2.41657
3.10656
2.63695
1.83892
2.71743
1.75372
2.49911
2.97677
2.18857
1.70888
2.64301
2.736
2.531
2.19302
3.21319
2.42059
2.96365
0.808049
1.46111
1.59419
0.978064
2.83569
2.71125
2.61699
1.52213
1.81347
1.86167
1.56675
2.91603
0.930653
2.65804
1.89868
1.68622
0.92452
3.44151
3.31525
4.00645
2.51355
3.3189
2.70884
1.10489
2.90206
1.24383
1.18402
1.7505
1.52341
2.00624
2.77548
2.46206
1.5108
2.45508
1.79551
2.97224
2.17135
2.55733
2.35045
1.91355
0.692727
1.50902
2.34032
1.71352
1.36376
2.85203
1.04985
1.70414
1.62185
2.0811
2.0018
2.71961
2.70789
2.29503
0.932989
1.59913
3.08056
2.45426
0.360418
0.977833
1.62214
1.33198
2.78545
2.20922
1.54356
2.72982
2.92237
3.50282
1.49207
2.68135
1.53502
1.60312
3.36005
2.25509
3.7674
2.95105
0.992822
2.85709
1.5639
1.678
2.34514
2.27534
2.82939
2.74034
3.38634
2.8318
2.25485
1.59456
2.19847
1.29077
1.69077
2.01818
1.718
1.87418
1.88339
1.93383
3.39862
1.49449
1.95111
1.32583
-0.036863
3.42437
2.93349
0.72392
3.0238
2.37784
2.6312
1.83175
0.637884
1.4147
2.10572
1.79184
2.6665
1.72924
1.73509
2.41601
1.93899
2.80647
1.52648
1.87687
2.03694
1.56899
3.1419
1.44847
3.08788
1.61667
1.86302
2.9877
2.04895
1.75217
1.25261
2.0068
2.18425
3.30091
2.51573
2.02961
1.99972
3.43047
2.6512
2.44127
0.888308
2.60051
1.79921
3.32275
2.1492
1.69916
1.77587
2.2717
2.44867
1.52531
1.48751
2.10186
2.96598
3.76583
1.62407
2.67403
2.40895
1.12536
2.52684
1.43245
1.42036
0.557791
3.35447
3.91007
2.67042
1.35049
1.63155
0.675467
2.81062
2.50641
1.73552
0.532401
3.80787
1.24626
3.98808
2.39778
1.8636
3.84152
2.45611
2.37761
1.28722
1.71975
2.97969
1.43698
2.10855
2.65823
1.42499
2.57371
2.64752
1.45215
3.4112
0.261878
1.48191
2.50037
2.07943
3.02863
1.24219
2.00625
1.81376
1.52027
2.15014
1.82899
0.210236
2.03019
1.01952
3.4125
2.55882
1.12629
2.61955
1.76123
2.68531
1.64957
2.24617
1.79435
2.30516
3.40475
2.6105
3.08972
2.49769
2.96849
2.21633
2.26053
3.1283
1.52675
2.83539
1.59991
2.3996
1.68859
1.3731
0.858846
1.7395
2.05773
2.05445
0.735895
2.6621
1.07322
1.10965
0.367436
1.66955
2.55535
2.58624
1.58014
0.777006
2.80807
1.35015
2.05276
1.96856
1.70847
1.45986
0.924103
3.78119
2.00066
3.0257
1.895
2.00876
2.25733
1.64939
2.66017
1.55576
-0.000888272
2.71578
2.74989
3.43944
-0.127858
4.01223
0.927507
1.76719
1.55521
1.63014
3.3401
3.53242
2.16231
1.82089
3.43009
2.99912
1.34807
3.30591
1.9812
1.36203
2.9983
1.82346
3.56346
2.16244
2.65267
3.5132
1.06698
2.37522
1.64305
1.28809
1.23957
2.34466
1.96942
2.2328
3.31593
1.48123
2.63157
2.23555
4.20187
2.61169
3.51874
4.0416
2.01781
2.65946
1.12134
2.11365
3.56244
1.44383
1.96589
4.12956
3.47789
3.50545
2.15389
0.426954
2.57154
2.13741
0.96392
2.20584
2.94874
2.26854
3.09529
1.17302
2.6418
2.18012
2.33223
2.42144
1.51972
1.69454
0.33447
1.75308
1.54221
0.993031
2.33636
1.55053
2.06122
3.36939
1.77267
1.80556
2.52346
1.66274
1.03862
1.22739
2.36625
-0.0568615
3.27719
2.95447
2.92322
1.84202
2.72205
2.09636
2.32505
1.72353
2.91074
1.52376
2.10091
4.01909
2.66903
3.50863
3.74076
2.44886
1.3158
2.87048
3.23504
3.98736
2.62409
0.451997
3.19668
1.54639
2.92662
2.02889
1.37182
2.25459
1.5751
2.34094
2.67336
2.67175
0.771764
1.73144
1.70078
1.85591
3.8889
0.499338
2.558
1.43091
0.606279
1.93571
3.1615
1.42412
3.15374
1.55633
2.93961
2.19221
1.90806
2.2548
2.59729
2.05556
2.00098
2.39037
3.97673
2.47731
1.51276
1.96475
1.22933
2.31473
1.31204
2.33211
2.38429
2.53392
1.57612
2.6835
2.00124
2.42744
0.997914
1.25345
1.17486
0.340955
1.97668
3.03307
0.769024
2.40399
1.80477
2.9721
3.20014
1.87604
1.95436
1.60617
1.1021
2.1661
3.84092
1.26995
2.10665
0.0569349
1.05582
2.01236
1.92977
1.32509
2.48585
0.526827
0.147254
1.97098
2.18119
2.05863
2.44338
2.62448
1.22628
1.50292
2.40625
2.35861
1.50354
1.28363
1.02623
1.75406
2.2433
3.202
2.89191
2.75122
1.41296
2.3412
1.09151
2.59153
2.87926
3.22407
1.93387
2.61372
2.11547
0.351866
1.08862
2.60134
-0.140908
2.01539
2.08933
2.41443
3.07624
3.36479
1.76317
1.19094
2.90947
3.64432
1.67784
2.23301
2.99861
1.82188
3.19164
2.57271
1.84331
3.40116
2.26716
2.62823
1.46347
3.99439
2.54693
4.37162
3.27314
3.07024
1.88786
1.4066
2.63605
2.41206
0.402451
2.73884
1.90239
1.26594
0.762995
1.29289
0.317882
1.59387
1.42802
1.67442
0.916979
2.94887
2.27631
1.61652
2.23955
1.92362
1.83148
1.15274
3.02108
4.47763
0.493283
2.32715
2.16312
2.82184
1.15119
0.941183
1.12738
2.91451
2.12111
0.94431
1.96283
2.8083
1.80445
1.95392
1.08336
0.608801
2.17828
2.00697
0.915733
3.2364
3.34167
1.83206
1.00654
2.57733
0.600442
2.41812
1.35479
1.27326
3.51912
2.5566
3.29495
1.37903
1.79056
0.872331
2.09522
1.95305
3.07099
2.61164
0.848819
2.04307
3.44486
3.05269
2.2443
2.26151
0.21779
1.0557
2.99211
1.17342
0.849925
2.74906
1.03381
0.591692
1.70955
1.60593
0.702801
2.26745
-0.0899342
2.32832
1.86072
3.43356
1.93628
2.46504
1.28647
1.66145
1.27348
2.25207
2.42859
1.66112
3.20164
2.18924
2.7626
2.82197
-0.115272
1.93153
2.37095
0.873154
1.00846
2.06492
2.14232
1.74849
1.35836
3.8964
1.4609
0.776071
1.46877
2.17276
3.03303
2.57579
0.974026
1.64736
3.95663
2.98231
1.47716
3.32559
2.70831
2.88523
2.92559
2.45433
2.1191
1.16116
3.63426
1.08229
2.25366
2.96792
2.77657
2.97008
2.24203
2.36341
2.99708
3.18387
0.958108
2.00351
1.86623
2.59684
1.39402
2.50913
1.86803
1.5052
1.99203
0.564078
2.73679
2.08548
2.18393
1.63975
4.19296
2.50126
2.92385
1.42441
1.5185
2.80484
1.24804
1.30015
2.44264
0.594822
0.980809
1.37694
1.15962
3.53914
2.50413
2.62686
2.24139
1.05764
0.901603
1.60381
2.24536
4.14873
3.30893
2.74502
2.51104
1.54835
1.75143
1.37088
0.926661
3.56414
1.90461
1.5563
2.87053
3.37652
3.37822
0.270933
2.88707
3.42875
3.66533
2.73836
2.22095
2.56767
3.38445
0.562913
1.51408
0.88784
1.93894
1.48852
2.65797
2.2152
1.52815
0.991823
1.16658
1.43237
2.74549
0.851207
1.92403
1.71009
2.89505
3.55728
2.98843
2.882
3.38865
2.4751
3.64404
3.44715
3.38255
2.91753
1.68997
2.66962
1.78312
1.99765
2.02802
2.49438
2.78426
3.20517
2.37234
2.64011
4.14562
1.90436
1.98681
1.45955
2.70792
2.74621
2.0692
1.34312
3.03844
2.12276
1.36571
4.12269
2.4717
1.49155
3.01367
3.20662
1.30709
2.74445
2.92056
2.24956
2.92261
3.46005
2.16958
0.847524
3.24414
1.69493
2.08436
2.55272
2.85853
1.41749
2.45145
3.25158
2.67935
1.11053
2.14709
3.8428
3.60039
2.17227
2.39003
1.82997
1.01437
0.629079
2.56825
3.26907
1.33127
3.52186
3.47357
1.76476
3.16594
2.43806
4.14005
1.96573
2.35874
2.07715
1.76187
2.14346
-0.17481
2.33729
0.408589
1.63501
2.35842
3.07542
3.2299
3.53599
2.29672
1.7559
3.99471
0.856883
-0.0287223
2.10602
2.33821
1.33958
0.818715
4.04707
2.31858
2.84887
2.31265
2.05311
0.662627
2.0353
1.34944
0.232845
1.43904
3.61882
1.6463
3.61006
2.37341
2.11206
1.43417
2.15351
2.76361
2.71882
2.53423
2.09643
1.91394
1.80499
2.45226
2.42139
3.61976
3.96221
1.57899
0.9
3.5017
1.00907
2.2019
2.35465
3.0712
3.74982
1.30914
3.48012
1.47975
1.24044
-0.345554
2.32967
3.29018
2.48958
1.2352
4.89179
3.50831
1.8269
2.37929
2.49543
1.8201
1.48487
2.87597
1.56232
0.653895
3.12535
2.07471
2.50686
3.19392
2.71867
2.7881
2.70411
2.44823
2.61506
2.22141
1.336
2.88172
1.88324
0.499897
1.1762
0.523127
1.60367
2.56763
3.348
1.74802
2.41679
2.12475
1.66718
1.0718
1.5956
2.10356
2.5007
2.89664
2.28928
2.24986
3.26419
3.09816
1.26899
2.06207
1.86575
2.43048
2.06797
2.11247
2.69848
2.21815
1.65199
1.4842
2.26629
1.6024
2.19626
2.93701
0.690922
1.77668
1.28465
0.17787
1.6745
3.12075
2.66417
1.40562
0.984269
2.12435
1.952
2.73707
3.14029
1.535
2.89617
2.68869
2.48281
1.72682
2.71614
1.36294
3.0136
2.30822
2.09102
3.04838
0.861089
3.54901
2.45015
2.99515
2.34284
3.31117
2.04539
2.83575
1.35406
3.42752
3.30747
1.90101
3.20301
2.64164
1.53314
1.42312
2.30528
2.33803
2.46119
3.45047
2.16331
3.86977
2.63696
1.53194
2.48268
2.39268
3.62411
2.22967
2.02455
2.42015
3.04187
3.53191
1.57092
3.27168
3.03011
2.98738
2.35858
2.72139
2.13174
1.78324
2.17875
2.58801
1.17709
2.47386
2.65893
1.95741
3.59061
2.34483
2.28318
2.72189
2.06401
1.42489
1.9685
1.91558
2.43906
3.25301
2.97965
2.524
1.32559
3.30502
2.51143
2.58201
3.28547
3.23689
2.64084
1.5096
0.530689
1.57705
1.01249
1.49831
0.667086
1.78407
1.40153
2.22002
1.48086
2.01605
2.23324
1.97235
1.98567
2.2102
2.61229
2.55034
2.54206
1.0403
0.795825
0.861184
0.555374
0.660857
2.53265
2.4199
2.06119
2.17078
2.55897
2.02026
3.26052
1.28596
1.53765
2.03564
3.31559
2.13737
2.02539
2.97145
2.74666
3.69472
0.947701
3.45486
2.04114
2.79099
0.888399
1.68702
2.46113
2.3416
1.43462
2.56714
1.58046
2.15088
2.6338
3.09089
2.26255
2.11759
2.33132
0.657788
1.23064
3.24001
3.64328
2.27855
0.584147
0.927235
2.05414
1.59534
1.46094
3.92837
3.25092
4.14948
3.56972
1.74942
1.88558
2.67026
1.99751
3.43253
1.86518
3.14298
2.54971
3.61411
1.26779
0.613983
2.18095
1.84957
1.85194
2.72781
2.4264
1.66161
2.544
3.45533
1.0507
1.961
3.03613
2.45532
1.53658
2.56013
2.02107
1.90769
0.334253
0.393943
1.65194
1.38901
3.68078
2.98944
3.11709
1.16648
1.98123
2.60311
2.39629
3.19111
-0.634217
3.71315
2.81979
2.39094
2.48541
2.41397
2.80647
3.36423
1.6059
2.16341
0.889618
2.82051
2.30211
3.47239
2.92872
3.22712
3.99193
2.54556
1.61378
1.59365
1.87009
1.44245
2.94554
2.53384
1.85594
1.41653
0.293478
2.07331
1.08723
0.624472
2.30206
0.455167
2.12098
2.10003
3.66282
2.77252
2.11767
2.91377
2.98956
2.69754
2.9754
3.23607
1.8461
3.49047
3.2733
0.60671
2.17423
2.55732
1.25036
1.9058
2.31895
2.27335
2.03272
0.223227
0.308103
1.21438
1.86629
1.5656
1.85569
1.39951
3.49343
1.34045
3.18936
3.12046
1.91905
1.48958
2.84635
2.39195
1.94378
2.63194
2.82886
1.13461
1.47788
1.39693
2.27255
1.6161
2.96427
2.52887
2.29638
0.379716
2.81548
2.20532
1.83042
1.52532
1.50205
4.72679
4.97496
1.29307
1.44334
3.0551
2.14396
1.70264
1.20105
1.63519
2.46502
1.75367
2.94719
2.7904
3.08642
2.81659
1.71016
1.31433
0.807429
2.10014
2.61103
2.91618
1.92265
2.67078
1.78878
1.95738
2.94974
2.83227
1.77621
0.648714
0.65829
0.537556
1.82281
3.18279
2.44572
2.02494
4.04819
1.19994
2.48051
1.31278
1.51783
4.41685
3.38065
0.860305
2.50091
1.61423
2.05337
2.5675
1.78125
0.872903
1.63039
1.68188
2.38972
2.64881
5.04224
2.17915
1.91059
1.4121
2.36529
4.55473
0.954705
1.91337
1.7675
2.6596
1.11968
2.45667
2.70176
1.83068
1.069
2.7852
1.18484
2.4875
1.43919
2.36556
1.66442
2.26326
2.59836
1.03289
2.68179
2.71101
2.93139
1.26011
2.47646
1.83391
0.79217
1.70648
1.08335
2.26968
3.80124
3.16714
3.22014
3.45597
1.8608
2.44383
2.78216
1.64921
1.17308
2.80355
3.60647
2.68233
3.36155
2.15648
2.52758
2.95747
2.04787
3.09419
1.88231
1.84089
2.46703
1.68368
2.40508
0.481617
2.07438
2.73948
1.75913
1.86787
1.91182
3.30155
2.10702
0.123905
3.49025
2.19529
2.25482
1.98489
3.12109
1.9553
1.22509
1.92694
2.54352
2.84099
0.46095
2.86717
2.37094
2.74134
1.9812
3.33206
3.48503
1.18158
1.47198
3.2474
2.80151
2.99613
2.64395
2.6441
1.66702
0.908512
1.80677
0.773337
1.06608
1.18338
2.94633
3.78894
2.53938
1.76587
1.9282
1.53995
3.14401
3.16222
2.08801
1.49161
1.76148
4.1226
2.41444
1.40292
0.78861
1.52942
2.26983
2.66607
2.58601
0.655015
3.86947
2.26198
2.79596
2.10812
2.20673
4.32073
2.4175
1.08372
2.15187
2.46647
3.09196
2.81551
1.70595
2.65005
2.96911
2.3545
2.09114
3.05612
2.69921
3.22155
2.43685
2.25334
1.54287
2.42862
2.87104
1.41838
0.614746
1.74235
2.7455
1.6049
2.17549
2.0509
2.82875
1.93556
3.01121
0.434426
2.48215
1.69985
1.64606
3.19863
0.926164
0.69208
0.300417
2.30334
1.45333
0.285553
1.40923
3.54337
2.03942
2.67327
1.94665
0.911364
2.97315
2.95089
2.53594
0.709169
2.08834
2.08788
0.621809
1.39254
2.61691
1.74328
2.28637
3.56736
1.99244
2.62407
2.41353
2.74292
1.30896
2.63705
1.91065
2.99198
2.85693
2.1901
2.19418
0.870069
2.68365
2.27415
-0.164366
0.773744
-0.034451
2.96679
2.21435
1.66672
2.71502
2.52037
1.23965
2.03819
3.37958
3.80552
2.15896
1.14722
1.91323
1.8352
1.25212
0.868612
2.78587
1.82337
2.14605
2.3334
2.20205
1.74907
1.43346
1.9102
2.14198
2.64732
1.60165
1.84176
2.70304
3.9469
2.07975
0.942385
-0.340283
1.84178
2.32723
1.49826
1.77688
1.56651
1.0415
0.89442
1.46333
0.697028
2.04226
4.53035
3.35551
2.12838
2.13821
2.54915
3.9843
1.88283
1.28244
2.96519
3.62772
1.8726
2.56275
2.0456
2.93085
2.0699
0.99928
3.63732
0.483272
1.00965
3.20955
3.84718
0.765357
0.864489
1.79107
2.05442
2.19519
1.39538
1.42341
1.9644
3.43867
3.08163
2.62716
2.28466
2.79525
3.38668
2.06442
2.8158
1.10735
0.0162705
2.73091
2.37227
2.39344
1.8956
1.57956
2.99091
1.53086
2.69054
0.836046
1.92142
2.33852
2.18797
2.44369
1.74483
1.59076
3.56501
3.90416
2.73041
2.89007
1.46244
3.69216
1.27605
2.77277
2.81682
2.25301
1.77699
2.98797
2.59556
3.13461
2.65488
2.796
2.68846
0.630747
2.34993
1.98536
1.96062
1.80253
0.468782
2.30465
1.46626
2.04524
1.45197
2.18685
0.968563
2.17562
4.81324
2.06989
1.42625
2.17358
2.49682
3.37359
2.42403
1.77255
0.765088
1.36339
1.64757
2.6234
1.44253
0.697385
3.54167
2.97109
2.70209
0.666196
3.99853
2.48316
1.56866
2.70601
2.88221
0.3679
2.54259
2.09939
2.49122
3.29369
2.45578
2.6248
2.54548
3.07232
2.44216
2.57659
3.62216
2.66002
2.22016
2.59438
1.46037
3.56948
0.898515
3.89823
2.97275
3.02247
0.632816
3.06633
4.28773
3.14115
3.65462
3.24693
2.19258
1.93182
2.90677
1.51788
2.89017
2.01723
1.93322
1.84327
2.93003
3.31688
2.00413
1.9107
1.67692
2.56633
2.28553
3.40512
1.35477
2.30438
2.61882
2.57985
2.04433
1.50556
3.37098
2.46907
1.66075
1.27802
3.1592
3.18727
2.6199
1.54155
2.29231
1.81527
3.70841
3.11531
2.23538
2.7466
3.8331
3.64839
1.82746
2.45616
1.24433
2.53393
2.74448
1.98027
2.11992
2.74891
3.26712
1.83908
2.17216
1.51744
2.04862
3.74574
1.21751
2.79654
2.18215
2.89273
1.95527
2.21189
2.58056
1.3398
3.8414
3.01443
1.6611
3.01994
4.54867
3.80928
2.55682
1.19733
1.96781
0.655185
1.90223
1.53683
2.5496
3.0556
2.62607
2.012
2.42633
2.99681
2.80599
2.07913
3.05809
2.47183
2.68089
1.00371
2.16403
2.09086
0.300405
2.67451
1.33699
2.66426
2.67955
2.72458
1.85476
0.828637
2.62151
1.19104
3.09284
2.94215
1.85976
1.28721
3.01207
2.21895
1.39894
2.34932
2.73581
1.3605
1.80265
2.50954
2.93098
1.57294
2.87637
3.34071
1.95797
2.61428
1.14937
2.32017
1.70668
4.05936
2.25806
1.68642
1.47991
1.54392
2.07384
1.1063
2.4881
2.87466
2.02809
2.01677
2.96321
2.81815
3.20266
4.22318
2.80524
2.14785
2.31087
2.22242
2.47449
1.62581
2.46371
3.15406
1.35195
1.09554
3.07487
2.18069
1.2821
1.44237
1.9334
0.778929
0.809104
2.2581
1.55697
2.70208
3.81025
3.44255
1.76746
0.656057
3.17743
2.18735
1.04742
4.48055
2.60686
1.83513
2.43242
2.15316
3.50011
1.82124
1.65231
3.25509
1.14173
3.29448
2.06539
1.4843
2.38004
3.03705
2.52547
2.38341
2.11996
1.85107
2.25252
0.819542
2.42411
1.03508
1.97562
2.95969
2.93528
1.2257
1.58994
2.45878
2.55905
1.88688
3.18312
1.23413
2.69237
2.03005
1.88613
0.763439
1.71406
2.28021
2.30106
2.92009
1.04392
2.41124
3.18157
3.16731
2.34013
0.951058
2.96118
3.35788
3.64117
3.45141
4.33596
2.73415
2.4761
1.68995
0.598947
0.7685
3.59638
2.18033
2.81555
1.68066
3.13554
2.59644
2.99287
3.18752
2.82718
2.10966
1.32349
1.39048
2.43729
1.67295
2.42379
1.13176
2.60921
2.484
3.20149
1.44989
2.80568
1.24129
2.5427
2.56665
0.578096
2.0718
4.04832
3.48944
3.16516
1.33446
2.52341
1.27183
2.98896
2.32767
2.56066
-0.836058
-0.354918
0.831589
1.65142
1.88396
1.91484
1.69754
2.94594
2.09367
1.99164
3.49115
1.16224
3.8532
2.7731
2.4297
2.82398
0.394339
1.89212
1.15585
2.95387
2.0979
1.44311
2.28502
2.4144
1.27561
2.50514
3.99893
3.52217
1.1551
3.32734
2.14883
2.22935
2.29945
0.491524
2.05365
1.75869
0.916214
1.29497
3.62984
2.64541
3.25392
1.13986
1.94591
1.37113
3.69078
2.34676
2.71921
1.58802
1.91081
1.68712
1.74844
1.68998
1.63792
2.52952
2.60343
2.21187
1.9531
2.61429
1.15618
0.952045
1.0112
1.28595
2.43606
1.04494
3.117
1.93696
1.75388
2.82062
2.98431
3.89203
2.76078
3.57729
3.33688
1.84893
1.58127
1.62248
1.01913
4.25463
1.98653
2.73228
2.33918
1.5826
1.00682
1.07549
2.03154
1.21788
1.66653
2.48288
1.20806
3.42315
0.955451
1.75868
1.76018
1.9952
2.46388
1.67576
2.70533
2.83651
4.09788
1.49744
3.45059
1.3017
1.99455
1.27291
2.02423
1.92181
2.05102
2.08615
3.04464
2.88151
1.92835
1.59514
0.274441
1.855
1.57236
2.58211
3.11528
0.893972
2.77295
4.61933
2.19837
1.93954
1.87784
2.35671
2.47941
1.30108
2.93445
2.74952
2.36426
2.52661
1.57057
3.67782
2.43263
3.106
2.42277
1.67923
2.47832
1.90631
2.77978
2.72644
1.24414
3.43686
3.69204
2.43532
1.51665
1.82219
1.96945
2.11902
3.50475
2.13158
2.47271
1.33071
3.09356
1.66908
3.03211
2.00336
3.50833
2.48954
1.41256
2.83909
3.04371
2.67229
1.76817
2.98954
2.20138
3.83436
3.2447
3.30164
2.21325
2.19561
2.12497
3.10784
3.19097
3.21437
2.02302
1.86303
2.8478
1.51376
3.57905
1.14299
1.92733
1.5432
2.32355
1.50501
1.96521
1.73156
1.78018
2.00284
3.61903
1.45205
2.45523
2.2108
1.53212
0.366349
0.830056
1.48337
2.12549
2.58459
1.38246
1.32982
2.87375
0.802989
2.19009
3.4155
1.22125
2.07884
0.922148
2.40647
2.54498
2.53256
2.9822
2.34011
2.71624
3.05499
1.4225
3.13577
2.22559
2.68385
2.24801
1.88626
0.453206
1.51969
1.54887
2.34788
1.27917
1.53423
1.56184
2.10043
3.03447
1.8146
2.0274
2.05825
1.62485
3.31988
3.60134
2.37685
1.65516
2.57777
2.81017
2.28285
2.63662
1.92208
1.01484
1.49882
0.922522
1.57797
1.49262
1.74475
3.62879
1.30514
1.45608
1.00166
2.87693
1.19773
1.83867
2.80252
1.12786
2.42116
1.84901
1.84353
2.60113
2.29607
2.24973
1.72357
3.10897
3.40504
1.64704
1.00436
1.82756
2.81621
3.26056
1.78323
1.25919
0.643047
2.41062
1.99413
2.44405
1.6681
3.15597
2.12695
2.48623
3.18305
2.63131
2.5608
2.03729
1.24289
1.48864
3.34559
2.87123
2.45577
2.40951
2.8063
2.5052
2.25083
2.47606
3.08153
1.5728
2.4193
1.59731
2.85672
2.09038
2.05663
1.81837
2.11712
1.05446
2.62493
1.83825
2.28967
1.97024
2.02356
1.79915
1.37927
1.8592
3.85353
2.30445
2.36946
4.05118
1.68043
2.26267
0.498143
1.55901
1.65453
0.526559
2.78096
2.42997
3.12125
1.47243
1.91358
2.29924
2.57678
1.55024
2.3223
2.10922
2.88094
1.0368
1.00936
0.827585
4.38454
4.52868
3.73331
3.24089
2.51696
2.23832
1.94203
2.38087
2.12664
1.52379
1.64831
0.899126
2.03057
2.43843
2.37223
2.00603
2.1266
1.69158
2.23787
3.22974
2.87684
3.17334
3.27715
3.13733
2.27676
1.66927
2.05486
3.56874
1.57824
2.16269
2.06178
1.29424
3.13449
2.47757
2.0756
2.76185
1.88145
2.20683
0.907335
2.10107
2.21824
2.4907
2.58029
1.93839
0.91194
2.55403
0.948241
1.84914
4.07297
4.77169
1.77434
0.902194
1.95804
1.00411
3.26406
2.477
1.92251
2.71525
1.88667
2.8892
1.35695
1.80697
1.29498
1.13251
1.31904
3.61759
1.97392
1.7351
1.67982
3.10618
3.10037
1.31864
1.1267
2.2002
1.34304
2.09749
1.75608
0.951812
1.57291
2.35964
3.03087
2.3143
1.3763
1.36898
2.64927
0.230926
1.95495
1.36207
0.619872
2.38883
2.7938
3.00958
1.74737
2.45976
1.85689
4.15755
3.20513
3.00178
2.23088
2.98858
1.38772
4.0213
1.20752
0.74335
1.4623
1.89563
2.24116
2.47527
3.01288
2.73493
4.72203
1.85017
1.46471
3.57648
1.4522
3.32462
2.94189
2.09798
3.38609
2.38076
1.84524
2.3119
1.70405
2.70593
3.18259
3.23412
2.7422
1.85041
0.796653
3.07741
2.90068
1.20321
2.3245
2.15929
2.2074
1.5739
3.12052
1.6058
2.27678
2.82107
1.24734
3.13989
2.49652
0.665096
0.790528
1.42897
1.34582
3.30556
1.28096
2.7021
0.569202
2.02873
2.29195
0.699761
3.131
2.16314
1.36502
2.40665
2.64044
1.33581
2.36236
0.897163
2.55738
3.5157
1.91285
1.92569
0.811673
0.746237
4.13121
3.26459
2.33388
1.09983
1.21519
2.04626
1.78241
2.36716
2.11999
2.08601
2.71158
1.9986
3.25382
0.78372
1.13336
2.39623
1.56025
-0.350774
2.95306
2.74088
1.00367
2.11811
1.8885
2.33298
2.11866
2.05435
1.63751
3.28687
2.84929
1.57805
2.3295
3.98451
0.972667
2.63864
2.40822
1.6602
2.71521
3.24628
1.66011
2.11379
3.51646
2.90951
2.7515
1.8715
3.58619
4.19518
2.51525
2.32343
2.40339
2.79827
2.17281
0.368776
1.63589
1.55868
1.78808
1.68279
1.4875
2.43754
2.33414
2.20873
2.47385
2.2415
1.83062
1.06599
1.18849
0.207664
3.12758
1.48491
1.55853
1.55106
2.25479
1.95873
2.81156
3.67314
4.11508
2.95889
0.872314
1.23332
1.9534
2.30524
1.12634
1.07426
0.351226
1.6595
2.56293
2.89767
2.125
1.41166
2.91374
0.831739
1.83296
2.02314
0.606474
1.83463
2.83799
1.96208
0.514622
2.39545
1.2153
1.91059
0.550694
1.05726
2.8617
3.05361
2.15882
2.12463
2.27672
1.23825
2.65802
2.28004
1.65679
2.41044
1.8776
2.96878
3.56194
0.985181
2.53666
1.9792
2.09636
1.46254
2.75928
2.40035
1.12438
2.19783
1.19956
2.17176
1.17887
2.52892
1.82524
2.62209
1.86486
2.94411
2.08398
1.94417
2.20327
2.99167
2.52249
1.91776
1.62201
2.66594
0.679299
3.68381
2.34585
0.248259
2.85506
1.70369
1.9797
1.5081
2.39294
1.23557
2.67662
0.669084
2.54681
1.69659
2.84988
1.74082
1.96746
0.822676
2.04071
2.52453
1.20842
2.47607
1.4554
1.73216
1.73105
2.11267
1.88256
2.44041
3.2465
3.58702
2.88966
3.82829
4.18151
2.62813
0.343312
2.42333
1.62951
2.37157
2.93232
3.02555
3.28567
0.190707
2.34555
3.34878
2.151
2.12065
1.75299
0.735589
2.11745
2.85468
1.34372
3.32408
1.19829
2.89527
3.46475
1.83491
1.4234
2.42126
1.8666
2.62371
-0.21524
2.57033
3.28155
2.88791
2.91398
1.07969
1.11442
2.23341
0.876115
3.58431
4.02698
2.26152
1.64573
3.58647
1.36318
2.56443
4.47232
2.52369
1.28882
3.29862
2.3202
3.57785
4.49673
3.7411
2.25391
2.21713
2.1274
1.03412
0.375808
3.40357
3.25756
3.55651
3.74809
4.12736
3.12941
1.60581
1.5256
2.94749
2.60895
1.07252
1.71756
2.99715
1.69427
2.96517
2.12213
3.4534
2.83091
2.31531
3.26128
2.98183
2.2629
0.956626
3.89464
2.34121
1.95162
1.29607
1.23993
3.41691
2.28139
2.73435
1.19295
1.52676
2.75646
3.21901
3.59867
3.96925
0.842888
1.25593
2.91195
2.37031
1.09595
3.28809
2.11518
3.03219
2.36601
3.31181
3.15728
1.82694
2.96973
2.40278
1.21208
2.72576
2.37344
1.31592
2.16758
3.25492
2.63829
2.91857
1.54164
2.98172
0.909405
1.94683
2.02235
1.63321
2.22179
1.77326
0.542121
2.95774
1.8644
2.6461
0.467486
0.516614
1.77824
1.34415
3.06374
3.01316
2.12773
1.44515
2.37773
2.63735
2.70426
-0.0145848
1.78986
2.14766
4.80321
1.42768
1.884
2.60975
2.00091
2.19775
1.36226
2.86557
2.42738
3.12533
1.08832
1.53625
2.08405
1.77659
2.81689
2.45445
2.21842
2.26446
1.45336
1.47777
2.71588
1.79786
4.23413
2.20028
2.67434
1.38062
1.02937
1.55072
1.40857
2.8357
3.35554
3.26927
2.6527
0.757138
3.2709
2.10183
1.61617
1.13147
1.67926
3.33355
0.970979
2.42296
1.19209
2.74582
1.71951
0.757712
1.20231
3.34617
2.74295
1.19601
3.70677
1.8389
1.07156
2.47713
2.67424
2.55823
2.40176
2.05014
2.51106
1.98292
2.67051
2.3849
0.0561083
2.33507
1.27128
1.65886
1.56027
1.84525
2.77355
3.2902
1.75626
1.60863
1.80698
2.35498
2.49295
1.19961
2.23141
1.64165
2.00694
2.75233
2.03788
2.65439
2.48662
3.81909
1.6316
2.27685
2.81245
1.53047
2.45029
1.68927
1.73584
2.47605
1.17813
3.41625
1.68038
1.19421
3.03714
2.38722
1.37116
1.99496
3.26203
2.04068
3.05694
1.94706
3.83487
1.71565
0.947495
2.42562
3.71989
3.1957
1.53698
2.14911
1.45509
2.14164
2.04894
1.73593
3.41596
1.41946
1.35218
1.4375
2.30752
2.30166
2.32697
2.95065
3.00346
2.32614
3.72484
1.82585
1.3993
1.07841
2.83308
3.70758
2.84159
2.20359
2.3857
0.82525
1.8006
0.653845
1.76125
1.54804
1.12773
1.84182
2.66743
2.8448
1.90941
1.85424
1.63848
0.0397848
2.07262
2.64345
1.52573
2.18677
3.71967
3.19635
1.0527
2.31737
3.38454
2.12856
3.90834
3.20353
4.31518
1.98
2.84221
1.52702
2.67248
2.16694
2.5932
2.45938
2.14214
1.23274
1.50413
1.59399
0.361589
2.40495
2.98068
2.67259
2.79116
1.79953
1.87826
1.19431
1.08649
1.99158
1.94209
2.11506
0.857065
2.2579
0.33858
3.4026
1.51281
0.822686
2.58632
2.09285
2.39704
2.19077
2.66168
1.37676
3.6677
1.93218
3.2522
1.51997
3.63559
0.515328
2.35475
3.32361
2.14391
2.16831
3.20019
0.769192
2.06623
2.06914
3.21074
1.60288
1.56393
1.9922
3.43788
1.27051
2.10205
4.07387
1.7178
2.69341
2.67339
1.68764
0.244284
3.26678
1.98843
1.25264
2.07803
3.03012
2.58687
3.01231
0.832823
3.33715
2.54354
1.68239
1.5922
2.07974
2.88802
2.9298
1.03557
2.112
1.58255
2.33365
2.23474
3.31031
1.58167
2.06386
3.29122
2.09168
1.73618
1.31574
2.59359
2.46798
1.18261
2.4393
1.46908
2.26589
2.84472
3.31643
2.88428
3.86601
1.87172
1.71065
3.80037
1.67657
1.40775
2.83559
2.64784
2.46236
2.07558
2.42834
2.31412
0.269211
0.568819
2.66737
3.06022
1.42474
2.27079
2.15651
2.92599
2.40577
2.34919
3.49725
2.04239
2.69536
2.78081
2.56222
2.88958
1.71891
3.71845
2.52156
1.54341
2.66405
1.93298
2.69753
1.88911
2.54966
1.30809
2.17788
1.98605
1.15903
1.63077
3.56512
1.05809
3.50635
1.69449
2.7026
1.77356
0.77323
3.56388
1.84433
1.18812
2.22717
1.86152
2.50004
2.09217
3.20423
1.64814
1.50158
3.75006
2.7313
0.555363
2.65056
2.06311
1.36059
1.71849
0.494959
1.08609
3.13295
1.26875
1.845
2.73896
2.299
2.33395
1.32595
1.11058
2.02882
2.36473
1.97233
1.80179
2.20515
2.67858
2.53505
2.37806
1.84217
0.975947
1.39013
3.24028
1.88531
1.06338
1.38632
2.33473
2.75674
2.67953
1.64615
1.58934
1.05498
2.27966
2.10952
3.14449
1.30847
3.01073
1.55574
2.44634
1.05182
2.25507
1.68165
2.28069
2.31562
1.30712
3.68015
1.85022
2.1393
2.48763
2.52026
2.25161
2.80262
2.9601
3.11916
2.28378
3.26442
3.23501
2.69968
2.7825
3.19501
2.78903
3.17774
2.79423
2.57209
2.20476
2.77649
2.99372
1.6247
1.60601
3.15497
3.87749
2.99258
2.90542
1.8455
1.54777
1.48992
0.983395
3.10821
1.97688
0.910516
1.90525
2.18782
3.8853
2.81754
1.23224
1.66629
2.37771
1.98547
1.20892
2.36211
3.06883
2.52419
1.81484
1.08824
2.08647
1.57097
3.85796
3.47064
2.26584
2.10161
2.14894
1.21271
4.19823
2.94776
3.2
1.49966
2.62074
0.572499
1.16778
0.70595
3.18069
2.53496
2.73007
2.07264
2.62214
2.51637
0.829039
2.82764
1.77054
3.58229
3.28786
0.696186
0.770081
3.51884
2.12217
3.37713
2.81493
2.31085
1.78446
1.51652
1.57387
3.27614
3.05333
4.05296
2.13543
1.79691
3.35472
3.32034
3.26277
-0.278752
0.197953
1.68689
2.3894
3.03714
2.17933
2.35943
3.16018
1.92876
1.77024
1.39799
0.997502
2.52966
2.59937
0.657801
0.660657
2.2482
1.10594
2.2015
3.07315
3.51271
2.4879
1.76013
3.22632
1.38345
1.67844
3.41596
2.42781
0.612641
0.768943
3.21432
0.863932
1.89876
1.21729
0.440356
1.4428
3.41768
2.55849
3.39298
2.3771
1.41309
2.01149
2.73311
2.87973
1.2127
1.56593
0.773435
2.88615
1.68791
2.91829
2.13318
3.44629
2.73741
2.98616
3.50543
1.36234
1.93731
3.22935
3.0607
3.81926
1.59142
4.02715
3.18524
3.4085
2.59758
2.06991
2.30947
2.2875
4.03699
2.56836
3.07932
2.71402
2.53869
3.28052
3.1912
3.33433
2.51967
1.42226
2.73779
2.54021
0.909376
1.90595
1.96173
1.7089
2.9249
4.20824
2.82914
1.18011
0.638591
0.573176
1.71955
0.62421
1.25803
0.622885
3.34207
2.85034
1.8977
2.84037
3.20366
3.19886
1.76032
2.61342
1.63917
3.0388
3.94262
2.21696
3.36162
2.44748
1.60963
2.09606
1.95355
2.24821
1.07115
2.75686
1.80851
0.814941
2.42021
2.03284
1.48324
3.14108
3.601
3.42821
2.18263
3.35582
2.06261
1.05832
2.60032
3.88781
3.33805
3.51341
2.38946
3.55733
1.45985
3.09463
2.46594
1.85652
1.24142
2.44015
2.69588
2.22804
1.96781
3.22697
1.68645
1.46656
1.94041
2.75456
1.60585
1.93835
2.51811
2.22189
2.66242
2.1204
3.36973
2.7278
3.44782
1.78451
0.783164
1.70883
3.09139
3.04045
2.43414
2.46373
1.31004
1.53514
2.79544
2.26403
1.09942
2.54085
2.87531
0.75082
3.13694
3.19826
2.98005
2.52885
2.27726
1.79448
2.34399
2.67822
1.38407
2.65453
1.65839
2.27519
1.58997
1.95147
3.0954
3.81402
3.71557
3.17519
1.63474
1.32293
2.67692
2.70484
2.36834
2.35381
1.49382
0.876043
2.67951
3.05252
2.48468
1.6994
0.667781
0.909455
1.98998
3.34698
1.78592
0.960806
1.24955
0.819132
1.88006
1.61332
2.17052
1.65636
1.27217
2.873
2.22133
2.41278
2.54054
3.53757
2.68857
2.70468
2.55107
2.55554
3.34083
3.26615
2.63875
1.41503
1.44124
3.48387
1.92887
1.74742
2.53577
2.60767
1.51647
1.73212
0.969414
2.83467
2.27942
2.60962
1.66574
2.9512
2.32776
3.08562
2.27577
2.7624
3.39477
2.82316
4.26313
2.83323
2.77063
2.36298
1.5354
0.957996
1.16688
3.16532
1.86314
3.01659
3.33455
2.92062
3.17277
2.6915
1.71306
2.66544
1.87987
0.6783
2.42254
2.55813
2.2306
2.24161
2.25351
3.46083
1.88358
1.803
1.52039
2.20105
2.9674
2.46176
2.7865
1.67223
2.66586
3.18368
2.03388
1.77118
1.01044
1.41032
1.82726
1.95754
2.84837
1.7973
2.43723
1.52876
2.7866
2.43661
3.7391
0.0114856
3.25875
2.92363
2.64046
2.85127
2.82778
2.02648
2.79911
3.09147
1.58593
2.60282
3.99401
2.43224
2.44848
3.98184
3.27049
1.71267
0.901439
2.88844
2.56306
0.899452
0.820035
1.26834
2.42292
2.49338
2.97794
2.08389
1.37551
1.78773
2.56803
3.06864
1.08494
1.35266
2.38923
2.19316
1.73589
3.36672
2.94186
2.85482
2.48471
1.81217
1.21351
1.04323
2.34866
1.95757
3.67913
1.61409
2.71084
3.08581
2.01171
3.11619
1.0327
0.754275
2.1064
3.59935
1.99616
2.27226
2.98207
3.51193
1.54917
1.49574
1.38154
2.62474
2.11903
1.52427
2.00072
3.58557
2.7224
2.62805
2.61717
1.79444
3.38676
2.46942
2.2853
0.0474276
1.30469
2.34512
1.46707
2.60448
2.03433
3.77864
1.38121
3.55341
4.09816
2.96158
3.38876
1.5693
1.156
1.03614
2.4072
1.73766
2.91536
0.978923
2.59796
2.00591
1.52049
1.91674
1.88191
1.30573
1.21032
1.95395
2.86314
1.825
2.1205
1.72444
2.41343
2.78865
1.91261
2.43652
3.01453
2.78608
3.23058
2.2977
2.8472
3.92511
1.31417
1.43358
1.25102
2.67643
0.748751
2.41373
1.81527
3.1834
1.84553
2.14306
0.928428
3.37172
1.69473
1.1788
2.56206
0.4426
2.95096
1.24371
0.0835423
2.99669
1.82037
2.22267
3.1314
1.73999
3.06027
3.45002
1.84896
-0.114506
2.32641
3.38617
1.94654
2.75307
2.46084
2.18678
2.73369
2.35791
3.51789
2.18388
1.35512
0.970655
3.37546
2.90602
3.04457
3.0332
3.03821
2.31572
1.46726
2.53867
1.85837
0.937304
2.18146
2.8877
2.78675
1.88566
2.71761
1.70285
1.9187
0.12967
1.4245
0.921963
3.35601
2.58477
2.36191
1.79802
1.17141
1.83013
2.6009
1.7292
1.81379
1.7311
1.0403
2.89026
2.23269
2.53437
3.41244
3.41605
2.7902
1.85022
3.05768
2.71741
2.92734
1.15512
3.43994
3.16201
2.93028
4.06163
3.13972
2.39039
2.49795
2.04886
2.77454
1.06541
2.29711
2.55841
2.16312
1.94138
2.31386
1.44836
2.43693
1.72061
1.75079
2.82379
1.64721
1.39715
2.85804
3.13142
1.58482
2.33722
1.35992
1.50629
2.38405
2.06005
2.61759
1.72009
2.2044
0.789853
2.59727
2.53335
2.17691
2.81021
1.74065
3.14689
1.93552
2.02578
2.20657
2.63255
2.47873
1.9346
1.59136
2.86772
1.62157
2.69733
3.2976
2.76564
0.721219
1.26359
1.81217
3.33473
1.85172
1.78874
2.65274
1.88377
1.72209
3.17729
2.87868
1.75088
1.78961
2.48524
2.40108
2.96387
0.22552
1.3114
0.704994
2.50001
2.03464
2.17801
4.31974
0.423923
0.597352
1.61742
2.01366
2.91548
3.1246
1.09488
2.53397
2.917
2.91305
1.72715
1.85222
0.355122
3.03649
2.55206
1.48859
2.63577
1.75937
1.613
2.79418
3.6211
4.22186
2.49762
0.939084
1.97966
1.03755
1.69175
1.07919
2.13859
1.83461
2.20356
2.11966
1.45482
2.76175
2.81381
2.62901
2.15935
2.05612
2.95245
1.61358
2.60073
3.79709
3.05197
0.77107
-0.987333
1.77872
1.84239
2.36031
3.4541
3.04286
2.05598
2.25083
3.69089
1.86289
1.19156
0.523916
2.51098
2.52946
2.53911
2.03053
2.91811
2.80898
2.57628
3.65142
2.21331
1.21793
3.58456
2.0058
2.37139
2.23365
2.10755
1.77141
2.9094
2.66884
3.43985
3.11804
2.07124
1.46723
1.52684
3.13023
2.86314
1.63428
1.57108
2.80393
3.1176
1.91825
1.16636
0.865428
0.683858
2.33069
1.70254
3.31555
1.48482
1.50034
3.21057
2.94142
3.10258
2.84631
2.93731
1.18889
2.40765
2.25762
1.92555
1.90891
0.855187
1.10341
0.761746
1.42501
1.69142
2.32784
2.47947
1.47547
1.01876
1.89856
2.89119
1.82733
2.60377
0.68104
2.59684
2.51486
2.1004
1.26129
2.63694
1.54308
2.84575
1.07252
3.63873
0.890153
1.21307
1.13081
3.69463
1.54926
2.7347
4.06298
2.42185
1.4107
2.68705
0.821499
0.515051
0.980684
1.51274
2.67239
2.18129
1.36703
1.19329
2.02691
2.93226
3.66148
2.2657
2.70406
2.16946
0.993649
1.25318
0.79809
1.60289
3.85653
1.35035
0.466249
1.66203
1.62463
2.25032
2.04329
2.27932
2.00356
1.34892
1.37659
1.26292
2.04311
2.03897
3.06123
3.6881
2.79302
1.92829
3.41579
2.84284
3.35134
1.80058
3.04126
1.25099
2.68463
1.7435
3.4176
1.86076
1.87478
3.71012
3.39113
1.5851
2.21665
0.944037
0.305262
0.473218
1.72909
2.28947
3.68984
2.8247
1.4969
1.79651
2.18024
1.57113
1.85143
0.937224
2.31886
2.13963
3.23731
3.52755
2.17894
2.07816
1.7384
1.69057
1.68573
1.78033
0.968335
2.2818
1.82996
1.90365
2.246
1.85086
2.75682
2.25251
0.689407
2.51194
1.87374
3.77627
3.17858
2.22061
3.62594
0.172486
1.11709
1.98963
2.15322
2.07583
1.61763
0.856671
3.27582
1.08986
1.50373
3.4689
2.21988
3.5743
2.8094
2.67181
2.05959
3.72503
3.82881
2.27991
2.62836
2.42679
1.55973
2.08767
3.64775
1.47404
2.22559
2.12804
2.68175
2.42517
2.65245
2.73453
1.32143
3.10814
3.16545
3.44445
1.92984
3.16645
2.85186
2.36529
2.95626
2.35862
0.973136
1.33779
1.19521
1.29407
0.651759
1.93434
2.94561
1.65186
1.65519
1.49526
0.98575
2.76423
1.39555
2.45167
1.88047
1.27199
2.76242
2.74225
1.76383
2.32436
1.25903
2.77971
2.15877
2.07971
2.64615
1.71267
0.221086
2.67827
3.16546
0.518278
2.44197
0.323534
2.62417
1.72949
2.96432
2.70535
2.34143
2.69059
2.66638
2.36723
2.93333
2.69511
0.446732
1.65956
2.84608
2.05036
1.59414
3.0582
2.48767
2.52134
1.61223
2.05034
2.69504
2.14147
3.15119
2.68529
2.17231
4.39726
2.2595
1.25079
2.05544
2.15587
1.77645
2.88962
1.67862
4.58914
1.10163
2.45083
2.62765
2.6486
1.50436
1.95242
1.39725
1.89726
2.47981
2.40365
2.92361
2.84228
1.90874
3.72166
1.88024
2.03378
3.21011
3.35479
1.28239
3.25982
2.16659
1.48102
2.57973
0.126713
2.91017
2.43143
1.3321
3.03615
1.89205
2.70994
3.45302
0.385753
1.81148
1.78228
2.06881
2.05047
1.50945
0.579518
2.06272
2.65899
1.84254
2.31841
2.81395
2.55017
2.97218
3.18666
2.57263
2.35014
1.09273
1.05756
1.3133
2.92736
1.34152
2.95126
2.15499
2.45916
1.29104
1.28655
1.78202
1.75983
2.26659
1.61963
2.44901
2.9316
2.40312
0.997468
1.77019
2.89834
3.45285
1.98642
2.31165
2.63597
2.29919
2.36375
2.80049
1.52205
1.6621
2.83764
0.59882
1.95939
0.717674
2.93856
2.34068
2.77032
1.31483
3.38905
1.40146
0.817616
0.378802
1.32699
1.90988
2.73649
2.07262
2.76336
3.18043
2.32222
1.7846
2.10095
2.75425
0.880061
2.87664
1.76347
2.94839
2.71141
2.39957
2.16535
3.02282
1.5621
1.7628
1.14813
1.16931
1.85541
2.80211
2.6503
3.1686
2.38773
0.727488
2.05159
0.430972
1.5319
2.93041
1.8472
1.41147
1.80639
2.24008
2.17799
2.4595
4.3618
2.94953
1.55457
4.19784
1.9279
1.34482
1.81327
2.30873
1.13669
2.45474
3.62887
3.68467
1.69919
2.52556
2.99607
2.85044
2.29287
0.771633
2.14015
1.59469
2.55579
1.95373
2.88119
1.64787
1.64521
1.52938
2.08263
2.05718
3.54468
2.69153
2.85493
3.45777
2.83865
4.65192
2.3978
0.722775
1.75934
1.09888
2.78794
2.46893
1.5112
3.48207
0.434955
2.70205
1.01449
0.488066
0.665551
1.6494
2.04012
1.55207
1.79719
1.00479
0.303124
1.85072
3.08741
0.273155
2.12949
1.58502
1.56513
2.71734
2.05898
2.67242
2.27362
1.4575
2.67355
3.18874
3.28623
1.7443
1.99674
1.4639
3.61307
2.78057
2.22925
2.31008
3.00146
0.843882
2.4746
1.54201
2.90291
2.92538
2.92114
3.25084
2.66671
2.78225
2.44874
1.79133
2.21328
0.990632
1.88414
2.60913
2.17815
2.56026
1.37826
3.46695
2.25291
3.25907
1.92575
1.20739
1.57141
0.652544
2.52951
3.07612
2.29268
2.26861
3.1118
2.2229
2.29894
2.65846
1.85954
3.34433
1.32805
1.96845
1.51248
2.10749
2.71559
0.896411
0.448527
1.56822
2.60336
2.29419
1.69596
2.30645
3.05916
2.07276
1.81569
2.9606
1.18269
2.2375
2.18138
3.22226
0.709581
2.37375
1.17622
1.46506
2.85727
4.67308
2.89667
3.49682
3.66706
2.26926
2.67924
3.24914
1.76944
1.33956
1.22958
3.06837
2.40394
4.52092
2.48159
3.2793
0.98559
1.60059
2.29181
0.828469
1.99448
1.81309
3.21507
2.14741
0.963124
2.74662
1.12743
2.6909
3.17574
2.11668
1.52738
1.39237
1.81911
2.38305
0.873128
2.30901
2.02717
1.82331
1.40092
2.71026
2.34242
3.16428
3.37559
2.41228
1.93893
1.91688
3.00267
2.16308
0.743794
2.24227
1.72882
2.78347
1.91328
2.14177
3.64171
1.8561
0.537552
1.73141
2.7576
1.8287
1.81648
2.35381
-0.472159
2.90526
0.627482
1.92816
2.09764
2.39601
2.25943
2.17256
0.949043
2.34526
2.24263
4.30997
2.19049
1.88808
2.19596
2.44136
2.41302
2.05972
2.06426
2.86316
2.43397
0.855939
1.6317
2.98075
2.13255
2.29144
0.164853
2.44453
0.644717
2.53227
2.92452
2.5353
3.72759
2.37818
1.40155
2.29483
0.472587
-0.676052
1.49415
2.2017
2.34545
1.89793
1.59641
0.81643
1.65086
1.7837
1.8056
2.22145
2.70384
2.2531
1.67482
2.24776
2.49044
1.505
3.14776
3.50718
2.61468
4.63714
1.81744
2.30834
1.30538
2.84989
0.536978
2.71596
3.27589
1.21025
2.19693
2.26102
2.48125
2.67503
1.44019
2.03596
2.28803
2.95121
3.06267
2.39949
1.82988
1.87915
0.568461
0.528937
2.49357
2.12879
2.77531
1.52094
3.60379
2.07754
1.9222
0.892971
1.68039
2.4236
1.15445
2.23287
2.60891
1.30745
1.90236
0.963788
0.828788
1.96496
2.95812
2.29616
2.77452
2.27034
3.84189
1.68258
0.679865
0.604043
2.31495
2.79582
2.2515
2.45888
3.47889
2.76737
1.08816
2.51167
1.69252
2.34818
3.62109
1.50605
1.33678
2.1587
2.50855
2.77293
0.0984025
2.21244
3.45814
1.41125
2.43796
1.74301
-0.441281
1.65139
2.09148
1.65349
1.50463
2.0046
1.7903
1.93962
2.1761
1.80396
1.05051
3.52948
2.16094
1.82709
2.57723
2.1882
2.17665
1.3269
2.22709
0.904719
1.32224
1.71509
3.8567
3.12752
2.72613
1.16545
2.01698
2.05934
2.76834
2.38923
0.45548
0.818504
1.90978
2.77516
2.95031
4.00791
0.067802
3.07886
2.41566
1.86202
1.68743
1.6252
0.89169
2.29457
1.31409
1.87386
0.636835
0.971519
1.36057
1.89112
1.82374
2.8524
2.29823
0.403029
2.2051
1.81711
2.82611
1.09194
2.80588
2.01921
1.77628
1.72755
1.18261
1.7136
3.84891
2.15493
1.10778
2.71081
2.23819
0.908738
1.53196
0.475838
2.72633
3.72884
1.95694
1.52695
2.90127
3.401
4.04095
2.93929
2.19159
2.63064
2.88634
0.523298
2.84464
2.50455
3.42811
3.45924
2.47103
0.728057
1.78926
2.37361
3.16445
1.68173
2.10307
2.69393
2.10856
2.85465
2.87438
2.84387
1.95214
2.31058
2.99318
1.01489
2.51065
0.367524
1.72124
2.43708
0.825291
2.47702
2.18117
2.55366
2.80469
2.66973
3.87077
1.2243
2.03631
2.55031
1.93956
3.11063
1.19572
2.18037
1.36914
2.98687
2.42041
2.09843
2.93528
2.68505
2.72528
2.66586
3.62047
2.86721
1.22183
1.2662
2.55314
3.358
1.58473
2.45941
1.13165
3.38965
4.57831
2.06885
1.09283
3.09183
3.26202
1.49154
1.92192
0.988485
1.97003
1.12847
2.68832
0.883765
1.70973
1.78159
1.53381
3.24134
2.88454
1.59021
0.428222
0.632185
1.22271
1.14571
1.96193
3.56926
3.40521
1.90006
2.47857
3.9791
2.11114
2.09277
3.38481
2.84832
1.86851
2.07245
3.31904
2.0135
1.88713
2.59124
3.49292
2.91384
1.88376
1.28315
2.09999
2.39066
0.631853
2.09263
1.02849
2.75205
2.83361
2.76696
1.7015
2.38813
2.56074
2.74524
2.54164
2.91574
2.3398
2.65122
1.66226
1.25077
2.63264
1.77205
1.67132
2.33552
2.37791
1.40676
2.98923
2.12296
2.19516
2.9834
3.24276
2.96641
1.99229
3.62789
2.69577
3.50376
2.50795
4.08393
2.63776
3.23004
1.26558
2.90482
3.01456
2.40708
2.15099
1.50737
1.83025
2.50941
0.60127
3.62433
2.93593
3.15417
1.53634
2.35266
1.18064
3.71217
3.07713
1.02413
3.80997
2.70846
3.00522
1.96106
2.77724
1.58624
2.03892
3.37557
1.90656
1.30922
2.23445
2.81835
2.47612
3.39568
2.2005
2.53786
2.28194
3.44586
1.0862
3.38087
2.20869
3.01276
0.616666
-0.238365
3.62484
2.66471
3.18296
2.36489
2.17551
1.47704
2.1906
1.06805
2.16033
3.54939
2.66967
3.14862
1.61771
1.63272
2.34274
3.16975
0.638666
1.35129
3.00073
3.09297
1.46416
1.19178
1.00073
2.76202
1.9444
2.61028
2.54915
1.60548
1.26374
3.10861
2.31429
3.82214
2.83736
0.817943
1.29511
1.41235
3.6585
1.93967
1.58937
1.42412
2.07797
2.13176
3.26094
2.59094
1.48146
1.12379
2.79807
3.7852
2.09171
1.63917
2.0228
2.97046
-0.271855
0.755811
2.65807
3.03492
3.52531
2.26543
1.23324
3.0299
2.65229
2.35802
2.84605
3.19123
2.37533
3.48719
2.61054
2.93355
2.60943
2.24675
0.898099
2.22192
2.68022
2.58735
3.09991
2.06143
1.11631
1.03269
1.75568
0.964098
2.14812
2.55259
1.79061
1.97952
1.16116
2.01233
3.31515
1.4967
1.735
2.69915
2.6341
2.75621
1.5328
1.67065
3.21599
1.62193
0.799511
2.46525
2.27439
2.32123
2.0133
2.12982
3.31751
2.79047
2.41574
2.33399
3.94904
0.692517
1.57226
3.01735
1.05468
2.3147
2.16469
2.46749
2.15105
2.5746
0.849375
2.24903
0.979483
3.22335
2.05228
3.03371
1.14941
2.5392
2.72845
2.34026
1.7526
2.46693
1.27026
2.86878
-0.352634
2.3629
3.21839
2.11064
1.33261
1.64326
1.9628
1.38318
1.77164
1.52714
2.28876
3.22222
2.35053
1.63397
0.457648
1.99777
0.538931
2.44127
1.16059
3.94394
3.47954
1.01889
1.65566
3.10381
1.63744
0.959218
1.24454
3.3768
2.59327
2.2063
3.36502
1.18316
1.73651
2.91986
0.786715
2.80381
2.29545
1.47024
2.01505
1.58552
0.921136
1.25032
1.4859
2.96856
2.54851
1.49144
3.00871
1.09249
2.3895
1.91655
1.78756
2.75406
2.60037
3.49396
1.65961
1.39426
1.81236
2.18143
2.50897
1.85193
2.5194
2.79921
0.405559
0.555541
2.22734
2.98777
0.611501
2.7417
4.58795
2.41753
0.774912
1.84839
2.40781
1.25349
1.91245
2.38257
1.42102
2.91853
1.03539
1.53571
2.08606
1.4698
2.0034
2.15819
1.68641
3.86801
3.19332
3.46129
2.42398
2.09467
2.96728
2.62479
3.89732
2.33581
3.02474
2.9397
0.587953
1.70252
0.0764338
2.76459
1.33314
1.77572
2.79688
0.86922
2.80214
2.16337
2.49944
2.62776
1.97062
2.29712
3.19181
3.17863
2.15176
2.1507
1.96073
2.75228
2.24121
1.02619
1.942
0.889141
1.41
1.97209
1.1788
1.54627
2.25121
2.01596
2.00889
1.39031
2.01993
1.54463
2.32292
0.932305
0.981085
2.93058
2.68819
2.3528
3.19467
1.45842
2.12077
1.65369
2.34573
1.89907
3.50425
2.341
3.52461
3.15548
2.00886
1.34474
2.3457
2.71942
2.35379
2.98093
0.961699
2.1966
3.41421
1.29452
1.96983
2.83669
3.13933
0.505615
-0.0781266
1.41342
0.165605
-0.0625479
2.80364
1.66532
2.78767
1.10943
2.45555
3.07706
2.38802
