0.0817239
0.527694
0.698874
1.37124
1.50375
0.513399
0.397854
0.358521
1.08429
0.127318
0.826302
0.324944
1.07726
0.604881
0.743187
1.00455
0.919377
1.04454
1.21304
0.236307
0.418141
-0.217456
-0.344646
-0.216834
-0.528494
-0.193254
-0.206814
1.13584
0.543516
0.61613
0.968739
0.717174
0.232929
1.00092
0.498505
-0.813159
0.242861
0.348592
0.67335
1.38474
1.3838
1.86577
0.823749
0.274777
1.91769
0.813472
0.0635428
0.277768
0.042801
-0.00335968
0.00954043
0.175876
0.441222
0.584892
0.24942
0.333417
-0.187946
-0.686591
-0.562264
-0.480069
0.166271
0.00730167
0.200356
0.354519
0.541367
1.13898
0.671889
0.530791
0.751946
0.382235
0.373005
1.22461
1.134
0.826033
0.273731
0.190146
-0.198544
0.91851
-0.0866731
-0.0894745
1.5016
1.37886
0.638907
0.235057
1.37017
0.0659688
0.870148
0.781385
0.510987
1.09543
0.376116
0.797968
-0.278637
0.146338
0.136788
0.484666
-0.694728
0.255298
0.677657
1.16738
1.35552
1.21763
1.25834
0.214126
0.637272
2.01027
1.3918
1.15004
1.00046
0.958182
0.708514
0.923274
0.144279
1.53955
1.64907
1.26829
1.21745
1.57318
0.88218
0.991367
1.11548
1.97678
1.10337
0.326653
1.32932
1.46374
1.38223
0.937716
0.289778
-0.185676
1.90526
0.491132
0.731433
0.682455
0.446857
-0.212611
-0.081998
-0.197375
0.102957
0.589261
1.05752
0.384677
1.1352
0.702818
0.0659336
1.17791
1.08055
0.752991
0.967809
0.379301
-0.364079
0.102753
0.951486
-0.0473069
0.985561
1.08083
1.10651
0.5788
0.826822
0.963819
0.876229
1.99503
1.67162
1.78997
1.51893
1.59589
1.23476
2.18943
1.18989
0.688098
0.800777
1.18922
-0.0392551
0.709844
-0.146433
0.587443
0.834302
0.334853
0.728057
0.655022
-0.72573
0.421768
0.986771
0.409911
0.813164
0.69436
0.0785903
-0.0740596
0.819905
0.740629
1.21237
1.23894
0.378906
1.01865
1.27304
0.715376
1.42118
1.59476
1.73905
1.02532
0.556199
0.52095
0.460295
0.393884
0.472024
-0.0550144
0.267381
0.810951
0.325819
0.78973
0.527301
1.03119
2.05333
1.83441
1.51442
1.1052
1.60765
1.65412
1.00945
0.387882
1.47926
2.14395
1.03506
1.16947
1.04678
2.23902
0.869098
0.74401
1.75116
1.55949
1.39421
1.33644
0.779937
0.704918
2.3792
1.15393
2.21169
1.71207
1.08028
2.03323
1.68856
1.28616
1.24052
0.826118
1.07783
1.3847
1.00021
0.588
0.769933
1.13941
1.49032
1.51954
0.852289
0.793821
0.447853
0.439285
1.08779
0.333171
0.744467
1.34093
0.870894
0.986965
-0.631215
0.476359
1.3997
0.669528
0.295189
1.12937
0.0697778
0.239274
1.24431
1.43797
0.626098
0.612255
0.638223
1.03067
0.922522
0.661716
1.1094
0.526374
1.15979
0.995478
0.736325
0.40409
0.630681
0.926014
0.245069
0.123261
0.403884
-0.424482
1.05917
0.340745
1.15524
0.0372762
-0.509838
0.311581
0.165556
0.363521
-1.66214
-1.11126
-0.579129
-1.58008
-0.340836
0.295332
0.615101
-0.256822
0.336583
0.126086
-0.37688
0.192988
0.26751
-0.597272
-0.204358
0.00844084
-0.0350874
-0.114691
-0.735819
-0.893588
0.337584
-0.926481
-1.28732
-1.0449
-1.07821
-0.311176
0.160212
-0.473162
-0.616934
0.206279
-0.123744
-0.385148
-0.136783
0.0106344
0.0502371
-0.37659
-0.234787
-0.306991
0.143749
0.0891685
-0.584208
-0.294372
0.764833
0.442845
0.172667
0.520163
0.399958
0.376044
0.339524
0.349344
0.661101
1.17948
0.00549658
-0.788371
0.367727
1.66919
1.34862
0.297726
0.892119
1.66686
0.220105
0.370457
-0.673224
1.50733
0.8576
0.121205
-0.522389
0.684044
0.99127
0.500056
1.03579
0.419466
0.50226
0.423456
0.971623
-0.0073298
0.931896
0.0600352
0.305204
0.586079
1.07451
0.953632
2.25769
1.38246
1.10794
0.0709363
0.984472
0.716376
0.633325
0.808238
0.0607665
0.498827
1.0287
0.619539
1.33752
1.09379
0.567211
1.23471
1.19102
1.05443
1.2915
1.24856
1.19723
0.874035
0.192839
1.27281
1.87646
1.6181
0.936442
1.06632
0.897579
2.07162
0.94708
1.45802
1.42229
0.379235
1.11794
1.19962
1.76109
0.593285
1.57898
0.92149
1.1601
0.373457
0.705592
1.02274
0.592248
1.08917
1.73033
0.932554
0.540436
0.781703
0.57021
0.52944
0.212505
0.85079
0.744202
1.64175
2.01399
1.93062
0.63669
0.250342
0.911831
1.09687
0.684727
0.916601
1.0039
1.58355
1.62928
1.00566
0.559671
0.456258
0.219831
0.419145
0.468732
0.917201
2.45907
0.990051
0.628097
1.56867
1.90148
1.85551
1.74546
0.551087
1.02521
0.427926
0.677973
-0.180643
-0.321442
-0.356024
0.705627
0.756936
1.45137
0.239395
0.504843
1.16623
1.14552
0.998557
0.950216
1.85646
0.83919
1.52135
1.06847
0.88618
1.14199
1.69096
1.04392
2.17991
2.4436
3.20892
3.05884
2.5784
2.35561
2.04925
1.2578
1.75773
1.33947
2.0955
2.14309
1.74248
1.44912
2.32473
1.55834
2.03831
1.77595
2.30119
1.76511
1.65576
2.34753
1.87245
2.06576
1.34618
1.69514
1.06279
0.405383
1.34962
1.1489
0.950078
0.954319
1.58015
1.10707
1.49285
1.66489
1.90098
1.51506
1.39697
1.89976
2.1907
1.34858
1.85576
2.36795
1.51755
1.45191
0.159708
0.818855
1.42793
1.9078
0.855724
1.00139
1.5262
0.836768
0.232271
0.39792
1.2402
1.96714
1.01404
0.362127
-0.428628
0.563444
0.808019
0.3287
1.11871
0.504238
0.402937
0.0583137
-0.486395
0.753107
0.684604
0.68962
0.236917
1.22158
1.47546
0.608532
0.938296
0.367222
1.21131
2.6027
1.12695
0.904068
0.521243
1.46714
1.55396
0.723446
0.62236
0.048335
0.360629
0.661408
0.700513
-0.465428
0.203859
0.73796
1.06815
1.09351
1.07636
0.746382
1.41788
0.779912
-0.0399794
0.60703
0.949106
0.407369
0.462211
1.90655
1.27975
1.57747
1.21583
0.844162
1.25372
1.7769
0.775124
0.458173
0.24594
0.750162
0.704469
0.518829
-0.45696
0.684912
1.29116
0.0959059
-0.0469353
1.48442
1.5021
1.48854
1.01107
1.34222
0.952999
1.55997
1.97016
1.62548
1.11176
0.469584
2.17464
1.75595
1.00854
0.898806
0.277983
1.08366
1.84109
1.69702
2.39428
1.59966
0.811031
1.88678
0.782579
0.43167
0.287841
0.183195
0.445396
2.11866
0.997056
0.896653
2.65533
1.76082
1.2702
1.19449
0.724749
1.62474
1.17755
1.56827
0.805627
1.06609
0.236179
-0.00256508
0.334705
0.335857
1.02955
0.269046
0.876704
0.639453
0.494926
0.50779
-0.0329828
0.365914
0.710518
1.08168
0.764287
0.278337
0.748359
1.60142
0.944783
0.65158
1.19297
0.89939
0.934359
0.371125
1.09042
0.966929
1.35326
1.39875
1.15519
1.03279
1.34033
1.20813
0.484964
0.941468
1.19723
0.749479
0.823448
0.461495
0.801139
1.35077
0.753982
1.09405
0.846495
0.598756
-0.402006
1.02595
0.871537
1.99786
1.14661
2.04469
0.802195
1.61453
1.71489
1.63176
2.01841
0.424365
1.31117
1.5362
1.31333
0.661876
1.39066
0.664163
1.65537
2.33898
1.61182
1.87548
2.91268
1.10049
1.72908
2.11622
1.12214
1.11925
2.1777
1.29735
1.04247
1.6545
0.903393
0.520377
1.03936
1.2613
0.252114
1.64139
1.96571
1.78121
2.18844
2.27681
1.43555
0.995649
2.05963
2.20286
1.7297
2.05781
1.02606
0.856935
1.60712
1.67153
2.2666
2.48208
1.4291
2.16262
2.15651
2.56751
1.15722
2.68834
1.507
2.00439
2.06072
1.10892
2.4764
2.86916
2.69454
2.56836
2.53243
2.26265
2.20977
2.78621
2.07472
3.11418
2.93295
2.98425
2.27769
2.26109
2.34626
2.20537
1.94274
2.21417
1.34681
1.44427
2.07793
1.68256
1.96352
1.53165
2.07805
1.49631
1.49128
1.71681
1.81418
1.12274
1.28879
1.07424
1.85444
1.48209
1.84782
2.42985
1.9561
2.24863
1.93445
1.31827
1.47692
1.23103
0.415823
0.51601
0.585606
0.527688
0.909597
2.33602
2.25109
1.86695
1.65718
1.95957
1.85034
1.51754
1.48267
1.462
0.950933
2.003
1.95345
0.688506
1.53368
0.960025
0.663716
1.1096
0.861537
0.672407
0.127384
1.29441
1.88471
2.51777
1.70081
1.0752
1.72782
1.28968
1.1206
0.735022
1.5315
0.571914
0.879965
1.08307
0.882629
0.728049
1.2179
1.28207
1.7452
1.22324
0.405835
1.00972
0.688205
0.852479
1.0132
1.34547
0.826946
1.41116
1.20574
2.21762
1.06825
2.01291
1.0716
2.13605
1.84384
0.424736
1.34516
1.69185
1.82016
1.4483
1.93114
2.41344
1.93433
2.00903
1.94598
1.47831
1.84956
1.67479
1.75439
0.908849
2.40193
2.65688
1.98927
1.32438
2.13162
2.35611
1.55461
0.670264
0.215581
0.176836
0.718042
0.486743
0.241874
0.762495
0.546543
0.614876
0.308256
0.292285
-0.369134
0.746316
1.3199
1.11184
1.02874
0.563193
0.861536
0.708207
0.700933
1.06754
0.679053
0.386322
1.899
1.74412
0.323983
0.0156126
-0.30055
0.785403
0.137003
0.00708394
1.19557
1.18783
1.24417
1.2437
0.0887832
1.44282
0.564547
1.75651
1.61426
0.949629
1.10678
0.670589
1.40797
0.821009
0.527998
0.708172
1.60169
1.83868
1.6272
1.53101
1.51464
1.78061
1.60503
0.999134
0.665416
1.8375
1.43305
1.5644
2.06949
0.593
1.11504
1.6078
0.738299
0.943941
2.19831
2.03967
1.02321
1.72493
0.590912
1.6923
1.23269
1.46136
0.798826
1.42858
1.5972
1.59752
1.27171
0.94164
1.86759
1.73669
0.572935
0.774567
1.05918
1.71976
2.07473
1.30024
0.587858
2.7113
1.18617
1.38535
0.640391
1.69457
1.48055
1.39309
0.703264
1.59586
2.51232
2.26244
1.11073
0.755643
1.77722
1.39111
1.95573
2.73743
2.22462
2.60452
2.16283
2.87641
1.8425
1.4848
1.75366
1.74101
1.40284
2.11232
2.42839
2.083
3.71123
2.16798
2.47277
2.54454
1.89423
2.19272
1.02765
2.88676
2.121
2.17518
2.69499
1.85419
3.16458
2.25049
1.98564
2.95287
2.59802
2.08329
2.54717
3.17497
2.33422
2.51583
2.45226
1.89671
2.32897
1.48491
2.11872
2.43195
1.60805
2.76064
1.54925
1.91558
1.47857
1.78755
2.10378
2.30201
3.04277
2.35205
2.31089
1.68568
1.93343
2.00429
1.19624
2.16676
1.46262
1.89914
2.19931
2.08736
1.37478
1.90703
1.80906
0.276657
1.11143
0.771881
1.48615
1.63006
2.2211
1.94828
1.97112
2.1876
2.37787
2.17937
1.9338
2.36536
2.31435
3.32494
2.75013
2.07891
2.6358
4.01195
2.19866
2.09939
2.06357
2.40575
2.5464
2.49325
1.08225
2.44186
1.87879
1.84151
2.13854
2.84512
2.659
2.81152
2.50202
3.41261
3.34802
2.79082
2.62268
2.20934
2.84356
2.24041
2.44188
2.29481
2.71645
3.45772
2.72942
2.46016
1.96046
2.56762
2.63805
2.03584
1.08218
1.62756
1.29063
1.75503
1.66577
1.69928
1.72948
2.49575
2.07838
1.52361
2.84766
2.41984
1.94351
2.01874
2.70843
1.73997
1.37303
2.05254
2.31035
2.82037
1.39606
2.34633
1.82111
2.03468
2.04591
2.80273
2.08508
2.42442
1.48717
2.08126
2.213
1.77562
1.97187
1.95525
2.60249
2.07886
1.34727
0.747636
1.27233
1.54549
1.47004
1.21367
0.390128
1.48403
2.00451
0.95246
0.777176
1.05006
1.62501
1.41747
0.706571
2.35031
3.06423
1.24148
1.30399
1.61626
1.43845
1.52775
1.7189
1.30193
2.91077
1.80197
1.57985
1.5957
1.54509
1.44998
1.28276
1.75696
1.64212
1.38771
2.38737
1.76148
2.03351
2.75624
2.23535
0.752302
1.46005
1.1378
1.95063
1.05501
0.710932
0.953022
0.789818
1.08597
1.37464
1.22907
2.03237
2.6635
1.81186
2.52531
3.06573
1.63608
0.723062
1.29542
1.37456
1.01588
1.72863
1.88589
1.15986
1.44899
1.46032
2.30287
1.76277
2.29305
3.58913
2.28146
2.27074
2.89448
1.74776
1.45193
1.27472
0.997538
1.89712
1.29356
2.25894
2.09098
1.84571
1.47003
1.08718
2.12647
0.855296
0.560001
1.76056
1.29118
1.2527
1.35425
2.23124
1.35948
2.23083
1.69735
1.38945
2.12822
1.46708
0.736634
1.22223
1.74539
1.46691
1.80167
1.75913
1.96724
1.23027
1.42995
1.85689
1.60857
1.70446
1.71923
0.853749
1.5335
1.57944
1.3848
1.94166
1.46802
2.14435
0.894439
1.89446
2.27644
2.76141
3.0971
3.07198
3.22748
2.67104
2.1129
1.35621
1.4575
0.59221
0.757386
1.31644
1.31228
0.886469
1.09837
1.59358
1.1142
1.03244
0.796636
0.622151
-0.0510379
0.68018
0.0416712
1.20572
0.82905
0.726896
0.15725
-0.0842922
1.96412
1.99136
2.12351
2.4512
2.40019
1.36879
1.35192
0.829828
1.5898
1.42132
1.06923
1.5103
2.69054
2.64619
1.89108
2.41832
3.1282
2.74759
2.83936
2.30946
1.55196
2.59404
1.5175
1.12177
0.883509
1.65664
1.07128
2.25523
1.79295
1.33052
1.47212
1.09096
1.48702
1.64096
1.90724
1.64562
1.49395
1.30833
0.497817
1.37545
2.41277
1.55441
1.72135
2.41403
1.94785
2.95009
1.21156
1.58998
2.33042
2.48618
1.73518
3.2085
2.78376
1.53339
2.42939
1.19299
1.31537
1.17588
0.789758
2.05153
2.80281
1.46645
1.20411
1.32558
1.15466
1.2079
1.08932
0.498237
1.35685
-0.154364
0.659536
1.09711
2.2542
0.722103
1.17396
1.35965
1.94649
2.16681
2.31763
2.34591
2.77535
2.53753
2.34642
2.0618
1.63323
1.40546
1.68497
1.13192
2.32271
1.40821
0.822008
1.0771
0.928021
1.57923
2.11599
0.921947
1.13793
1.95549
2.18177
3.26959
2.55792
1.70309
1.8038
2.60611
2.46088
1.90856
0.383467
1.26544
1.77319
2.76531
1.89112
1.51481
1.82779
1.13418
1.16443
0.966374
0.283617
1.94022
1.60688
2.14037
2.07636
1.73494
1.04026
1.65166
1.809
2.85174
1.78241
1.60761
1.88693
1.9577
1.63905
1.88489
1.77258
2.27032
1.94008
1.5667
1.42411
0.980323
1.43216
0.974099
1.75679
0.929349
1.66865
1.27928
1.40583
0.791043
1.13127
1.065
1.11624
0.965414
0.769932
1.03739
0.885351
0.759881
1.60986
1.88233
1.02063
2.18605
1.58659
1.47738
1.12657
1.41323
1.85204
1.20582
2.12442
1.44427
1.29966
0.913069
1.48258
1.85785
1.37078
1.27069
1.93067
1.88805
2.06661
2.73031
2.40599
1.33154
2.07461
2.42569
1.15647
2.5853
2.21909
2.19564
1.91641
1.29591
2.29139
1.47212
1.93178
2.29665
2.17382
2.44531
2.39511
2.3979
2.62055
2.89285
2.50791
1.97065
1.84865
1.81847
1.88289
2.20633
1.55994
1.33707
2.07119
1.86605
2.59459
2.61939
1.60181
1.76886
2.31619
2.36909
2.23512
1.89362
2.20121
2.68007
1.96392
2.39522
2.30917
2.77961
2.38416
3.49627
3.44956
3.25604
3.71878
3.6599
3.93496
3.48304
2.67521
2.07574
2.6915
2.78545
3.3485
2.19433
3.11917
2.92905
2.26527
2.22571
1.78423
2.51126
2.41949
1.99726
1.79966
0.81049
1.21323
0.866705
1.40974
2.29203
2.5123
2.34667
1.76372
1.25411
1.63801
2.10843
2.18103
2.01583
1.7692
1.58069
2.19405
2.50228
2.73047
2.37817
3.22915
2.74545
2.08863
2.37485
1.30779
1.89799
1.77814
2.42837
1.8786
2.24943
2.06114
1.71168
2.80319
1.54747
2.20839
1.83473
2.20792
1.53769
1.6064
1.89632
2.08264
2.50269
2.12129
0.73742
1.77028
2.22639
1.92334
2.10159
2.03203
2.04861
2.78676
2.51562
2.37134
1.74991
2.03208
2.325
2.08367
2.37223
2.74006
3.88706
3.7231
2.94005
3.13965
2.12039
2.64017
1.2803
1.82563
3.54881
2.39516
2.77078
2.63747
1.20052
2.11293
1.56394
2.15933
2.18617
2.40758
2.20205
3.15728
3.32939
2.83489
1.88407
1.70562
3.36587
3.43663
2.04661
2.18999
2.39861
2.61168
3.13908
2.04635
2.44803
1.99227
2.60848
2.78562
3.19395
2.88174
3.04152
2.13283
3.08013
2.76014
2.38692
2.43532
2.01797
2.00405
2.87057
2.7147
2.02554
1.92935
2.21144
1.85326
1.91495
2.25492
1.93483
1.90559
2.94048
2.03397
2.24267
2.4664
2.45685
3.39717
2.86376
3.02036
3.67847
3.27854
3.09018
2.04289
2.43908
2.1603
2.87877
3.43317
3.00036
2.91884
2.36605
2.04943
1.42537
1.57771
2.13339
2.11579
1.80645
2.27791
2.79661
2.55533
2.7334
3.64548
2.34748
2.85383
2.82122
2.00817
1.03095
0.488518
1.71172
2.44322
1.86111
1.242
2.79336
2.66375
3.76922
3.88551
3.35556
3.23273
2.96866
2.78694
2.47956
2.29655
2.18632
1.79123
1.3425
1.04219
1.58759
1.41704
1.73564
0.841522
1.57935
1.48943
0.658148
1.65717
1.15692
1.22933
0.889573
1.40053
0.718542
1.92929
1.59563
2.65663
2.70564
3.04096
2.04167
2.07638
1.41708
1.87857
2.61549
2.25092
2.77729
1.73387
2.62029
2.64711
1.68826
1.66336
1.85036
1.8578
2.64179
1.81741
1.72807
2.84521
3.8165
1.92556
1.65463
1.91916
2.53912
2.64939
2.09439
2.64411
2.06478
2.74105
2.16605
1.61676
1.95038
2.69363
2.16824
1.63456
1.71293
0.858033
1.78
3.1444
1.95718
2.50099
2.51687
1.91127
1.38979
2.22055
1.24425
0.494423
0.697231
1.49594
2.40337
1.61347
1.9432
3.22457
2.3112
2.24133
2.78158
2.7127
3.74243
1.82218
1.23161
1.90375
2.12515
1.66752
1.26397
0.441196
1.05914
0.641846
2.34338
0.569003
1.57639
2.13997
2.80654
1.92697
1.95881
1.28442
2.29234
1.6745
2.70311
2.85202
3.48412
1.40451
2.08229
2.26495
1.38524
1.63834
1.69305
1.28964
1.45056
2.31536
1.46528
2.32689
2.70166
2.17756
2.40085
2.34849
2.18377
1.8248
1.6206
1.40561
2.16933
3.77894
2.5594
2.38721
2.12362
2.04511
2.71555
2.30151
2.20905
1.98259
2.40113
1.54684
2.30865
2.12597
1.75149
1.5107
1.69697
0.387272
2.40669
1.43961
1.74635
2.16075
1.22369
0.986269
1.09156
1.04481
1.09899
1.46576
0.664408
1.02086
0.5034
1.08562
1.12361
0.825605
1.49166
1.83879
2.25879
1.09757
1.49274
1.53881
1.01495
0.823803
1.05139
1.77351
1.72253
1.53498
2.18071
2.67052
2.05365
2.42584
2.27989
1.66082
1.94049
0.773558
0.577816
0.946735
0.83379
0.636043
1.88584
1.67145
1.61684
0.952273
0.439121
0.859158
0.311812
0.0209891
-0.390619
0.605596
1.85644
1.54044
1.77974
1.37645
0.934965
1.14652
0.601132
1.20614
0.0627841
0.855639
1.4711
0.742263
1.13843
1.61746
2.19478
0.587763
1.40958
2.03317
1.15105
0.828036
0.287365
1.36937
1.40557
1.31111
1.41091
1.8948
2.0945
1.40531
1.31562
1.82355
1.76941
1.99996
1.54305
1.11306
0.690585
0.743178
1.03535
2.18271
1.82485
0.921917
1.62407
1.35937
1.28509
1.49864
0.530216
2.1768
1.74093
1.04217
1.22403
1.92867
2.14921
1.22958
1.78512
2.30632
1.54631
2.30828
2.41997
1.52425
2.72899
2.63741
1.68611
1.93572
1.74439
1.64307
1.1157
1.30788
1.30055
2.02125
1.75374
1.80175
2.06442
2.13687
2.24816
2.20472
1.27483
1.37121
1.59735
1.84257
0.79796
1.52904
1.0765
1.33332
1.81201
0.836314
0.193456
1.33097
1.74893
1.36537
1.36943
0.988157
1.08165
1.87786
1.20527
0.68846
0.935987
1.70546
2.01223
2.11467
1.23113
1.24555
1.14349
1.22949
0.896751
1.14942
1.6104
1.09575
1.61182
1.99045
2.20877
2.21893
2.25035
1.73926
1.31928
0.788486
2.05286
2.13028
2.04181
0.940348
1.30197
0.838322
1.86807
2.19299
1.38336
1.68574
1.45881
1.35959
1.93714
1.51381
1.29508
1.61909
2.14259
2.59638
2.18111
2.22972
2.34933
1.6861
2.03533
2.6463
2.62801
2.50405
1.99884
2.20703
2.01865
2.06057
1.75207
2.62227
0.316317
1.01613
0.866351
2.17757
1.88951
2.76037
1.67745
1.99072
0.405791
1.14614
0.47259
0.881901
1.30384
0.857143
-0.434508
0.340855
0.852833
0.519351
0.626905
0.30062
0.264553
0.247458
1.64127
2.36437
2.09093
1.70857
1.84419
0.999405
1.40039
1.10273
1.32399
0.879903
0.862564
0.880192
1.04726
0.995779
1.33656
1.0566
1.58784
1.59201
1.3937
0.998021
1.92672
2.45432
1.99856
2.27375
2.24335
1.69177
1.997
0.869031
0.667099
1.45306
0.755229
1.43673
1.41147
0.987619
1.38745
0.782713
1.81322
0.946449
0.392949
0.742328
1.7827
1.03081
1.22156
1.96471
1.36517
0.335233
1.11761
2.45739
1.16081
0.774395
0.220091
0.499593
1.41932
1.54171
1.75688
1.25907
2.5598
2.66113
2.21915
2.81306
2.4997
2.17069
2.09113
2.29095
1.64995
1.52883
1.43558
1.46894
1.64432
2.13762
1.27668
1.54353
1.46137
2.06468
2.35112
1.91536
2.10009
2.27869
1.94681
2.60486
1.94865
2.18692
2.38979
2.14677
2.35906
1.63452
2.04701
1.61226
1.93316
1.97419
1.58204
2.00258
2.18123
1.16957
1.77011
2.0752
2.06628
1.13897
1.18894
1.05175
1.09544
1.28459
1.49477
0.971083
1.95623
0.769434
0.507816
-0.137246
0.897101
0.634261
1.40925
1.34349
0.451812
1.36326
1.50013
1.07038
1.96329
1.5713
1.09901
1.16532
2.05792
0.916882
2.17785
1.1728
1.42939
0.776097
2.64055
2.16074
1.90931
0.833657
0.465627
0.0816996
0.451679
0.212877
0.27652
0.29581
1.55414
0.861244
0.563294
0.67233
1.2491
0.991852
0.829368
1.32787
1.5175
0.657587
1.49243
1.59776
1.74587
1.21071
1.61817
1.35224
0.963879
0.974228
1.28392
1.68358
1.58126
0.426895
1.45163
1.21635
-0.0695571
0.764134
1.57893
1.88258
1.0086
2.39448
2.34788
2.07193
2.45618
2.1765
2.38531
2.38576
3.00603
2.03038
1.77923
1.89881
2.3967
1.2227
1.61598
2.01136
1.11886
1.64088
1.79196
1.37142
2.26813
1.63995
2.33782
1.25165
2.56519
2.59322
1.51765
1.75945
1.32351
1.78764
2.78779
2.23901
1.39895
2.45876
2.17194
3.06506
1.95211
1.7232
2.98925
2.51119
2.05526
1.75209
1.98097
2.7881
3.07032
2.02063
2.08692
1.65843
2.02864
1.99715
1.97837
2.6895
2.06899
1.84174
1.85456
1.0851
1.32984
1.93361
0.608622
1.54529
1.96855
2.48645
1.81238
1.36757
2.50784
2.32988
2.72339
2.91682
2.79417
3.07528
2.74888
2.59973
2.44215
2.48087
3.36346
3.15423
3.07189
2.19488
3.35373
3.11865
2.51181
2.72135
2.78155
2.32776
2.89767
2.80196
1.80868
2.76051
2.26348
3.38149
2.51118
2.22043
1.89358
2.64697
1.64856
1.42673
1.47733
2.18008
2.37784
2.15731
1.9809
1.97395
2.87028
2.5178
2.14437
1.48854
1.77445
2.23834
1.69065
1.18281
1.82089
2.06598
1.77117
2.05827
1.12926
0.731292
2.44614
1.99532
2.25322
2.47593
1.81727
1.70399
2.68587
1.3528
1.17504
1.72404
1.67615
2.28875
2.82606
2.42761
2.48063
0.935224
1.76329
1.92568
1.31708
2.0688
1.50077
1.80963
1.77157
2.06154
2.04127
1.4716
0.52426
1.39934
0.869973
1.35323
1.76581
1.94987
1.72868
2.09785
2.64259
2.47932
2.0121
1.02543
1.61216
0.604174
0.812458
1.0558
1.29424
1.60697
1.34717
1.32357
1.53284
2.0535
1.98899
1.63406
1.79304
1.95155
1.96782
2.0712
1.54564
2.14517
2.07241
1.68814
1.51205
1.95855
1.71376
2.45177
3.3709
2.64868
1.74481
3.43848
2.53618
2.53305
2.24183
1.5289
1.26993
1.69477
1.71067
2.02741
2.42409
1.16267
2.5353
1.98201
1.65471
2.54325
2.34991
2.50943
1.44804
1.87822
1.70997
2.02679
0.988094
1.97817
2.37939
2.1813
1.58627
1.28496
2.53949
3.14935
2.56204
1.9081
2.18647
1.98251
2.14604
2.58727
2.27858
2.11143
2.45167
2.49007
1.39171
1.43463
2.14791
1.69062
2.14076
2.28583
2.05577
2.20152
2.44287
2.0777
2.65363
1.74169
1.26175
2.56288
2.42851
3.07701
2.72799
2.30674
2.19172
1.83064
2.39992
1.86442
1.37974
3.01749
2.678
2.13958
2.29045
2.36733
2.44328
2.29508
1.4798
1.99819
2.77873
2.7762
3.82026
3.10625
2.9885
2.12744
2.32694
1.23337
0.962413
1.26441
1.61433
1.44221
2.55972
1.54129
1.9646
1.75052
2.50805
2.20912
2.95606
1.77681
2.10326
1.58954
1.77121
1.52054
0.927408
1.98425
1.52144
2.21355
1.8664
1.60372
1.43173
0.948319
0.550613
1.53675
0.830442
0.45634
0.672016
1.24365
1.7853
0.869403
1.87862
1.10566
0.605032
0.936196
1.3841
1.52571
1.34179
1.88719
2.33713
2.03878
2.61241
1.7243
1.89156
1.1127
1.60396
2.10354
1.72471
2.6125
2.75239
2.48605
3.44051
1.98437
1.68729
1.7205
0.977559
1.19757
0.769326
1.39691
1.09127
2.44435
1.69504
2.23147
2.53049
3.34372
2.80084
2.9008
1.47651
1.08639
1.55225
1.94133
1.52516
2.14985
1.48887
1.98866
1.72316
1.009
2.2965
1.67642
2.31058
1.88174
2.49484
1.76066
0.449775
1.91104
1.9952
1.68991
2.17435
1.84016
2.06941
1.90642
2.17355
2.97563
2.23495
1.48564
2.54063
2.23859
2.81978
2.74671
2.23286
1.65994
1.87953
3.03738
2.22741
2.87946
2.50838
1.72254
1.82081
2.40764
1.44769
0.793308
1.45406
2.19799
2.06915
3.19166
1.32605
1.97856
2.81915
2.52806
1.67348
1.60964
2.18442
1.65806
1.75673
1.84314
2.35324
2.58606
1.41828
1.16516
1.33185
1.48749
1.8777
1.9321
1.48188
1.66204
1.75771
1.5106
1.57658
2.3923
1.4321
1.15117
1.24142
1.65639
1.87965
1.67933
1.10841
2.01171
1.58727
2.13686
2.53813
2.48097
1.76789
2.29655
0.81522
1.68387
0.267291
1.36899
1.86459
2.02771
3.30988
1.31557
1.96567
1.78473
2.33627
1.90588
2.5414
2.9846
2.05991
1.86391
2.28208
1.94991
1.85922
1.27047
2.06613
1.75241
2.46369
2.08006
1.31664
1.02822
0.748661
1.72617
2.60262
2.02017
1.70925
1.47793
0.629973
1.01649
0.984956
1.81101
1.22292
1.90278
2.25428
1.41235
1.95535
2.13556
1.69715
1.9262
1.46975
1.16039
1.00196
0.880792
0.250022
-0.109722
-0.264134
0.996123
1.96589
2.26927
1.3072
1.84877
2.27153
1.50304
1.30271
1.4097
1.54118
1.51011
0.539035
1.38562
1.57306
-0.461593
0.155687
1.52213
1.97793
1.23141
2.64391
1.29202
1.50513
1.16103
1.13765
1.2586
1.79508
2.38284
2.51134
2.05111
2.10228
1.95073
2.21485
2.25948
2.88498
2.72847
2.58726
1.67389
2.62401
3.02459
3.40065
3.25509
1.84869
2.62123
3.17327
2.23972
2.89655
2.13233
1.23234
1.92932
1.49292
2.76352
1.51938
2.32095
1.62992
2.62429
2.71209
1.64777
1.68482
2.02392
1.58932
2.20829
2.74582
2.44825
2.10731
1.76273
1.36891
1.23368
0.274418
1.11609
1.55479
2.45648
0.631617
0.824259
1.75145
1.74112
1.09547
0.735189
1.08767
2.03829
1.53291
1.90908
2.57697
2.19932
1.47476
0.963165
1.75362
0.831868
1.08531
1.6726
1.59269
1.75315
1.87169
1.42514
1.47195
1.62308
2.12621
0.981169
2.08345
1.2659
1.42964
2.09377
0.793515
1.30886
2.2412
1.78029
1.05096
1.18086
1.48296
2.21112
1.03381
2.1972
1.67737
1.78394
2.50661
1.89534
1.93467
2.06102
2.05545
2.64326
1.75507
1.22564
1.86451
1.77543
1.2044
1.92644
1.24624
0.411559
-0.138099
0.249811
0.786846
1.3269
1.94474
0.879807
1.17347
2.46544
2.13704
1.53213
0.918131
0.544545
1.26324
1.34367
2.05932
2.77753
1.64736
2.34173
2.618
2.74966
2.30133
1.25257
2.57822
2.14255
2.07736
2.85649
2.20702
1.61752
1.77197
1.14447
1.60713
1.46165
1.90411
1.35367
1.63901
1.31059
1.78954
0.526105
0.556555
1.12567
2.00626
1.71977
1.53427
1.92852
1.23223
1.83668
-0.366712
0.166154
1.86885
1.7507
2.08133
1.75677
0.536498
1.48269
2.03311
1.99665
2.52317
1.2958
3.33368
2.52132
2.80683
3.41581
4.04336
2.18963
2.87167
2.62414
2.6542
2.19877
2.33215
2.266
3.9466
3.61319
2.80837
2.12986
2.4219
2.49188
2.31492
1.34842
2.06101
2.26463
1.99461
3.46514
2.38173
2.22378
2.39885
2.57439
2.43136
1.82911
1.51247
2.11638
2.24804
2.16034
2.08219
0.759458
2.6028
1.84786
2.49094
2.20954
2.54409
2.17525
2.44013
2.30349
3.18715
2.8847
2.48348
3.41958
2.38291
1.71221
1.60721
2.39348
1.39339
2.18893
1.39626
1.73922
1.85304
2.77507
2.49453
2.49741
1.59391
1.19174
1.4061
2.51589
2.67299
2.43477
1.99009
2.38933
2.02852
1.93813
1.98557
2.75162
1.93082
2.1029
1.96216
2.29747
0.64016
2.13024
1.99187
2.01598
1.08602
0.915223
1.18111
0.956483
1.34483
0.785232
1.06521
0.852046
1.39998
1.82857
1.50037
1.54781
1.09226
0.831992
0.565193
0.779104
1.157
1.29492
1.92855
1.54073
1.70189
2.03395
2.05704
1.82609
1.8995
2.29194
3.1286
2.42246
2.62015
1.99603
2.7933
2.98655
2.74479
1.65489
2.3142
3.32618
3.78362
3.21934
3.11995
3.11407
3.23646
2.40784
2.60069
3.20086
1.60458
2.15768
2.12627
2.44325
1.51368
2.48927
1.38292
2.32602
2.1855
1.63376
1.60475
2.52982
2.61556
1.3621
1.12246
1.01082
1.36984
1.61271
2.25324
1.99467
1.33494
1.64477
2.25114
2.12976
2.63531
1.88146
1.6098
1.91306
1.17227
0.907685
1.00318
1.54487
1.21687
0.340652
0.960919
0.833189
0.903416
1.27371
2.30555
1.13435
1.07893
2.05076
2.10128
1.50462
0.200573
0.687589
0.121348
0.765147
1.90071
1.95993
2.13776
1.92992
1.08491
1.48208
2.23477
1.93556
1.80018
1.23044
2.03359
1.13731
0.287012
0.334946
1.2772
1.2902
1.77793
1.52667
1.53534
1.17001
1.36235
0.535971
1.33466
0.705688
-0.319288
0.574132
0.461406
0.218087
1.86362
0.164942
0.0596705
1.4192
0.877829
1.34861
1.50699
1.40808
1.02615
0.593369
1.22992
1.30918
1.00458
0.681777
1.50064
2.02341
1.98993
1.28529
1.31345
1.23806
1.70175
2.00072
0.969004
1.46762
1.52884
1.05533
1.22957
0.663576
0.48906
1.40295
1.44603
1.46287
1.22242
0.95757
1.8811
1.31355
1.82739
1.19536
2.23115
2.63307
2.50535
2.20671
2.93809
2.88219
1.93617
1.66839
1.88676
1.92344
2.54104
1.38222
1.67679
1.50296
1.74765
1.6944
1.57883
1.17824
1.51324
2.23362
1.28846
0.68294
0.779282
1.11845
1.43816
1.70886
1.50174
1.14128
1.30307
1.76438
1.44567
1.18597
1.17366
1.08146
0.684164
0.679737
1.46576
1.27026
0.761614
0.218062
1.01789
0.0260159
0.271494
1.47637
1.13666
1.51193
0.848058
1.74391
0.620133
0.963432
0.856463
1.0923
1.94887
1.29096
1.78434
2.0189
0.264605
0.71535
1.94445
2.50123
1.33838
2.03286
1.02999
0.420413
0.25553
-0.179399
0.0805439
0.307479
-0.266885
0.675617
0.693148
2.29681
1.93779
1.80071
0.738491
1.33681
1.43213
1.69097
0.868701
1.12231
0.77607
0.739822
0.552984
1.92621
1.83809
0.59306
1.09931
0.877963
0.452518
0.795736
1.07229
0.666543
1.12611
2.06434
1.62046
1.94398
1.57873
1.78863
1.4506
2.2579
2.46824
3.21219
2.1221
1.74505
0.582515
0.309319
-0.0301491
0.610699
-0.211942
1.15893
1.03496
1.41717
1.24314
1.56585
1.61585
2.24742
1.19623
2.46253
1.26113
2.1523
1.1919
0.919255
1.71044
2.03589
1.41666
1.93187
1.57888
1.40795
0.952467
0.29405
1.58077
0.690586
0.097594
0.866617
0.443628
0.376671
0.264782
0.339005
0.713682
0.416747
1.36714
1.33919
1.3528
1.67506
1.7023
1.00926
1.49285
2.12787
0.0514224
0.67275
0.4894
0.210604
0.682467
1.33017
0.238646
1.39209
0.816022
0.938629
1.63805
1.04219
0.963668
0.669751
1.80363
0.452169
0.659787
0.425532
0.481059
0.864184
1.78818
1.72604
0.368572
0.412149
0.840656
0.621935
1.63751
-0.133245
0.97614
0.877723
0.278692
1.6611
1.3972
2.23149
1.46731
1.33536
1.15844
1.18554
0.116415
0.351187
0.680455
0.613202
0.740121
1.22762
1.48579
0.859498
0.643771
0.35452
0.61052
0.239249
0.94685
0.546591
1.19712
0.787698
1.27721
1.17521
0.794363
1.863
0.990962
-0.207884
0.742528
1.84219
1.19
0.456263
1.91886
0.664666
1.40601
1.8298
1.25601
0.411303
1.71505
1.3676
0.957492
1.47536
1.00758
0.879189
0.693062
0.721109
0.724057
1.9555
1.92399
2.30228
2.53455
1.67226
2.57718
2.29212
1.18744
0.92328
1.16943
1.81076
0.809821
1.35692
0.939027
1.18219
0.640845
0.281063
0.0499842
0.234478
0.12623
0.108715
-0.956473
-0.463407
0.820703
0.540454
1.42835
0.924691
-0.672471
1.35526
0.59445
0.804522
1.54842
1.48016
1.76721
0.61777
1.16774
1.59155
2.39943
2.37082
0.380941
0.817521
1.88152
1.3949
2.29751
1.85708
2.149
1.27132
1.26782
0.908835
0.252199
0.822624
0.50172
0.472912
0.782566
0.908992
2.02802
1.7218
0.788759
1.59165
1.75745
1.34207
1.62483
1.47577
1.47818
0.82347
1.65487
1.62588
1.61873
1.35215
1.48227
0.633028
0.938797
0.629037
0.486648
1.00804
1.31747
0.895397
0.206609
-0.302103
1.22488
2.19938
1.70121
2.15116
1.82549
1.83405
1.65695
1.10888
0.647605
0.735381
1.1675
1.59469
2.22119
2.07026
-0.00783332
0.521771
1.20222
2.08649
1.18397
1.41872
1.45635
1.00698
0.282586
0.830358
1.77387
1.29094
1.03282
0.957688
1.77688
1.95011
1.71349
1.10789
0.965228
1.43012
2.09852
2.94709
2.23315
2.06817
2.47004
2.19981
1.95426
2.79226
2.60292
1.89359
2.76809
3.06606
2.08443
1.36704
2.70553
1.85553
1.7073
1.00839
1.41957
1.57451
0.50199
1.50171
1.70951
0.836226
1.57496
0.885924
0.642231
0.608079
1.78079
1.69198
3.66979
1.72086
2.25644
2.83176
2.97146
1.56634
1.62775
2.57306
1.51643
2.58127
1.18009
1.65781
1.86142
2.29064
2.30973
2.04329
1.72999
1.61634
0.943949
1.63754
1.99607
1.70696
2.19396
2.04164
2.57244
2.51252
2.71199
2.17545
1.95722
1.74363
2.89152
2.25706
2.59799
2.92437
2.8134
3.0141
2.40873
1.91466
2.17755
2.13044
2.33993
2.23037
2.13955
1.63156
2.47835
2.24415
2.575
2.75133
2.62794
2.5277
2.70061
2.35334
2.40191
2.45225
0.927784
2.04768
2.77531
2.3911
3.20479
1.54696
2.4071
1.48012
1.34552
2.29687
2.29094
1.80116
2.5578
0.613032
0.941501
1.71151
1.87887
2.3542
2.38461
2.22001
1.70244
1.25968
0.705721
1.41975
1.53419
1.61516
2.05617
1.00529
0.824571
0.317307
1.66105
1.88619
1.15075
1.51251
1.23363
2.34843
1.9674
2.40323
1.59224
2.04537
1.49783
1.8347
1.19815
0.560118
1.04424
0.985895
0.170693
1.41706
1.60834
1.06514
1.43948
1.82437
1.65505
1.77035
1.79041
1.52146
2.40842
1.50289
1.98696
2.24435
1.3287
1.61808
2.23655
1.60832
1.12277
2.27098
1.65221
2.41795
2.24034
1.77246
1.75303
2.50621
1.92435
1.35837
2.05644
2.57696
1.53639
1.06679
2.24019
2.22425
2.22441
2.88255
1.87684
1.96404
1.95687
2.1882
2.7779
1.67893
2.01638
1.90095
1.76545
1.6301
1.93963
1.16497
1.28724
1.7608
2.10537
2.01743
2.12207
1.3359
2.37213
2.96992
2.129
2.29841
3.58542
2.81662
1.51292
2.45096
2.31071
1.05198
2.17242
2.04259
1.98116
1.86187
1.03742
0.847944
1.08816
1.50903
1.98342
1.61892
1.88868
2.83875
1.49716
1.38061
1.93493
1.48413
1.47785
1.04778
1.57394
0.480495
1.04131
1.72082
0.544264
1.63101
2.36053
2.05745
2.29031
1.91215
1.48152
1.8955
1.82922
2.1912
1.45516
1.28035
1.74371
1.64142
1.42571
1.91023
1.62854
1.56389
1.19184
1.78414
2.09061
1.8872
1.06863
1.8045
1.61469
2.66508
1.3608
1.9959
1.0016
1.24574
0.953741
1.01427
0.803072
1.36109
2.22715
1.15748
0.862116
1.70033
1.7782
2.42933
2.97847
1.24134
2.15767
2.80084
2.04413
2.89687
2.8689
2.22274
2.91135
2.21895
1.97612
2.23825
1.90451
1.97325
2.34751
1.97548
1.82696
1.73958
2.86984
3.48799
2.88231
2.46757
3.16679
2.26217
2.69956
2.07468
2.24644
3.06794
2.89632
1.98303
2.44564
2.07093
3.45346
2.88632
2.33239
2.46345
1.86576
2.85514
2.65958
2.38028
1.64144
1.7873
2.27027
2.40717
3.22917
3.06041
2.55036
1.82043
3.22097
3.35742
3.22289
3.58373
2.27409
2.56332
2.30179
2.16843
2.37773
2.89608
2.50421
1.81996
1.82789
0.830484
2.05407
2.082
2.32379
1.35548
2.13723
2.09416
3.29616
2.21462
1.77247
1.75786
2.37017
1.38193
2.54028
2.92361
2.64004
3.18234
2.65031
2.46196
3.11446
3.43041
2.20542
3.01255
2.54423
3.18888
2.25455
2.14161
2.69734
2.59422
1.82344
2.56098
1.91195
2.87542
2.05766
1.45538
2.1664
2.44283
2.6138
4.10929
4.43951
4.05317
3.67054
3.01654
2.90727
3.2288
2.29436
2.87563
3.10514
3.13787
3.20069
2.46645
2.67252
2.8599
1.67244
3.3586
2.8255
2.65001
2.1372
2.27308
1.82147
1.46795
2.12704
1.65515
2.13545
1.71805
2.79468
3.15978
3.71093
1.99302
2.02245
2.48109
2.50346
2.69623
2.75512
2.40641
2.31619
2.37447
2.26565
2.07284
2.31076
2.52166
2.16392
3.28857
2.95841
3.45291
3.65448
2.25788
2.43478
1.5507
2.23419
2.69001
2.10146
3.06531
2.54454
2.9269
2.96594
3.58163
2.71611
2.25701
2.32317
3.13926
3.21345
2.67949
3.14627
2.91861
2.49851
2.95833
3.46214
2.23521
3.27743
2.27083
2.55646
2.38304
2.14688
3.20777
2.25242
2.37296
2.2812
1.70029
2.26665
2.53855
2.80357
2.32127
1.62118
1.33868
1.37243
1.33912
1.37079
1.00731
1.6944
1.03325
1.71849
2.14409
2.4762
1.29465
2.19142
2.18936
1.54728
1.16097
1.36273
1.87015
1.20656
0.838389
1.45493
1.47767
0.734438
2.11927
3.42763
2.72573
2.67598
2.83644
1.96295
1.93505
1.72101
1.88398
1.93538
1.58239
1.2023
1.34466
1.23349
2.25286
2.64889
2.15213
3.07178
2.34607
2.40352
2.42824
1.44978
2.26247
1.8015
1.53173
1.23491
1.12213
2.57484
1.91075
1.29658
1.84956
2.59214
2.08078
1.80698
2.28001
2.68986
2.18313
2.74263
2.61838
1.97899
2.80414
2.68288
2.47715
0.961766
1.11446
0.53738
1.81128
1.34685
1.36151
2.84502
2.47361
3.14455
2.95888
3.23649
3.36162
3.19179
3.12654
2.79047
3.1166
2.88931
2.38258
2.57852
2.36496
2.76237
2.15312
2.25474
2.73491
2.04871
2.77712
2.4236
1.18083
0.758173
0.473086
0.576392
1.62375
0.360266
1.8357
2.68829
1.73863
1.76178
1.84967
1.96667
1.92099
2.15097
1.55882
1.26965
1.50481
1.83934
1.59536
2.21296
1.99526
1.68828
2.23523
2.24187
1.82555
1.41341
1.4919
1.93845
1.63054
0.878384
1.41979
1.62692
1.67662
1.49797
2.17249
2.15348
2.16212
1.68736
1.08544
1.12001
1.1417
1.07636
2.50093
2.89682
2.82082
1.96489
2.57868
2.18652
2.54797
2.17852
1.42694
2.18708
2.51027
2.72438
1.23881
1.57243
2.13046
2.26031
2.11985
2.20831
2.04395
2.54016
2.22395
2.57462
1.87381
2.29375
1.95491
1.96621
3.34972
1.99247
2.32868
2.04035
2.71883
2.42391
2.1178
2.9107
2.4876
1.56844
1.91638
1.31802
1.83803
1.6936
1.50931
2.17041
2.08298
2.16204
1.34283
1.53221
1.39763
1.40303
1.27094
2.17302
2.33157
1.87357
0.871158
1.1631
1.55112
2.31139
1.84454
1.4906
1.31629
0.74902
1.01813
1.42828
0.428367
1.79464
1.28242
1.44424
1.70078
1.8121
1.38013
1.06719
1.90588
1.60117
0.760802
1.38486
1.14659
1.391
0.955738
1.86258
2.34318
2.72314
2.90912
2.13566
2.44884
2.47003
2.08657
2.34087
2.31563
2.78699
2.04695
1.79785
0.993908
1.95629
2.20188
1.97782
2.23241
1.5611
1.49784
1.79082
1.29423
2.04286
2.15596
2.22491
1.87641
1.45912
2.19466
2.50205
1.59648
1.60954
2.20144
1.83873
2.38642
2.94774
3.19547
2.70214
2.57333
2.85906
3.67079
3.07257
2.76611
3.04171
2.56245
2.66727
2.41159
2.21467
2.69467
3.63918
3.58867
2.75987
2.60264
2.85002
2.05681
2.33114
2.24688
2.33118
2.43593
2.16695
2.35699
2.47611
1.89254
2.46244
2.23696
1.37049
2.38299
2.36585
2.23582
3.46295
3.00353
2.75698
3.34035
2.84265
2.63212
2.72953
2.69067
2.81718
2.51128
1.56272
2.30635
2.9708
1.86965
3.12719
2.97067
2.47825
3.63662
2.87709
3.28133
2.28926
1.51974
1.82441
2.9013
1.56933
2.45533
1.81318
1.90684
2.43359
1.54382
1.69951
1.92481
1.40724
0.999878
1.21383
2.28319
2.20994
2.31208
2.31595
1.97211
2.02448
2.22971
2.921
2.37354
1.85526
1.62089
1.59646
2.68547
2.86441
2.2535
1.60254
2.26612
3.21283
2.43951
2.39904
2.62346
2.41199
1.71811
2.12184
1.87334
1.66995
1.38931
0.793446
2.4484
2.37591
2.9391
2.61036
2.58419
1.88539
2.71652
2.44451
1.63953
2.75307
2.29753
3.17599
2.50558
3.39757
2.90478
4.00984
3.08732
2.41894
3.06582
2.90582
3.09557
3.79487
2.40417
3.46681
3.5144
3.09297
3.39984
2.29209
3.28684
2.94533
2.38021
2.67693
3.63108
2.47666
1.49554
1.98558
2.35787
1.97025
1.46681
2.75315
3.066
2.83149
2.84521
3.07255
3.64718
2.99374
2.83843
3.15586
2.04501
2.5859
2.93449
2.88813
2.2925
2.4646
2.668
3.61998
2.4635
1.8051
1.25316
1.91234
1.78401
2.6109
2.85175
1.75289
2.89729
1.87838
1.05397
1.98197
1.93909
3.04384
2.63439
2.03204
1.77961
2.73758
1.81342
1.07012
1.35418
1.24726
1.29592
1.91402
3.00082
2.84642
1.76533
2.70495
2.54377
2.26412
1.76317
2.05849
2.38472
3.05318
2.62618
2.81283
3.57676
2.61061
3.3402
2.25414
2.46992
2.94708
2.50037
1.89307
2.19801
2.45628
1.89163
2.63402
2.65446
2.1227
3.23081
2.67519
2.71909
2.36157
2.89485
2.92585
2.90248
2.8748
2.30793
2.80807
2.47345
3.42065
3.03255
2.873
2.26962
2.88183
2.23733
3.70963
3.32122
3.53844
1.8238
2.52853
2.89192
1.95141
2.33499
2.78656
1.4301
1.51507
1.44185
1.79394
2.56398
2.51703
2.70901
2.44959
1.92961
2.39388
2.36904
2.18227
1.73987
1.8434
2.22922
2.36931
2.94912
3.35241
3.9003
3.52734
3.51424
3.0559
2.97463
3.22967
3.27921
3.31502
3.3164
2.90569
2.12299
2.34586
3.81091
3.06001
4.07539
3.14516
2.36104
3.55375
3.45115
3.13078
3.00365
2.63387
3.08083
3.31518
2.63312
3.39128
3.27116
3.27542
3.40226
2.73548
2.39147
2.93339
2.25819
3.08824
3.05656
3.4729
3.72783
2.44544
3.06489
2.95743
3.32873
3.8245
3.89112
3.00073
2.50199
4.06336
3.24671
2.6581
3.03254
2.83367
4.2189
3.35122
2.38413
2.89529
2.60373
3.24434
3.31334
2.30485
2.71425
2.94071
1.77371
2.77823
1.85366
2.09296
2.96719
3.09812
2.6038
3.12179
1.42955
1.39567
1.93691
2.81725
1.93389
1.13932
1.43686
1.81429
1.89246
0.749951
1.6517
1.89918
1.38884
1.1641
1.68485
1.61149
1.89807
2.90909
2.87399
1.47957
2.15427
2.25217
2.52754
3.02627
2.13816
2.27675
1.97242
2.22573
2.97137
3.65077
2.46362
3.6942
3.19425
2.99662
2.58554
3.13918
3.24314
3.05089
2.19307
2.95669
2.59801
2.45321
2.20307
2.48084
2.43132
3.6607
2.89119
1.99938
2.39247
1.9237
3.07238
2.17001
2.82171
2.97738
1.99775
1.95424
2.57907
1.54459
1.8908
2.09847
2.76168
3.58419
2.43547
2.25942
2.48879
3.10555
2.21636
2.38707
1.85818
1.92238
2.08826
2.78486
2.04579
2.7259
3.08093
2.53758
1.5597
1.91535
2.15349
3.113
3.47227
2.94845
1.50503
2.56234
2.13544
2.78411
2.79741
1.89113
1.44658
1.88126
2.2166
1.99871
1.34516
2.21743
2.38124
2.12629
1.94419
2.65442
2.45903
2.51418
2.31089
2.10464
2.30457
1.77908
1.52691
1.01748
1.51301
2.07252
2.09996
2.12437
1.60487
1.98383
3.03215
2.90117
3.67032
2.77881
3.59593
3.00393
3.02315
1.98627
2.28152
1.02813
3.22909
2.66753
1.74377
2.08569
2.48881
2.66922
2.21913
1.99416
3.05075
2.42675
3.37916
3.06718
3.35364
2.34103
2.98019
2.21302
1.74622
2.30463
2.7601
2.58475
1.84607
2.32398
1.98319
1.72681
1.00671
1.38197
2.20203
1.9352
2.80871
2.89625
2.1157
1.8537
2.81959
2.20191
1.30806
2.13303
2.63402
1.66234
2.13696
2.62592
1.68666
2.10819
3.00806
2.16841
2.49791
2.42643
3.15278
2.51935
1.89733
2.65493
1.84519
2.14603
2.02137
2.46036
2.32305
1.94636
2.37115
1.85815
1.99664
1.78189
1.21911
0.944642
3.4525
2.44556
2.21646
2.25833
2.84961
2.77072
2.00081
2.19924
3.64972
3.31377
2.12128
1.96419
2.46951
1.16286
2.23796
1.81495
1.74494
1.98164
3.00379
3.46023
3.29198
2.03776
2.96994
2.6484
3.19903
3.01612
2.47832
3.1672
3.16942
2.9192
2.29562
1.95487
1.78282
0.818231
2.52904
2.33099
1.84376
2.10685
1.91066
3.64998
3.17695
2.7023
2.28393
2.59404
2.02544
2.31546
2.50917
1.92518
2.96072
2.58398
1.60749
2.68789
1.72607
1.96254
1.47167
1.84921
2.35196
2.08239
3.00227
2.78134
2.50918
2.66365
3.67831
2.91628
1.99686
2.3467
1.75611
1.72134
3.18186
2.79943
2.44239
2.46301
2.59473
2.50164
2.15539
3.01443
2.78529
1.60605
2.67574
2.02381
1.71704
2.01219
2.78928
2.92471
3.96292
2.70709
1.71934
1.4077
1.93507
2.74124
3.67237
3.25312
2.66278
3.00983
2.86034
2.84057
2.81871
2.68297
2.7026
3.1663
2.89143
2.92994
2.64713
2.11051
2.02241
3.46273
3.1131
3.92829
3.47246
3.22792
2.55249
1.98733
1.10194
1.7271
2.50656
1.20367
2.17325
1.97499
1.99448
1.68363
2.19172
2.13551
2.24886
2.53286
2.83023
2.85168
2.85528
4.14907
2.89492
3.75721
2.75785
2.6758
2.58755
2.84065
2.58743
2.639
3.13931
2.94406
2.93149
3.08433
3.43333
3.82834
4.01096
3.09745
3.91408
3.2806
2.87825
3.12273
2.56428
3.15968
3.44921
2.99856
2.72487
2.96363
2.9857
3.15614
2.75537
3.33742
2.56174
2.85486
3.03484
2.47389
2.49539
3.11503
2.8155
3.34901
3.20885
1.87699
2.23386
2.16512
2.34538
2.29254
3.27038
3.28109
2.82491
2.67124
3.1593
2.93296
2.44157
2.38586
2.20155
2.26897
2.26007
2.65363
1.93876
2.55296
2.07247
2.38795
2.09613
2.65364
2.67558
2.51517
1.79224
1.83505
2.08794
1.65065
2.86065
2.08008
2.95731
2.76488
2.4282
1.83245
1.37381
1.41778
2.07779
2.98018
1.99958
2.73761
3.01298
3.40725
2.95841
3.24476
2.95308
2.96487
3.52134
3.74766
4.23434
3.62614
3.71944
3.59615
3.49124
3.64641
2.9416
2.46209
3.46498
2.11288
3.19656
2.32684
3.32945
2.61793
2.59901
2.51499
2.49994
3.00673
2.44191
2.49966
1.8986
2.21496
2.14506
3.27091
3.08448
3.31568
3.2504
3.21173
3.50152
2.34062
2.01516
2.58222
2.86248
3.37637
3.36806
1.85258
2.77603
2.21541
2.26108
2.64196
1.95957
3.16935
3.15707
3.14904
2.19886
2.60771
2.86337
3.24119
2.3082
2.82875
1.86665
1.39715
2.22972
1.85724
2.54533
2.77548
2.51385
2.00499
2.36741
2.02702
2.66432
3.02508
2.21458
2.50484
2.94098
2.44386
1.39384
2.02929
3.01525
2.21762
3.07075
3.77171
2.37821
1.84299
2.23594
2.01685
2.64828
1.83409
1.62427
2.68257
2.30974
1.41104
1.74905
2.41046
2.18446
2.38849
1.61006
2.46028
2.33988
1.56724
2.26912
2.09107
1.91555
3.20273
2.70188
2.75751
2.46369
2.83388
3.12499
4.24207
3.39821
3.32346
1.48106
1.77047
2.19835
2.48539
1.81567
2.25967
2.07257
2.88125
3.19205
3.09133
3.77512
3.45785
2.01944
1.73477
2.61442
2.45922
2.36211
2.12406
1.01488
1.96582
1.73475
2.53779
1.44813
1.65163
1.87222
2.44714
3.36735
2.97064
2.54996
2.9898
2.5891
2.71209
2.84085
2.34958
2.26227
3.01141
2.89792
3.62726
3.10628
2.54145
3.2252
2.76536
2.46304
3.38529
2.5973
3.02927
2.47248
3.23557
3.06783
3.27257
2.69715
2.66408
2.67576
2.74223
2.2846
2.70348
1.61902
2.17264
3.37571
2.32505
2.22689
2.52378
2.44723
2.50861
2.75507
2.68234
2.75987
3.38624
3.73917
3.29415
4.37179
3.89768
2.43455
2.27711
2.33831
2.44886
2.80924
2.55442
2.62226
3.09919
2.69514
3.18553
2.12635
2.65787
2.77508
2.00075
2.33559
2.49281
2.45195
2.06455
1.48462
3.22489
1.72472
1.76053
2.39468
2.24783
1.65947
2.51637
2.35542
2.86053
2.26244
1.98469
2.45015
1.91378
2.20417
1.34444
1.08386
1.74501
1.49115
1.77673
2.04679
2.00805
1.81315
1.30508
2.50678
2.04329
2.36402
2.18975
2.5446
2.51136
2.64636
3.06392
3.06562
2.58838
3.04301
1.51707
2.09811
1.68403
1.79923
2.65484
2.78101
3.3391
2.3085
1.96583
2.32586
1.63382
1.48291
1.13869
0.863489
1.36309
1.8192
1.3958
1.45655
1.57013
1.14626
2.05875
2.14932
1.9085
1.53732
2.47855
2.86754
3.46562
3.50299
2.41451
2.32944
1.91005
1.88624
2.25179
3.23504
3.19926
2.79392
3.24258
2.96544
2.51204
2.79377
2.40592
2.04455
3.11885
2.32975
2.83024
2.08377
2.01651
2.93467
3.84406
3.11617
3.70559
2.55911
2.82341
3.00736
2.45301
2.4735
1.78243
2.43018
3.05157
2.52924
2.59931
2.78911
2.46072
2.77382
3.21202
2.05802
3.10084
2.37604
2.87032
2.5553
1.83702
2.53894
2.93274
3.06169
3.46223
2.50448
3.59818
2.3893
1.50912
2.62047
2.24404
2.97862
1.91523
1.4936
2.11093
1.13949
2.16053
2.54942
1.98083
1.32212
1.51061
2.03812
1.90901
1.95221
2.70663
3.13373
2.13798
2.37136
3.03153
2.47774
2.10284
2.6308
2.4088
3.45274
3.46271
2.7609
2.37214
2.69951
2.95596
2.34626
2.49059
2.19958
3.07193
2.50629
2.28208
1.81533
2.62272
2.49055
2.59765
2.03076
2.73498
1.36523
2.23666
2.48913
2.23979
2.50705
2.68597
2.18411
3.19961
2.34712
2.44949
2.23152
1.19721
2.44385
2.05943
2.63261
3.54104
2.72184
1.9532
2.73456
2.56687
1.68321
2.56207
3.24384
2.52511
2.27724
3.15905
3.20312
3.62561
2.94053
2.20288
2.50903
2.92492
2.72674
2.76358
2.0878
1.58909
1.89293
3.1925
2.66511
1.91995
2.21423
2.36031
2.17693
2.24297
1.62097
2.04201
2.32346
2.0803
3.70956
3.43713
2.68082
2.43892
2.61078
2.12974
2.92403
2.467
1.93065
2.87812
2.33214
2.39613
1.90352
2.14243
2.31096
3.15222
1.89673
2.24633
1.71452
1.54928
2.34141
1.63912
2.73995
2.20768
2.65316
2.18047
2.1272
2.47552
2.32348
2.19694
2.11059
2.84623
2.86425
2.78414
2.35657
2.92172
2.24803
2.62762
2.22478
1.75756
1.98696
1.76619
1.74489
1.12636
1.54627
2.5972
2.60299
2.41498
1.61686
2.25075
2.47397
2.676
1.47693
1.72003
2.10897
2.41429
2.40035
2.25586
1.44326
2.00122
2.02757
2.74706
3.24427
3.37996
2.77522
2.30842
1.60871
2.17707
2.43412
1.9795
1.64621
0.719441
2.06129
2.5615
2.95865
2.17544
2.59329
1.73001
2.57226
2.2241
1.91311
2.61405
2.00298
2.3041
2.1565
1.57383
2.24193
2.35392
2.1616
1.44123
1.69437
2.6622
3.27331
2.01719
2.45984
2.33608
2.31989
2.3775
2.11759
2.93353
1.9902
2.5984
1.78278
1.70452
2.13281
2.68037
2.00148
1.71358
1.74669
1.93228
2.90572
1.7526
1.61408
1.33112
1.54769
2.34031
2.29629
2.14188
2.26861
2.25024
1.91777
1.47598
1.5046
2.24756
1.99458
0.582056
0.941274
2.19354
1.35703
1.82336
1.89523
1.47077
1.65114
1.67141
2.54206
2.87217
2.31244
2.40583
3.23465
2.43937
2.40066
2.52987
3.13555
3.16999
2.55437
2.87771
3.32023
3.50949
3.44333
4.29232
2.87427
3.22349
3.26925
2.64641
2.14828
2.75986
2.87347
3.19411
2.61991
2.72058
2.46939
2.31435
2.13827
2.08512
2.09363
1.88685
2.44678
1.80942
1.5232
1.88193
2.40482
1.67106
1.57834
1.47215
2.00892
1.79374
2.2058
2.5072
2.47483
2.63309
2.32795
2.85741
3.94853
2.99392
3.65516
2.7763
2.90942
2.87948
2.64532
3.28983
2.17113
1.32485
1.45893
2.69516
1.79407
3.06716
2.54863
2.26985
2.19724
2.00571
1.74831
1.9248
2.16195
1.78438
2.83043
1.51206
2.15908
2.10033
1.42842
2.42974
2.67796
2.67104
1.98404
1.97466
2.6776
2.27842
2.12859
2.34179
1.77984
1.96884
1.90726
2.09382
1.67165
1.7398
2.04405
2.14648
1.75554
2.50126
2.5798
3.0415
2.50397
2.10842
2.71975
2.15994
2.57353
1.58079
1.52497
1.8172
2.14099
2.31365
2.44144
2.33234
2.49277
2.39033
1.62005
2.3414
1.44754
1.2671
1.977
1.67575
2.09775
1.70957
1.74625
2.38693
3.04861
3.35932
2.51239
2.16112
2.04091
2.3631
2.96951
2.1718
2.66246
2.73815
2.26995
2.59777
2.8325
1.18647
1.7823
1.0733
1.38068
1.35552
1.96289
2.3324
2.18122
1.32883
3.13118
2.14263
2.72444
1.80429
1.51437
1.35856
2.22068
1.87289
2.6907
2.26718
2.38083
2.7484
2.55527
2.88043
3.34408
2.62342
3.08357
2.94465
2.53709
2.60987
4.10126
3.77276
3.85555
3.08597
2.09565
2.93449
2.65905
2.46846
2.62477
2.10243
2.97697
3.49857
3.07381
2.54488
2.16051
2.26559
3.82822
2.71028
3.81292
2.66296
2.71733
1.77737
1.75983
1.866
2.31315
3.26691
2.03441
1.37753
1.73949
1.91146
3.02218
1.51218
2.02831
2.66371
2.57083
2.33028
3.06579
2.54203
2.47846
3.15695
3.17531
2.41314
2.4968
1.76058
2.89395
2.26915
1.43254
2.75626
2.77444
3.18875
3.82467
3.78129
2.72268
3.57836
2.99204
2.14603
3.37931
3.28876
3.32573
3.54921
2.79368
2.89936
2.2186
2.93584
1.7504
2.12541
2.67597
2.88275
2.20318
3.27657
2.46077
3.42153
2.99823
3.88187
2.53114
2.74536
2.34344
1.4168
2.4567
2.14472
2.11041
1.9609
2.0916
2.27511
2.57197
2.47816
2.99416
3.89857
3.03005
1.63968
1.67537
2.50606
1.44429
2.18316
1.88855
2.4173
2.15694
2.4732
3.12922
2.88265
2.11771
2.02932
2.50717
2.90686
2.53912
2.92829
1.91732
3.13159
2.63733
2.82391
3.18385
2.74074
2.35521
2.37609
3.18149
2.96677
3.9388
1.6741
2.55074
1.22892
1.74693
2.8237
1.776
2.47254
2.93671
2.03812
2.18689
2.75024
2.87701
2.1763
2.66795
1.93465
2.63995
2.94024
2.73587
2.42183
1.92434
2.42986
1.94352
2.24888
2.70225
2.57876
2.89315
3.23647
3.11251
3.15626
2.566
3.04574
2.97811
3.7155
3.65744
2.91119
2.66647
2.75862
2.80723
4.02431
2.85534
2.87002
3.07029
2.61772
2.92165
2.53171
2.36394
2.48896
1.84378
1.69509
1.68151
2.35026
2.54673
2.22757
2.45472
2.45728
3.2689
3.07962
2.4268
2.98656
2.31663
3.0069
3.69769
3.65958
2.92766
3.1961
3.51426
2.37728
3.18862
2.94954
2.93316
3.62134
3.66718
3.21749
3.68561
2.48612
2.04997
2.88108
2.768
3.19185
3.13027
3.0203
3.20196
3.54631
3.18493
3.22849
2.54214
2.83002
2.55597
2.43067
2.68982
2.84871
2.83776
3.08605
2.90653
3.41703
2.97327
2.97582
1.9932
2.49164
3.35942
1.95057
2.05635
2.25841
2.10255
1.64968
2.31995
2.95348
2.15612
3.20439
2.40153
1.7426
2.1105
3.20981
3.16315
2.81982
2.85576
3.27036
2.34411
1.80425
2.77014
2.56933
2.88259
3.10201
2.31757
2.85551
3.21568
3.07805
2.68428
2.50606
2.80466
1.73656
2.63075
2.0691
2.47386
3.52825
2.32572
2.76101
2.78395
2.60535
2.15169
2.66889
2.9313
3.27744
2.55021
2.78055
3.15458
2.62491
1.75239
1.79761
2.42304
2.54236
1.15978
2.66111
2.83478
2.22954
2.0108
1.90696
3.37849
2.7221
2.6265
1.66748
1.95585
1.53539
1.46038
2.6403
1.74071
2.60063
2.68409
2.67232
2.57961
1.73597
2.06082
2.19904
2.4889
1.85662
2.34431
1.05434
1.43864
1.47091
1.8219
1.85916
3.1665
1.8851
2.62373
3.05745
3.5064
2.80017
2.44894
2.36869
1.38359
2.23288
2.48789
2.22782
2.15208
2.7377
2.5162
1.58171
2.12725
1.87256
2.57377
2.32634
2.32088
1.85881
1.94516
1.91776
3.27543
3.04406
2.26943
2.40869
1.71128
2.29497
2.89816
3.03525
2.09539
2.37564
2.61353
2.88366
2.46094
2.04926
1.51688
2.38969
1.92048
1.90422
1.33454
0.732598
1.4881
1.98949
2.39202
2.40501
3.25885
2.07545
2.06137
2.87777
2.63803
1.47384
1.89444
2.69464
3.16877
3.11512
2.16543
1.42328
2.9638
2.75102
2.82492
2.47595
2.12092
2.02831
1.84505
2.05644
2.60342
1.35305
1.28936
1.44207
1.0316
1.86513
2.60076
2.55914
2.09106
2.13619
2.72491
2.47774
0.93719
2.26125
2.17875
1.31986
2.16142
2.75514
3.40707
3.04639
3.27281
3.18809
2.77253
2.68789
3.82119
2.18368
2.20111
1.59214
2.58196
2.55033
2.05903
2.49361
1.78227
2.47621
2.64244
1.71998
2.80914
2.37158
2.54344
2.72605
2.63959
2.27802
3.36262
2.31781
2.3042
1.83984
1.83187
1.36774
2.19676
2.09679
1.08778
1.59118
1.85087
1.72452
2.26051
2.48407
2.73067
1.83787
2.01519
3.27581
1.47156
2.1801
1.41739
1.88863
1.62517
1.96523
1.86793
2.11056
2.24817
2.00013
1.79983
2.29881
1.95085
1.99729
1.78607
1.86175
1.8396
2.56361
2.80577
1.54261
1.69499
2.25931
2.06302
1.86679
1.7951
1.1028
0.916225
1.4955
2.21442
1.0189
2.07707
1.73897
1.54417
1.13588
2.75352
1.70596
2.0578
2.09089
2.04867
1.5705
1.27466
2.37231
2.02061
2.59126
2.61886
1.94536
2.9799
1.81026
1.71523
1.24974
1.77603
2.07261
2.19134
1.50919
0.847667
1.9556
2.44342
1.62688
2.65888
2.80903
3.04362
1.68242
1.85157
2.02501
2.39367
1.8186
2.77355
2.41124
2.96839
2.15671
2.39987
2.92016
2.69019
2.4137
2.93556
2.10789
2.54324
1.73499
2.28922
1.9896
2.0006
2.06661
2.41856
1.60552
1.5662
1.48031
1.93564
2.7373
1.12113
1.69427
1.97962
1.69422
0.464272
1.59594
2.00477
2.03375
2.08094
1.99516
1.55336
1.79929
2.04504
2.48435
2.10824
2.11568
2.44148
1.99561
1.1507
1.38897
2.03015
1.24073
1.04525
0.63507
2.09805
0.380185
1.3854
1.59476
2.2248
1.01524
1.10383
1.01075
2.4816
1.917
1.6145
0.894111
0.435516
0.897357
1.91351
1.05169
1.54207
1.54233
1.42611
0.910881
0.666991
1.01145
0.952662
1.3403
1.16593
0.423889
1.11083
0.981342
0.140542
0.322448
0.541407
1.43198
1.83849
1.03247
0.789041
1.38913
1.6221
1.6756
0.998757
1.89057
1.8274
1.79178
1.69532
2.31975
1.13474
1.52007
1.84282
1.8277
2.16406
1.24284
1.42897
1.37481
1.65505
1.18655
1.89846
1.96111
1.11123
2.67784
2.26745
1.40312
1.21284
0.794715
1.32199
0.328193
0.975966
1.5267
0.889481
1.63058
1.7097
1.91696
2.55145
1.62604
1.28391
1.09365
1.56158
1.67252
1.42153
1.68681
2.43777
1.55985
0.899493
1.4947
1.70778
1.14723
1.27157
1.20551
0.89432
0.720289
1.56416
1.26458
1.34239
1.62293
1.82696
1.44483
2.68914
2.15424
2.02332
2.04386
1.21722
1.50585
1.34113
2.47284
2.96696
2.6091
2.89868
1.86425
2.15126
1.83639
2.25338
2.20586
1.96634
1.85768
1.43094
2.76093
1.91675
1.92395
1.33
2.85267
2.19788
2.32505
2.22639
2.39699
0.692001
2.3693
1.62634
1.61325
1.56414
1.58128
1.89944
2.31321
1.95157
1.59058
1.52537
2.21606
1.77595
1.8443
2.34463
2.00459
2.66059
1.60774
1.86932
2.50161
2.61005
2.83587
1.50768
2.06875
2.14063
1.37818
1.36765
1.89788
1.22693
1.64217
1.44194
1.88945
1.23574
0.965697
2.25335
0.851443
1.00537
2.02302
1.66807
1.90677
1.54998
2.82464
1.46674
3.21322
1.47726
1.78113
1.04519
1.31098
2.34719
2.05195
1.98646
1.88446
2.0026
1.74723
1.10928
1.46872
1.42803
1.61834
0.551132
2.81701
1.18971
1.51301
2.51693
1.4111
2.52981
1.96303
2.75161
2.35146
2.4954
2.92062
2.43279
2.72421
3.16076
3.04045
2.50573
3.25783
2.7753
2.92965
2.94171
2.06529
2.19275
2.59577
2.34056
2.25761
1.37966
2.02905
1.9639
1.70736
1.74522
2.13568
2.21504
1.0531
0.791908
1.09446
1.12775
1.59861
1.67096
2.24862
2.54328
2.42455
2.19642
1.74846
1.44865
1.913
1.79684
1.79311
1.37896
2.03409
2.24249
2.46618
2.54608
2.37387
3.34648
1.00475
1.70692
2.59479
2.02356
1.58022
2.19096
3.08068
2.69708
2.27515
1.80343
1.31082
2.43414
2.18392
2.43453
2.35568
2.86094
2.1865
2.29233
2.29475
2.93311
2.93479
3.26176
2.83146
2.43504
1.88075
2.16546
3.22689
2.896
2.83966
2.87232
2.65015
1.93102
1.4187
0.533804
1.0807
1.74283
1.81956
2.44975
1.7483
1.72555
1.04985
1.21375
1.29529
1.80384
2.5999
1.82042
1.82057
0.819973
0.814581
0.969313
0.671298
1.41578
1.92451
2.48234
2.17746
1.91644
2.51642
2.28047
1.90564
1.35101
1.46835
1.0507
0.962782
0.745766
1.23595
1.83659
1.82976
1.2243
2.04709
1.9345
1.76823
1.22342
1.12604
1.15723
0.620488
1.21709
1.22363
-0.0679031
0.493538
1.54972
1.41643
1.3995
0.718244
1.40894
1.61094
1.16315
1.00638
1.91759
1.65556
2.414
1.71892
1.80741
1.66362
1.52148
1.12478
1.71451
1.72368
1.59947
2.17764
1.12415
2.51209
1.89916
1.93098
2.64725
1.4582
0.757
2.47363
2.92403
2.38958
1.17901
1.94549
2.11264
1.31254
2.17073
2.84087
1.12991
1.47557
1.9354
1.93758
1.66343
1.98864
1.84528
2.27387
2.32811
2.11175
1.70975
2.09615
1.82043
1.48792
1.9296
1.95543
1.36004
1.64782
1.32899
1.20876
1.05352
1.87374
1.97172
2.0076
1.74281
1.88012
1.65876
1.2361
1.23627
1.33075
0.938765
2.68953
1.22503
1.17671
1.166
1.71641
1.69818
1.1992
1.87411
1.94519
2.57211
1.4191
1.39927
1.74005
1.10101
1.48581
2.16121
1.72463
1.0813
1.6258
2.04115
2.64168
1.92006
1.26996
0.849586
2.17393
2.34211
1.55498
1.35412
1.35424
2.31174
2.12303
1.66051
1.1454
1.30748
1.55685
2.16335
1.51596
2.25297
1.93068
0.982497
1.63535
2.78471
1.14171
1.8631
2.37583
1.30007
1.4462
1.24628
1.88719
2.10651
1.59058
1.86875
2.55421
1.56024
2.7463
1.60568
1.17488
1.49837
1.85049
2.23872
1.74618
0.862938
0.65894
0.749207
1.17691
1.4996
1.75752
2.18838
1.14856
1.21495
1.47308
1.54992
0.879748
1.64885
0.768057
1.5671
2.33653
2.03842
1.75845
1.22815
2.07366
1.90533
2.01201
1.60058
0.833298
2.30507
1.74382
1.42075
1.60996
2.52475
1.61681
2.24743
2.42577
1.60824
1.7854
1.38759
1.32007
1.88762
0.762467
0.649236
1.15743
1.65394
1.84598
2.51704
1.1149
2.22153
1.89852
1.30785
-0.00547756
1.37475
1.39659
0.268718
1.78423
0.92639
1.57774
1.30841
1.71402
2.02903
1.90257
2.25565
2.41018
0.711451
0.8823
0.483974
1.01552
1.63611
1.98311
1.78383
1.54185
2.38595
2.42381
1.11141
1.93011
1.6242
1.23432
1.33454
1.64461
1.12357
1.2122
1.21572
2.58457
1.24784
1.33154
1.54074
1.48978
1.27195
0.262766
1.68732
1.38017
1.27227
1.4629
1.44441
1.60321
1.86147
1.95982
2.00958
1.23459
1.29539
1.46324
1.21009
0.0945148
0.729847
0.343525
0.00308656
2.25623
1.01841
1.3805
2.01802
1.94153
1.60224
2.01258
2.3168
2.30684
1.9942
2.85018
3.76541
1.70546
2.67272
2.42535
2.16884
2.54472
1.60748
1.52272
1.45213
1.48624
1.74328
1.49546
1.91863
1.20256
0.247354
1.14724
0.90494
0.925799
0.912851
2.2107
1.7414
-0.372355
1.65134
0.912273
1.91833
1.15966
1.03517
0.672821
0.968635
1.3626
0.936767
2.11257
1.4212
1.08924
2.03482
2.64617
1.98448
1.48092
2.32721
1.67241
2.50886
2.41838
2.18947
1.80223
0.995003
1.20136
1.98023
1.62132
0.839578
0.322741
0.857261
1.46356
1.99245
1.05269
1.86402
2.50979
2.80094
1.73817
1.35276
0.719879
0.962577
1.4404
2.20856
2.10192
1.78891
1.7261
2.30043
1.91756
1.78079
1.45362
0.65445
1.71608
2.63678
1.98214
0.987595
1.67173
1.28992
1.85153
0.870532
1.83125
1.33927
1.38947
0.0925444
0.588815
0.947496
1.2261
0.73047
1.39562
0.498177
0.55902
0.957287
0.268744
0.11606
0.410834
1.64341
0.444489
0.62006
0.305869
0.789055
1.70923
0.969706
1.08306
1.53192
1.2021
1.21595
1.88056
1.10867
0.654009
0.627034
1.0479
1.57019
1.3011
2.60145
1.62013
2.00329
1.96802
1.54356
1.18632
1.07882
1.37821
1.44702
0.827171
0.0201996
0.0251487
0.871136
1.46399
1.55296
2.29628
2.17876
2.18309
2.69573
0.892388
1.82912
1.25308
1.88122
1.8768
1.45031
0.677709
1.46561
2.35974
2.06341
1.38387
1.41614
1.49401
1.77092
1.26923
2.03623
1.63969
1.83861
0.977245
1.56174
1.55765
1.38818
1.75261
2.11968
1.38283
1.99657
1.28257
1.79867
2.13149
2.07559
1.67836
2.47887
2.99682
1.90032
1.39537
2.43047
2.67375
1.81418
2.71166
0.855979
1.24187
1.42511
0.532323
0.353955
1.07519
0.563438
0.726718
0.863527
0.896658
1.35633
0.399026
0.715486
1.60652
0.722716
2.01409
1.52232
1.87117
1.89485
2.24324
2.18214
2.20173
1.75158
1.77813
1.01786
0.599368
0.723693
1.20917
1.20964
0.978606
0.694101
0.476866
0.318353
0.44176
-0.325565
0.525887
0.150063
-0.162481
0.805973
1.23475
1.67617
0.78657
1.09702
1.8757
1.23259
0.531233
2.18432
1.19471
2.1761
1.16375
0.951615
1.04839
0.892744
1.81676
2.30619
2.39585
2.43189
2.70614
2.3146
1.9353
2.52054
2.24485
2.29502
2.30414
3.44452
1.90993
1.70111
1.07749
1.81262
1.82571
1.67558
1.9344
3.27934
2.06847
1.89488
1.42469
0.965982
1.73353
1.90013
1.86104
1.49901
2.14307
1.74804
1.16203
0.782364
1.24915
1.29089
1.51424
2.03406
1.73546
1.66186
0.772927
1.01906
1.0187
1.38779
0.357002
1.71402
0.972806
0.947135
1.0952
1.24788
1.11053
1.91714
1.58017
2.06119
1.72678
0.781551
0.899862
1.52572
0.340098
1.13704
2.0569
0.0509875
0.369962
0.166922
1.05575
1.62361
2.14106
2.79546
2.27126
1.4081
2.03702
1.85465
0.694137
1.80598
1.89837
1.81059
0.988259
2.07423
2.1145
1.85687
2.19351
1.91728
2.01696
1.15966
1.40925
1.99982
1.07259
2.64973
2.26642
1.61334
1.55555
1.29878
1.04818
0.893463
0.173456
0.439475
0.949415
1.34741
1.62554
2.08204
0.727756
1.49073
1.00634
1.34791
0.387432
0.336954
-0.448975
0.635454
0.88836
-0.260802
-0.475884
-0.490921
-0.0687764
1.83051
0.645984
0.396583
0.076471
0.157192
0.402933
1.0675
0.431287
1.12109
1.95539
0.902844
1.4207
1.20761
1.34909
1.43994
1.02413
1.4645
0.853538
1.5462
2.099
0.863183
1.00789
1.86446
0.758355
0.188711
0.886648
0.691876
1.16098
0.423225
-0.151983
1.21081
1.75153
0.778233
0.572455
0.489549
2.01018
0.94757
0.828991
1.15566
1.56442
1.52169
1.3699
0.780415
1.43712
1.05206
1.96556
2.50058
2.87436
2.11611
2.06829
1.92397
2.58171
2.90752
1.37324
2.73144
2.26326
2.26303
1.75674
1.80199
2.82388
3.25753
1.88968
2.06929
2.65976
1.63225
2.22316
2.35379
2.09852
2.65954
2.55476
1.67336
1.82922
1.48722
0.80336
1.15687
0.967209
1.36338
1.58697
0.852452
1.01044
1.82079
1.80003
1.4376
1.73074
1.27155
1.48598
1.92258
1.32974
1.80783
2.33256
2.93736
2.15522
3.688
2.75342
2.15784
1.97519
2.13713
1.69334
1.70378
1.60137
1.80625
1.44053
1.16632
1.50147
1.20277
1.76612
1.73526
1.49253
1.43261
1.54779
2.14636
1.90859
1.70395
2.51607
1.99573
2.42725
2.09511
2.42753
1.76086
1.10929
2.0256
2.01958
2.31138
2.37465
2.47084
2.21696
1.43121
1.21601
1.55631
2.75514
1.9839
1.90801
2.78691
2.20431
2.95756
1.03685
0.52584
1.52316
1.96207
1.51403
1.87525
2.71735
2.33289
1.93735
1.85543
1.94484
2.9229
3.2024
2.27475
2.58708
2.27394
1.86852
2.10299
3.01668
1.98997
1.26801
1.7267
1.33832
0.809794
1.00002
1.31295
2.54228
2.38284
2.47305
1.50767
1.40255
1.26912
2.7534
2.53885
2.38749
2.56245
2.31906
2.89949
2.25039
2.07027
2.33142
1.64897
2.95995
1.79001
1.58788
1.30652
2.17772
3.26803
3.28648
2.26098
1.82159
2.03032
2.4158
2.71693
2.12569
2.40252
2.33266
2.21395
2.78442
2.33929
1.65794
0.764487
1.43165
1.35085
1.39993
1.68157
1.10063
0.738883
2.15851
1.99679
0.730462
1.91251
0.445138
1.72367
0.511062
0.49758
0.458274
1.19025
0.804261
1.24382
0.796473
1.16202
1.06655
1.26997
1.35293
0.363788
0.288835
1.59956
0.593234
1.95805
2.704
2.52719
2.8538
3.07879
2.01603
2.02638
1.55809
1.92133
1.4412
1.75393
1.99913
1.12259
1.10081
1.08066
1.72476
1.42017
1.38407
1.21151
1.15287
0.561977
0.744333
1.63904
1.10973
1.01867
0.61817
1.76166
0.49872
1.82708
1.88954
1.52362
1.1491
0.748755
0.484874
1.23342
1.63111
0.9682
1.49338
1.52918
1.16281
0.717697
1.82765
0.950952
0.448552
1.11278
2.46811
1.16453
0.86499
0.977087
1.3997
0.96626
1.96699
1.06243
1.29296
1.76003
1.56098
0.610534
1.2135
1.44128
1.87643
1.53481
1.82544
2.09457
2.23997
1.44503
2.41063
1.80588
1.87429
1.89959
2.46036
2.38516
2.72312
1.89497
1.39511
2.30172
1.36143
1.6637
1.90519
2.00331
1.78965
2.36774
1.11451
2.47552
2.29574
1.59328
1.31838
0.523605
1.2956
1.69735
2.3632
2.03131
1.91643
0.517598
2.18713
1.05034
0.639151
1.56058
1.36937
1.50686
1.62732
1.28818
1.41615
3.14277
2.52064
1.98816
2.76584
1.80919
1.85773
1.98253
1.33274
0.603636
1.35527
0.351386
1.02488
1.11735
0.261776
0.672096
0.789564
0.397345
1.1573
0.69214
0.976891
1.65636
1.57619
1.73415
0.369674
0.414562
0.440146
0.473885
0.331449
1.22563
0.7345
1.60385
1.34978
1.62858
0.565706
0.679802
1.42628
1.0529
2.3569
1.44053
1.38582
1.67969
0.861379
1.89791
1.50439
2.33315
3.04118
1.91024
1.84015
1.42287
2.66372
2.41604
2.31076
2.76836
2.2046
1.00827
1.46803
1.5111
1.65505
2.30279
2.13664
2.21278
1.51293
1.56868
0.827174
1.58297
2.47024
2.76987
2.09517
1.90222
1.87882
1.38329
2.80602
1.26479
0.978429
1.53547
0.654672
1.37578
0.851614
2.38062
1.23491
0.545934
1.94632
2.01291
0.900101
1.14336
2.71468
2.62791
3.09576
1.93973
1.67897
2.9612
1.86923
1.80464
1.7237
2.13727
2.43248
1.21511
2.29629
2.42302
2.22187
2.23365
2.45413
2.93879
2.2217
2.27799
2.92727
2.58968
2.74914
1.89588
2.78624
1.44176
1.46488
2.03838
2.10356
2.40727
2.7035
2.73106
2.80762
1.7545
1.95209
2.26485
2.52012
2.30289
2.81373
3.10426
2.25586
2.31491
2.37017
1.90454
1.80505
1.80606
2.64189
2.35321
2.30613
2.24758
1.44878
1.61702
1.72481
2.44149
1.73591
1.16702
0.87073
1.14613
2.29634
2.44606
1.62539
1.7595
1.77796
2.02433
1.57441
1.84524
2.25398
1.21722
1.54156
1.69692
3.09339
2.10278
1.61716
1.9535
2.61872
2.1169
1.88385
1.70293
1.87198
1.56301
2.72135
1.591
0.169126
1.55605
1.02561
1.73482
2.8178
1.5076
2.05673
1.6792
1.1849
2.65899
1.66961
1.35473
1.37498
1.9791
1.23139
1.88437
1.98221
1.49389
2.01291
2.18437
1.59205
2.39537
1.99556
2.0183
2.15976
1.92188
1.6742
2.7312
2.51237
3.34999
2.7405
3.04484
2.7767
3.21775
2.26019
3.35638
3.12148
3.81783
3.31696
4.04714
2.70561
2.0754
2.68753
3.83995
4.30209
2.54302
2.26545
2.68561
2.41215
2.33717
2.24538
3.02336
3.05779
2.45209
2.86469
2.32822
1.62661
2.12104
2.22897
1.28016
1.68284
1.27671
1.14148
1.92497
1.66488
2.96941
3.19027
2.19257
2.28014
1.96322
2.69427
1.81003
1.51395
1.43177
1.18575
1.89981
2.20146
2.34953
2.08302
2.16992
2.39049
3.62008
2.82764
2.94777
2.49113
2.88682
1.70706
1.10546
1.92051
0.890828
1.46324
1.68085
1.43474
1.11734
1.7998
1.75658
1.93214
2.27452
1.61511
1.71759
1.60271
1.64983
1.39398
0.801628
1.98234
1.26658
1.34816
2.52644
1.9035
1.88947
1.88806
1.64932
1.6828
2.13359
1.55584
2.90642
2.1328
1.96561
2.56637
2.59135
1.69942
2.21611
1.46599
1.14321
2.04296
0.752118
1.15322
0.444958
0.548425
1.56557
0.484948
0.81501
1.66603
1.83729
0.782796
0.936527
1.77606
1.66713
1.8363
1.31055
0.902407
1.12387
1.28909
1.2218
1.13251
0.389823
1.1731
0.811444
2.06435
1.06326
0.960754
0.914112
0.504486
1.04013
1.15713
0.938697
0.941404
0.721769
1.68905
1.23198
1.51147
1.16546
0.358565
0.762795
0.647753
0.931459
1.48068
1.3321
2.43889
2.82783
1.97616
1.07599
0.841506
1.00975
2.29478
3.02295
1.76708
2.2394
2.20121
1.90065
1.59197
1.51274
2.3708
0.978961
1.00807
1.71614
0.626044
1.42088
1.74284
1.38692
1.70613
1.66154
1.63729
2.84407
1.4443
1.93089
2.9594
1.57762
2.37928
1.54876
1.27412
2.30958
2.26078
1.62858
1.90099
2.0985
2.26494
1.62337
1.81274
2.01529
1.96938
1.70817
2.00788
2.02916
1.39138
2.95385
2.50649
2.17479
2.57465
2.55754
1.24789
1.1085
3.08144
1.82902
0.901464
1.54476
1.98601
1.88816
2.3815
1.90262
2.35702
1.90789
3.50352
2.12936
1.61727
1.50266
0.809845
1.40618
1.87951
1.3312
1.19135
2.05801
2.45262
1.83772
1.50176
2.28231
0.864867
1.01041
2.24841
1.3113
1.49052
2.51709
1.53006
0.980041
1.65567
1.67425
1.98484
1.03289
1.48511
1.30849
1.5353
1.70295
1.50928
1.73432
2.07499
1.75927
1.67689
1.05827
1.55425
1.52156
2.30175
1.61279
1.79753
1.28319
1.32811
1.87304
0.985583
1.02249
1.38143
2.38513
1.17072
1.50707
1.24936
2.16473
1.11738
1.43897
2.09672
2.85138
1.51582
2.00158
1.27491
1.80246
2.14179
1.50883
0.832424
1.02234
1.70615
0.533944
1.44688
2.5636
1.57834
1.82506
1.38949
1.77653
1.28127
1.42949
1.22462
1.66738
1.76055
1.70978
1.4855
1.81646
1.55483
1.11281
1.63023
1.75757
1.42927
1.28571
0.486905
0.998924
2.06365
2.72147
1.40453
1.79979
2.34317
1.13015
0.804533
0.759888
1.15435
2.09614
1.14371
0.405171
0.766545
1.02826
0.636536
1.12271
0.977792
2.10785
3.22103
2.45208
1.58633
2.64426
2.31579
2.90153
3.0492
2.39991
2.37732
2.10863
2.24558
2.59967
1.85097
1.22066
1.52755
1.25999
1.58942
1.58508
1.06414
2.21654
2.182
1.06208
0.646575
0.847476
0.94113
0.964671
1.01772
0.457702
0.60353
0.417815
1.28399
1.7641
0.939692
0.984711
0.934415
1.55134
1.26516
1.82907
1.93368
3.4248
2.3377
2.51396
2.7827
2.35243
3.18894
2.92821
3.1553
2.90325
3.19833
3.036
3.06593
2.89979
2.37202
1.91517
1.93089
2.02291
2.15267
1.77828
2.62463
1.65041
2.62268
1.43007
1.70404
1.72585
1.16529
1.41019
1.97911
2.93837
2.72259
2.49816
2.2879
2.56331
2.22187
2.68483
1.9208
2.05854
2.50144
1.90747
1.36823
2.20926
1.75092
1.05366
2.00755
2.12578
2.34466
2.88909
2.94581
3.28713
3.7014
2.95554
3.03553
2.92251
2.72104
2.98975
2.60923
2.28819
2.64914
2.95103
2.7966
2.56719
2.71731
2.42369
2.12469
2.56369
3.24201
2.60016
2.6132
2.44832
2.248
2.00014
2.58262
3.01689
3.47133
2.13849
2.3493
2.36279
2.88835
1.47377
1.04877
2.12149
2.62204
2.41258
2.70299
2.00138
1.9267
2.05087
1.25936
1.9178
1.07847
2.18202
2.00845
1.40434
1.58955
1.23335
1.3562
2.86747
2.68157
2.06312
1.91327
1.31857
1.81761
1.06674
0.526803
1.7461
1.54227
1.18396
1.01101
0.776998
0.241612
1.30878
1.83152
2.38666
1.45632
1.79515
1.13339
1.39285
1.90791
0.879137
0.988078
1.24372
1.69549
1.82437
1.35929
1.2079
1.12813
1.6647
1.25638
0.939555
2.53449
1.79884
2.33312
0.920874
0.720389
1.381
1.7415
1.58151
1.63281
1.87761
1.44307
0.863991
1.43183
2.27034
1.25305
2.36151
1.56633
1.08921
1.00781
1.98597
1.40647
1.50485
2.88375
2.34693
2.60354
1.83119
1.6081
1.82669
2.77325
2.00495
2.23439
2.21048
2.3307
1.82132
2.07566
1.80217
1.22061
2.46318
2.52379
2.10888
2.53203
3.24776
2.74808
2.3038
2.09841
0.748663
2.13611
1.87152
2.86844
1.97614
3.13427
2.14147
2.31809
1.69311
1.9485
2.04081
2.7518
2.52264
2.66196
1.85994
2.71565
2.49266
1.93969
1.90592
2.52624
2.19224
1.76209
2.49052
2.3918
2.19118
2.47392
2.29412
2.25536
1.86214
2.30302
1.99903
1.42142
2.01425
2.04696
1.83493
2.01394
2.26901
3.4377
2.80902
2.71538
2.89623
2.45971
2.60298
2.14716
1.80747
1.97463
2.26588
2.45402
2.54434
2.3836
1.9986
2.15293
2.02876
1.43935
2.04497
2.29066
2.05202
2.15059
2.3189
3.30117
2.91782
2.43637
2.50873
3.05467
2.7897
2.03539
2.07744
2.51166
2.68153
1.84955
3.33584
2.10133
3.05825
2.54013
1.91407
1.76086
1.56661
1.41485
2.70601
2.97895
2.92225
2.20862
2.30587
2.35652
2.67292
4.16075
2.45475
2.42146
2.75023
2.20683
2.44942
2.32346
1.79794
3.14938
2.32486
1.60082
1.78804
2.67631
1.52977
1.94461
2.40077
2.10693
2.10807
2.6847
2.9821
3.05349
2.18078
3.67151
1.75564
1.7995
1.57766
2.13896
2.31158
1.81039
2.59965
2.56044
1.87217
1.80099
1.78668
1.55862
2.1823
1.68073
1.63401
1.4953
1.80966
1.04072
0.965546
0.222973
1.16004
1.58281
0.839742
1.23236
0.971428
1.37627
1.45154
2.33179
2.49451
2.58057
2.86846
2.18435
2.51718
1.95025
2.58513
1.79243
1.99522
1.92675
1.81853
1.60151
1.66564
1.8807
1.61737
1.60074
1.80724
2.37129
1.68001
1.88081
2.8772
2.49927
2.07996
2.24471
2.0749
2.0299
1.5879
3.20811
1.68556
1.92542
0.931086
1.63636
2.02141
1.42617
2.23089
2.2365
1.78203
2.00527
2.21035
1.67797
1.95726
2.34356
1.973
1.53928
0.697105
0.887972
2.5565
1.84958
0.534639
1.61692
1.54829
1.302
1.80548
1.94559
1.60053
0.937687
1.69944
1.76093
2.06695
1.36943
1.73957
1.65173
1.2724
1.76398
1.08036
1.47705
1.94066
0.851755
1.37461
1.4736
3.25116
0.946979
1.44476
0.245967
1.2237
1.39371
0.427678
1.6012
0.748363
0.269983
0.966462
0.533109
0.934047
0.977047
0.863698
1.45086
0.635568
0.967001
0.8077
2.27307
1.58779
1.57074
0.900747
1.10123
0.417639
0.367023
1.56123
0.836207
0.333921
1.17942
1.51243
1.46464
1.25725
1.77761
1.48629
2.15732
1.31349
1.82108
1.60723
1.27414
0.937694
0.960779
0.959756
1.58968
1.95284
1.15907
1.4682
2.10005
0.89557
1.64273
2.15921
2.44621
2.90602
1.99876
1.699
2.43729
2.90956
1.68291
1.91834
2.53316
1.83133
2.45125
2.34632
2.33928
1.39912
1.80567
1.77493
2.08932
1.69971
1.34963
2.17468
2.02117
2.8399
0.833148
1.28366
1.78517
1.28923
1.61591
0.910816
0.996619
2.12693
1.7188
1.83274
1.26579
2.45741
2.0736
1.03031
1.58676
1.4777
0.965708
1.46165
1.23573
0.881867
0.680582
0.210912
0.659346
1.43917
2.38524
1.15852
1.35793
1.46977
0.895287
1.11607
0.45415
0.395895
0.926808
0.546576
-0.0770178
1.26991
0.688972
1.41061
1.05959
0.706758
1.12906
0.688208
0.852635
0.931804
1.96533
1.34568
2.11197
2.56821
1.87315
1.89922
1.30708
2.20263
1.63921
2.64758
2.83877
2.20438
2.09376
1.3057
2.25554
1.3151
1.671
1.83731
2.07736
1.84978
2.27438
1.44928
0.831422
1.5693
1.3162
1.94772
1.84371
1.48752
0.980246
1.49421
1.89112
1.74354
2.09033
2.39055
2.35653
1.9894
1.38755
2.52895
1.71965
1.41181
0.863416
0.99604
0.182374
0.468006
2.5177
3.0264
1.85794
1.60152
1.93923
1.62083
1.4587
0.555465
1.49305
2.26427
2.28953
1.96676
1.97327
1.83137
1.3688
1.78252
2.02148
2.62508
2.74776
1.91103
3.39648
3.16536
2.10402
2.68054
1.57396
2.37667
1.76001
2.6079
2.45609
1.75646
1.80317
1.71173
2.63934
2.35159
2.21359
2.83145
2.34008
3.20565
1.14129
1.61132
1.30231
1.92568
2.83478
2.8424
1.95706
2.67023
1.79162
2.0193
1.92231
1.99243
1.39777
1.99902
2.35942
2.60898
1.63351
1.27443
1.05419
1.97083
1.90253
2.00883
2.28384
1.4001
2.96651
1.9597
2.57883
2.62166
2.41831
2.40085
2.37898
2.01739
2.01969
2.57329
2.10137
2.14269
2.37624
2.42413
1.74576
2.50881
2.04497
2.52597
1.16948
2.17578
1.48179
1.49002
3.25296
2.08256
2.50254
0.953874
1.37063
1.31641
1.605
1.96361
1.90613
2.50928
2.76987
2.06967
1.81744
1.37473
2.18112
1.51103
2.10565
2.2908
2.62185
2.65755
2.85221
2.80841
2.39665
3.23504
2.45275
3.2037
2.6434
2.92444
2.44307
2.44949
2.75542
2.56227
2.56809
2.61567
2.97451
1.72179
1.92606
1.12662
1.48448
2.21381
1.70266
1.73526
1.63397
2.49034
2.31824
1.81224
1.65868
1.7401
1.61332
0.827694
1.71183
1.70742
1.88958
1.63588
2.07457
1.58674
2.48301
1.13429
1.61494
1.38739
1.88616
2.83267
2.34148
1.75741
2.044
1.85769
3.21153
2.82921
2.12996
1.08854
2.22163
1.66144
2.04832
0.834109
0.578976
1.41525
1.92683
1.11114
0.113875
0.688822
1.11892
1.19656
1.67273
0.560836
1.17129
1.73817
1.25225
1.10477
0.362645
1.39086
1.51595
1.35088
0.922965
1.56905
1.51108
1.49078
1.90526
1.72511
2.06508
2.17864
1.40624
1.61146
1.62397
1.57207
1.16819
1.67861
0.847441
0.615749
0.937413
0.753743
1.83538
2.10964
0.771985
0.347727
0.806841
0.93849
2.06491
1.64031
0.680656
2.03579
0.849021
1.83388
1.46402
1.43736
1.22956
1.5356
2.4324
1.9999
2.14492
1.37244
1.47788
1.31746
1.78437
1.79817
2.01329
2.46286
1.85985
2.44257
1.95957
1.78074
2.29984
2.59379
2.26923
2.73623
2.18654
2.33166
1.41284
1.85943
0.739304
1.49106
3.03218
0.849308
1.45557
1.44048
0.566286
1.14201
1.54823
2.10022
1.7795
1.98086
1.1765
1.63236
1.65826
1.59839
1.80474
1.46425
2.44316
1.17442
1.55615
1.56526
1.8042
2.59901
2.5645
1.73703
1.55358
2.83729
2.14474
1.99797
1.96598
2.65005
2.71756
2.46022
2.03514
2.54425
2.56933
2.09361
2.12323
2.34243
2.46084
2.53224
1.76285
1.52976
1.3704
2.23947
2.3197
2.32777
2.73303
2.3669
2.49902
2.69829
1.99117
2.16188
1.75524
1.27501
2.32545
2.26482
1.23239
1.50829
1.73577
0.763162
1.86734
1.03584
1.74899
1.41907
1.40269
1.678
1.56894
1.73908
1.44768
1.93239
2.17621
2.47113
1.29785
0.809376
1.79049
2.13573
2.50231
1.9312
2.43939
2.72912
2.97381
2.25698
2.33673
2.52292
2.76634
3.63564
2.65923
1.84924
2.0588
2.28746
2.73844
2.92714
2.46228
1.16842
1.63508
2.09423
2.2498
2.59511
2.8068
1.49539
2.73646
3.29428
3.01975
2.18565
2.26481
2.49599
2.54474
2.32158
2.14895
3.50204
2.40209
2.57546
2.93589
3.26161
2.55316
2.83765
2.59811
3.73933
2.41752
2.82863
2.72767
1.36701
1.74051
2.56567
2.28318
2.60886
1.84203
2.99619
3.07614
2.66284
2.30515
2.98272
2.76265
2.08016
1.77119
2.54309
2.33668
2.40571
2.39486
3.04879
2.30382
2.48072
2.50576
3.03204
3.78791
2.9586
2.96994
3.00617
3.49381
2.28745
2.90738
2.62966
3.2639
1.81742
2.09136
3.27992
2.18683
2.95958
2.42134
2.54953
1.80401
3.28087
2.40994
2.27184
2.71743
2.99134
3.06841
2.8706
2.81681
2.99718
2.38605
2.30639
3.18155
2.445
2.03241
2.41515
2.31901
2.21261
1.87462
1.39587
3.13581
3.03761
1.93487
2.47153
2.13654
1.72211
2.1548
2.82444
2.39239
2.20728
1.84962
2.39406
1.86538
1.64176
1.95821
2.09245
2.09341
1.84461
2.43596
2.62335
1.93261
1.13232
2.21502
2.02238
2.8812
2.81032
2.47865
2.80286
3.36311
2.83352
2.8761
2.60609
2.07744
2.48212
1.85713
2.53993
3.30193
2.46245
1.5342
2.07783
2.58471
2.91985
2.96635
2.3698
2.87302
2.39018
2.76861
2.7572
3.53955
2.77621
2.83914
2.70459
2.5486
3.38242
2.81274
1.12217
3.16543
3.11475
3.48097
2.66617
2.09343
3.06294
2.32371
1.07852
1.2438
1.98384
3.08855
2.09387
3.21637
2.81541
2.98903
2.1761
1.6863
2.90554
2.38237
1.89471
2.92705
2.63051
3.36623
2.61374
2.83609
3.72671
3.42832
2.57491
3.01964
2.65716
3.82826
4.47675
4.49552
3.62269
2.9786
2.62751
1.85147
2.67468
2.44215
2.14815
3.31292
3.36115
3.04824
3.54003
2.49567
2.10761
2.55874
3.34587
3.02525
3.23402
2.13333
1.69464
2.72298
2.53123
2.74956
3.39782
3.72614
2.61557
2.81376
2.51913
2.72102
2.14061
3.24223
2.6562
3.48729
2.64316
2.95311
1.65386
3.08095
2.53905
1.06383
1.55535
2.11396
2.15039
1.34645
1.60226
2.76558
2.74728
2.98314
1.61082
3.15903
2.43204
2.73001
1.8978
2.76122
2.80721
2.31362
1.71508
2.14913
3.08177
1.84762
1.51013
1.70813
1.1949
2.06048
2.13741
1.53886
0.840006
2.37885
2.09876
1.64954
0.976755
1.5419
2.57465
2.20837
1.50089
1.61843
2.36839
3.12573
3.40517
2.15157
3.08827
2.41213
2.19771
2.9175
2.39599
1.1808
2.18752
2.86305
1.82251
1.72086
1.68457
1.7311
2.47809
3.41877
2.44512
2.31853
2.44305
2.65205
3.56425
2.71005
3.15555
2.68718
3.24948
2.00993
1.91473
1.5976
1.48011
2.70086
3.01321
2.60895
3.06475
2.52372
2.48983
1.03265
2.27851
1.40328
2.03493
2.49166
2.32187
2.48098
2.38199
2.88183
2.06783
2.80194
2.21225
1.9886
2.20235
2.07181
2.93507
3.09887
2.62298
2.94557
2.53702
2.52687
2.33798
2.13903
2.96593
3.17684
2.55254
2.81239
2.99661
3.10916
3.00687
2.30088
1.78743
2.52357
2.66218
3.0676
2.44303
1.32284
1.44662
1.96225
1.63903
1.74557
1.46493
1.44958
1.63715
1.68931
2.13011
1.568
1.42636
1.07998
1.51795
1.21173
1.30177
0.908118
1.75343
2.39506
1.9768
2.47717
2.51475
2.37622
1.19692
1.31781
1.9609
1.54539
2.35111
1.32658
3.41689
1.65121
2.77672
1.4426
1.0435
1.09812
0.721298
1.13156
1.2482
0.897573
0.875579
1.67708
1.2039
1.32787
1.57809
1.2621
1.35421
0.980847
0.758348
1.00842
0.7431
1.20214
0.993732
0.984306
1.79849
2.03008
2.06045
1.47202
1.45137
1.66086
1.5875
1.90317
0.718023
0.648777
1.58577
1.5951
1.22536
1.83249
0.857567
1.09013
1.69055
1.46468
1.29404
2.60856
1.97893
1.15392
0.712404
2.14897
2.56557
1.25844
1.55909
2.14125
1.4264
0.838262
0.683367
1.1304
0.653488
1.36525
1.33263
1.10022
1.21274
1.14899
2.17741
1.61252
1.2778
0.727939
1.55175
0.882955
1.06077
1.56661
1.03245
0.862269
0.369609
1.36896
1.48476
1.95851
1.50362
2.49352
0.767888
1.42253
0.696464
0.713478
1.14886
2.64706
1.99323
1.67008
1.41514
1.23566
1.71834
2.05804
0.770053
2.04085
1.71181
1.50682
1.79534
1.54251
1.98973
3.4674
1.72221
2.04437
3.0702
2.45067
1.94783
1.98715
1.59699
2.31442
2.32986
2.29557
2.81387
2.51779
2.47369
1.49614
1.90316
1.36771
2.13346
2.63854
2.72146
2.91615
3.28929
2.85346
2.431
2.34893
2.88882
1.46873
1.50466
1.9353
2.0697
2.17625
2.31021
2.09064
2.17467
2.04785
2.36327
2.20892
2.10622
2.6239
2.52411
2.19668
1.4472
2.72222
1.59569
1.94484
2.07785
0.932289
0.937076
0.724124
1.9624
1.03254
1.01792
1.20088
1.49917
1.8105
1.48352
1.80846
0.957178
2.16282
1.7222
2.75252
2.00624
1.66325
0.885587
2.45864
3.07966
1.81897
3.07228
3.22076
1.73552
2.19258
1.60933
1.27206
2.29009
1.90227
3.1181
2.04609
2.6279
1.92117
1.83315
2.23712
1.97664
1.72777
1.72054
2.17695
1.94703
2.60135
2.42508
3.49886
3.50996
3.82859
2.98557
2.64351
1.84309
2.80109
2.95914
1.67233
2.79076
3.03605
3.27457
3.24799
1.90396
2.55888
2.76459
3.17389
2.70156
2.0319
2.6906
3.24975
2.53954
2.97809
3.13074
2.73569
1.50582
1.91756
1.71207
2.59455
2.02313
2.82174
3.30591
1.88033
1.28478
2.59068
1.67622
1.14251
2.05101
0.748586
2.12067
1.75505
1.82484
1.74129
1.57342
2.00736
2.3004
2.87715
3.00366
2.75093
2.69537
3.0227
3.46193
2.7025
3.12485
1.97195
3.5496
2.46033
2.91333
3.11688
2.79072
2.96704
1.73795
2.20975
1.83113
2.41947
1.46499
1.29404
2.56158
2.15396
2.73872
2.99139
2.48181
2.38572
2.80889
1.78542
2.53511
3.32407
3.1688
3.04473
1.78537
2.39496
2.26095
2.93276
2.04589
2.08204
3.11399
2.48381
2.38191
2.93774
2.39684
2.8478
2.51836
3.3439
2.45651
3.88302
3.03557
3.41703
2.9119
2.97438
2.51773
3.02449
2.451
3.2979
3.39623
2.32318
2.56603
3.14827
2.2408
1.80906
2.29259
2.86905
2.2525
1.85289
0.159011
2.23824
1.98726
2.31569
2.71267
3.15446
2.73473
1.97738
2.63749
1.84481
1.27668
2.34227
2.05593
2.39315
2.16803
3.31444
2.79218
2.05055
2.05869
1.50081
1.18778
0.722214
1.18154
1.7535
1.60365
1.3545
1.31697
0.980202
1.81259
2.17138
2.38283
2.91597
2.58592
2.93045
2.06223
2.3599
2.69208
2.30001
1.77272
2.60196
1.50088
2.2209
1.41731
2.13137
1.92743
2.39923
1.88131
2.04683
0.674984
1.69844
1.02662
0.845185
1.24917
0.947971
1.78583
2.17669
2.0871
2.89225
1.67602
1.85538
1.22346
1.11712
2.24848
2.04487
2.68752
2.30102
2.25422
2.38777
2.34208
1.24897
2.54024
2.08563
0.954077
1.64165
1.37589
1.6614
1.52351
1.85828
1.51602
1.85448
1.90769
2.53668
2.35807
2.5864
2.80165
3.7742
1.72751
3.42334
3.02284
1.50185
2.3195
1.64009
2.309
2.41746
1.29464
2.15071
1.53302
1.91061
2.91339
3.63709
2.80675
2.17485
1.23583
1.41122
2.23904
3.13483
2.22474
1.98396
2.57886
1.87956
1.44199
2.47167
3.20303
1.3575
1.65146
2.4074
1.94919
2.65082
1.65203
1.84528
2.34091
1.82963
1.41476
1.90611
2.34022
2.96666
3.36243
1.74941
1.29801
1.6482
2.76014
2.46249
1.83027
2.59482
2.23026
0.90865
1.67216
1.55
1.38907
2.15945
1.5635
1.51357
0.497279
0.639679
0.819742
1.91152
1.25791
1.33446
0.807464
2.60768
1.8237
1.98814
2.16884
1.72573
2.46491
1.67958
2.88013
1.56569
1.73652
1.57018
2.35037
2.14867
1.69676
2.12372
2.05477
2.08813
2.15573
2.11617
1.70395
1.96591
2.21871
2.13885
1.54009
1.73261
1.20161
1.5601
1.11768
0.672197
2.04064
0.960523
0.493842
1.54835
1.26473
2.16194
2.42838
0.870947
1.70734
2.21828
2.15253
1.75212
1.4883
1.86183
2.53592
1.70989
2.76651
3.15756
3.67673
2.74053
2.22342
2.09499
3.08644
2.58386
2.86585
2.55826
2.47159
2.37904
1.29825
2.0721
2.44279
2.71807
2.99948
1.64656
2.24474
2.28448
2.53897
3.21458
2.9778
2.92936
2.92615
2.12286
3.28787
1.81763
1.91864
1.42086
1.69978
1.68745
2.3673
2.59163
2.61789
2.32935
2.3755
2.12374
1.76815
1.11637
1.6317
2.44
2.33539
1.73587
2.3611
2.66245
2.40658
2.22539
3.99163
1.95723
2.55436
1.72962
2.46138
1.50111
2.12594
2.31976
2.86371
2.07181
1.92252
2.59029
1.87246
3.08792
2.57151
2.70204
2.20012
1.53884
1.4472
1.62834
1.15031
3.21745
2.20444
2.73066
2.51161
2.83294
2.79341
2.37435
1.7755
2.03755
4.0247
3.23749
2.8237
3.37703
2.84559
3.08948
3.00365
2.70889
2.81791
1.81798
1.70608
2.10078
2.83882
2.64984
2.63292
2.49311
3.07931
2.64315
1.99279
2.03024
1.98663
3.10355
3.25518
3.44513
3.18416
2.65475
2.83975
3.03015
2.57354
2.84613
3.60548
2.90385
2.38622
2.88331
2.2209
2.59018
2.51552
2.58255
2.13206
2.72541
3.80657
2.62174
2.61933
2.46422
2.54875
1.86839
1.76289
0.935786
1.85174
0.890287
1.65949
1.94691
2.9779
3.39424
3.19686
3.18909
2.66824
2.37596
2.78138
1.77513
1.79023
2.15247
1.98418
2.68134
2.35035
2.75105
2.18838
1.5438
1.12427
1.55414
1.55825
2.34115
2.29172
1.66792
2.9499
2.11275
2.58652
1.79486
1.95349
2.11397
1.5505
2.37362
1.87103
2.54437
2.08906
2.1825
2.08292
1.5888
1.26018
1.84759
1.28662
0.474527
1.79171
1.20189
1.85133
1.52542
1.6078
1.85903
1.46783
0.784038
1.79429
2.11226
2.57621
2.74117
1.87373
1.12965
0.779688
0.901539
0.566207
1.37513
1.46233
0.38559
1.06148
1.65821
0.989243
1.95797
2.2763
0.810686
1.11279
1.71138
1.27262
1.55277
1.44243
1.3758
2.34322
1.67951
1.71456
0.708071
1.53388
1.8324
1.42679
1.76258
2.57108
1.14008
1.37285
2.14547
1.30579
2.63547
2.69949
2.28914
2.20157
1.63386
1.70199
2.38387
2.09623
2.48548
2.09095
1.76275
2.25033
2.23648
2.89764
1.76732
2.8797
2.18809
1.89232
0.834
2.28107
2.19296
2.47993
2.39862
1.3696
1.45886
2.7385
2.67063
2.61533
2.31947
2.43461
1.35597
1.26102
1.50178
1.90163
2.14105
2.42406
2.80236
2.29134
1.65287
1.80293
1.93775
2.02029
2.95089
2.33234
2.32041
2.59401
2.55837
2.43374
1.68269
2.55704
2.09237
2.25256
2.84425
2.22471
0.91412
2.65648
2.35452
1.47287
1.4058
2.03648
2.48033
1.63602
2.23559
2.49388
1.73106
1.65297
1.54675
1.36276
2.00026
2.22282
2.89192
2.74673
1.84353
2.14006
2.507
2.48944
1.97599
1.77542
1.90433
2.82361
1.51028
0.84802
1.71759
3.02518
1.63956
1.70773
2.0685
2.46299
2.88524
2.7768
2.53195
2.08297
1.85642
1.4825
1.4528
3.16113
2.61137
1.95297
2.51945
3.1418
3.07937
2.18673
2.68642
2.2211
1.978
1.57896
2.42367
2.20365
2.87482
2.38224
3.07026
1.18539
2.03276
2.48163
2.1965
2.72514
3.13797
3.27534
3.50399
2.06362
1.85204
1.55999
2.07318
2.80612
2.80336
1.72169
2.40697
2.28157
2.66971
2.49555
2.98711
2.50129
1.99478
1.65203
2.34212
3.17242
3.01335
2.69632
2.92761
2.62154
2.50001
3.21118
2.26293
2.95307
1.65438
1.7784
2.03249
2.11092
1.9623
2.18612
2.01311
2.55605
2.89451
2.55315
2.8233
3.00886
1.9466
2.30607
3.16195
2.68442
2.31335
2.48116
2.42431
2.08883
2.75414
2.55345
2.51906
2.37806
2.72272
2.38184
3.12973
2.73667
2.76465
2.27101
1.85526
2.65051
2.40036
1.83051
2.05136
2.77618
1.69774
2.0888
1.77561
2.50632
2.78195
2.17478
2.67577
2.53555
3.07031
3.23109
2.10326
2.33929
2.26999
2.60808
2.71894
2.74021
2.99377
1.1384
1.98281
1.50028
2.8684
2.89866
2.21047
1.70558
2.08497
1.74979
1.22534
1.19846
2.22102
2.76666
3.36502
2.3182
1.15979
1.63135
2.05122
2.46643
2.16063
1.72467
2.21673
1.86015
1.81352
0.923893
1.44333
1.2216
1.40731
2.10181
1.60052
2.08794
2.02061
2.74481
2.12586
1.78846
1.88754
2.0503
2.40334
2.72365
2.10512
1.88474
2.45213
2.22791
2.37084
2.40907
3.12563
1.92092
1.49122
