2.17382
2.41629
1.12206
2.58661
3.69389
2.38928
2.01457
2.09661
1.6819
2.25832
0.630148
2.65329
2.75542
1.90623
0.732288
1.19607
3.98288
1.66523
2.78492
1.12886
2.80263
3.74393
2.96315
2.34944
-0.210096
2.70006
1.70682
2.78457
2.18871
2.25566
1.72915
1.81082
1.37881
1.56429
2.48394
3.07253
1.46197
1.80932
0.550035
2.02697
1.86879
1.13742
2.42884
2.06174
2.51779
2.072
1.78973
0.166157
0.227501
2.7802
3.4485
1.88315
3.98018
2.35378
2.59378
2.26059
3.05922
3.80975
1.74515
1.71905
2.46944
2.32637
1.32603
1.97031
2.49199
2.25619
1.32642
3.48639
2.40749
1.75034
1.64522
4.00935
2.67732
2.00478
2.17535
3.4224
0.58066
1.1173
2.98598
1.98469
3.6676
1.28204
1.40652
2.23051
2.24566
1.43646
2.83782
2.47703
3.46181
1.86489
2.18199
1.62177
2.41895
1.13544
1.26096
1.30711
0.946515
1.68699
3.62947
1.17812
1.59934
3.66499
2.16605
1.52814
1.43943
0.729937
2.3836
4.07054
0.663949
1.11025
1.80153
2.09209
-0.0636171
1.73108
2.03633
1.42569
3.63808
1.0243
2.52763
3.08877
0.948866
2.08259
2.55234
3.04687
1.75395
2.21633
2.20085
1.91067
2.64286
2.97391
1.67358
3.02882
1.7213
1.57032
2.27379
2.40329
3.09492
2.0919
2.64433
1.05463
1.98249
-0.129552
-0.0632065
0.762665
2.32939
1.07467
1.77971
2.34306
1.29724
2.22507
1.68282
3.10829
2.51623
3.49552
3.00282
3.40716
2.36177
2.38327
2.84607
2.16035
1.39297
1.87023
3.79593
1.31391
1.67863
1.56603
2.24282
3.65267
1.20556
1.34653
2.97135
2.47605
1.1582
1.54096
-0.328545
2.38531
3.06915
2.50855
1.84081
3.26996
1.81967
3.34003
2.56092
2.68855
2.01076
3.51428
2.24834
2.53457
3.77871
1.25305
2.08391
1.70941
2.69022
3.06337
2.10535
0.931618
0.384032
2.0034
3.21982
3.23882
3.04387
5.27668
2.59506
0.771677
1.67848
0.738676
1.98086
1.38087
2.45659
-0.15213
2.36535
3.81762
2.36755
2.04828
1.99338
2.07447
1.67844
2.25912
3.04648
1.29195
1.95313
2.97068
2.77544
3.69729
3.76609
1.33091
2.13246
3.79627
2.36895
2.68142
2.66685
2.79065
2.65403
2.08204
2.5765
3.2875
3.15041
1.03878
0.716313
1.08592
0.306563
1.28346
2.02312
1.20189
1.7665
1.38508
1.93685
1.83695
2.18356
1.68458
1.15724
3.03968
3.04063
0.45055
1.93394
1.90336
2.03255
1.50762
2.82895
1.82442
1.35084
2.77654
2.51932
2.11418
2.86128
3.20785
3.38757
3.372
2.81068
1.84981
0.303394
1.18321
2.52772
2.62981
1.38133
2.68829
2.33367
1.69701
1.84556
2.59509
2.14941
2.98766
3.07271
2.56584
2.64414
1.98048
2.46
2.76921
1.78453
1.33423
2.15259
2.10365
1.05514
2.15871
1.0816
0.873695
2.86871
2.79003
1.84559
2.80349
2.0903
2.62447
2.43767
0.946379
1.81891
2.95013
2.75902
4.28843
1.85936
0.619861
1.99435
2.56634
1.16981
2.57068
1.12058
1.60449
3.20367
1.96433
1.00493
2.09594
2.06883
1.77454
1.46326
2.02711
2.59247
2.11611
1.32522
2.09397
1.58015
3.0303
3.58446
1.18385
0.949225
1.60636
2.03515
0.549878
0.53571
1.451
2.20203
1.54812
2.78412
4.05283
1.57817
3.39254
3.06332
2.94954
2.25268
2.46686
3.59622
1.93185
4.06474
2.12429
4.87332
0.224984
1.4503
2.01427
2.25341
2.9164
1.87555
1.84458
3.81973
1.618
3.3413
2.38749
1.53342
2.44733
2.85077
2.72868
1.5986
1.60562
2.26666
2.5405
1.18073
0.737094
1.87436
3.95101
1.74028
1.82325
0.515552
3.00529
2.35012
2.52381
-0.325747
2.44315
3.04407
3.2235
3.11521
3.27774
2.16987
0.924272
3.68822
5.25708
1.92987
2.33129
1.57266
0.788898
1.42745
1.29001
3.38342
3.11345
3.21333
2.11099
1.86011
1.64652
1.6886
0.657632
3.03666
1.63811
3.10022
0.628019
0.920027
1.61401
2.46817
2.39334
2.96862
2.24766
1.78566
1.09518
2.21424
1.97009
2.03434
3.31477
2.02292
3.06376
1.18746
1.96507
3.16599
2.34861
4.82109
2.83778
3.67178
2.30027
1.59678
1.43081
1.34587
2.00505
3.76963
3.16449
1.62108
2.32094
1.8734
0.978018
0.752536
0.489993
0.79273
1.64227
2.26947
2.29181
3.10687
2.46408
1.89239
1.81608
2.95766
2.50233
1.62661
0.895742
2.86328
3.41616
2.87529
3.75603
3.05671
2.4172
3.11101
4.26139
2.12216
2.71839
1.95353
2.8844
1.0551
2.44688
4.97026
1.80974
1.23867
1.79286
0.185035
2.30632
4.26605
2.88205
2.51736
2.568
1.59318
1.35862
2.22182
2.86156
0.76945
3.74749
2.81354
2.7711
0.912545
3.41868
1.21641
2.09362
0.671589
2.87074
3.36471
2.29779
3.01399
2.77808
3.28886
0.710792
0.612935
1.61075
3.3891
0.970275
2.14726
3.44356
2.14547
2.65712
3.12587
1.48878
2.84112
1.29775
3.32596
3.02989
3.64535
3.17642
3.46801
2.55903
4.30303
2.49032
0.482631
2.13064
1.59691
3.33322
3.9311
2.97284
2.11793
2.76108
2.26131
2.02782
1.9352
1.75576
1.72567
1.73039
2.65747
2.57083
0.886972
1.43214
2.83526
3.99953
2.00281
2.15243
3.03318
2.60106
1.67712
2.37251
2.75976
2.38284
0.735635
2.08867
1.32584
3.26771
1.61708
3.55361
2.40396
2.3626
3.75914
1.15397
1.17991
2.2531
2.46657
2.37546
2.81043
2.18838
1.49582
1.53672
2.50488
4.2456
1.68584
2.06182
2.96257
2.28453
2.13838
1.02986
2.68825
1.94076
2.81274
2.4777
3.67072
4.46583
2.73726
1.94767
1.58229
3.46119
3.19724
2.36669
3.33919
2.02393
2.14274
3.01013
2.5568
1.85717
3.52985
0.218358
1.20872
2.77407
2.60903
2.59783
1.58813
1.49783
1.49897
1.78358
3.23617
2.18516
0.80067
1.84489
0.213394
0.822541
1.52447
1.16515
2.60964
2.6028
2.05062
2.07917
2.28642
2.46737
2.17513
1.9681
3.29145
1.36859
2.40658
1.99245
1.89306
2.27745
2.57814
3.29245
2.89913
1.22432
1.71829
2.19643
2.76873
2.37896
0.839332
1.77135
3.42865
0.429655
2.5866
2.15461
0.867514
2.60056
1.56206
3.20833
2.26742
1.33259
1.9648
1.20993
3.99495
0.531045
2.05474
0.0101801
2.15547
3.12105
1.69053
0.934167
1.63597
2.59293
1.4377
3.53455
3.35427
1.23823
2.4946
2.21239
1.94221
0.310117
1.88109
3.28228
2.4585
2.30115
1.59234
1.28483
2.59398
1.65806
1.42128
2.42845
2.53523
2.82891
2.03474
3.8809
1.59354
1.79831
3.45317
1.42606
1.85767
2.32282
1.74064
1.60893
0.665891
2.00059
1.86259
1.23554
0.61628
2.39715
2.12016
1.81622
2.89781
1.47959
2.08727
1.01685
1.92934
2.04536
1.9458
0.215388
-0.229156
2.27148
2.82766
2.45092
2.9872
1.51517
0.746058
2.34233
3.14092
0.781283
0.653144
2.53954
2.67606
2.0133
1.08765
2.76572
3.58976
2.75154
1.47592
3.53747
1.54012
2.41123
1.99161
1.54949
1.69276
0.51707
1.95715
1.48226
3.13534
1.93833
2.89917
1.90558
1.48408
3.95529
1.02752
1.60177
1.57749
1.7468
2.20987
3.27762
3.09912
2.24212
3.06038
3.64166
3.45234
2.72324
2.54234
1.5754
3.00271
2.65456
2.07491
2.66027
3.55484
2.32509
3.58502
3.32039
1.40711
1.83284
2.43586
3.00914
3.30755
2.2236
0.552456
1.99428
2.1218
2.15884
1.43605
0.862111
2.80723
2.51081
2.69929
3.83873
1.62372
2.66652
1.55007
3.08275
3.38361
0.131762
2.86534
1.40106
2.90585
2.13195
1.67274
2.73961
2.79413
0.796823
2.8756
2.59979
1.10709
2.64131
1.75832
-1.36011
1.22464
2.40542
1.41394
2.30534
3.49821
2.65959
1.40301
1.48956
1.89667
1.19161
1.83718
0.987609
-0.0319036
2.01487
2.39908
1.51222
1.58614
2.0797
2.10921
1.3658
3.41828
2.88813
3.22994
1.81978
2.77707
1.74649
1.5646
2.47223
1.99533
3.19075
1.42081
1.17601
2.53967
0.837882
1.47144
2.52407
1.30826
2.41567
2.46761
1.60075
2.46838
2.16778
3.38751
2.69485
1.41053
2.34659
1.92204
3.00386
3.79033
1.71622
2.28324
1.03301
1.3821
1.10837
2.94972
1.16599
3.12825
1.24743
2.069
2.15544
2.318
0.485079
3.70577
2.09714
1.72746
2.56509
2.87237
2.86016
2.3549
1.99139
2.47505
3.1922
2.56708
2.46593
1.82743
1.05866
1.07766
3.82801
2.33726
2.40195
2.34909
2.83226
1.79606
0.744851
1.97024
3.9832
3.82304
0.390654
2.55501
2.97667
2.27933
0.633897
2.53463
1.07283
1.67259
0.552776
3.80741
2.6576
2.23993
1.14727
2.88958
2.04124
1.526
2.43746
1.09783
1.85886
2.61742
2.19817
3.34658
2.78915
2.41266
1.85288
1.92293
3.6306
1.76884
0.416618
1.94975
1.52195
1.39904
2.01026
1.42313
2.2151
1.01866
2.61206
0.313402
3.04431
2.88819
1.47276
1.45053
2.76862
2.56666
2.25811
3.94452
3.20077
2.0521
3.35073
1.43319
2.19135
2.70456
3.58591
2.39323
1.82378
1.2038
2.65641
1.24409
1.78592
3.1733
0.569138
1.82962
1.89363
2.95107
2.49533
2.18649
1.37441
2.86089
1.52855
2.74147
3.17756
3.19179
1.63347
2.17332
2.39096
0.502044
1.56558
2.44361
1.65322
4.28126
3.80015
1.71872
0.869293
2.92584
2.81643
2.75423
3.50498
2.79877
1.94987
2.46471
3.62947
2.84026
1.0133
3.14655
2.57939
3.02467
2.18718
2.35424
3.48322
1.74506
3.60374
0.271488
1.25704
3.11163
2.80335
2.32062
1.20432
1.92034
2.6541
1.91429
1.77682
2.56017
2.16076
0.353738
2.40661
0.523493
2.37061
1.57221
3.29356
4.04178
4.20876
2.09769
2.02251
0.80983
2.37976
2.80485
1.84048
2.31745
3.12867
2.2505
2.93677
4.65067
2.81806
1.06292
3.77757
3.14544
1.63401
3.44996
2.00812
0.81138
2.07978
4.81023
2.15289
2.77261
1.25889
0.763004
0.985556
3.41866
0.90938
3.49482
2.78741
1.68437
1.05755
1.29839
2.19951
2.78504
1.62675
0.691262
1.16464
1.86877
1.80906
1.53394
1.94998
5.02325
2.85255
3.03703
0.527184
1.82452
3.15825
2.52995
2.30549
2.31203
1.58576
0.78833
1.52622
1.81022
3.29786
1.36561
1.62153
1.89386
2.22715
2.09418
2.57689
2.04948
2.05468
2.33841
2.39448
3.31429
2.09332
1.25478
0.825978
2.4811
3.28002
3.46792
1.96977
2.38646
3.30496
2.41236
3.93678
2.37537
0.472623
1.50852
1.76141
2.46975
2.43205
2.0049
1.19734
0.958643
2.49874
2.99301
1.93882
2.12839
2.10793
2.32746
0.755113
2.0379
1.38576
2.52381
1.77906
3.75977
1.41401
3.72844
1.80145
3.26508
1.06609
3.29743
4.19567
2.89634
1.96311
2.07469
1.36207
1.64955
0.383665
1.21864
1.66622
2.81314
2.79088
1.68514
2.56977
2.07488
1.00318
2.34686
2.14569
1.59754
1.39845
3.22696
2.16289
1.93277
2.00816
1.76735
1.5929
2.4739
1.54206
0.103797
2.0569
3.7397
2.5352
2.52702
0.458487
2.72832
2.26608
1.2025
3.60906
1.45453
2.05547
2.49145
1.10749
2.21681
3.73877
1.19119
2.82093
2.1608
3.16862
0.610311
0.647657
1.75776
2.13109
1.77407
0.805807
2.28647
2.53992
1.70896
0.148074
2.54492
2.91167
1.01113
1.64317
2.768
1.16518
2.84567
1.78539
2.14502
1.94558
1.42833
3.55021
3.19017
2.87061
0.887191
1.75794
2.20035
3.29959
1.44548
1.54934
3.54116
3.1116
2.57123
3.75187
2.78151
0.90566
0.991025
1.91051
2.67948
2.50236
2.17202
2.27565
2.85484
-0.318556
0.500164
2.10766
1.76582
1.62677
2.76098
1.97627
2.14557
1.87685
1.4557
1.71843
1.85146
3.9589
1.86267
2.67999
2.13391
1.91489
2.54951
3.38733
2.60803
2.89977
2.58745
2.54673
1.81831
1.93214
1.22676
3.50141
2.1268
1.84056
3.02578
2.5417
1.85127
1.56108
1.36681
1.08364
0.746836
2.69925
1.88944
2.87703
3.54422
2.08742
2.94693
1.18174
2.75891
3.60941
2.39906
0.649548
1.70616
2.48653
1.12701
2.90032
3.17646
1.02031
1.34173
3.1466
3.52553
3.35006
3.25286
2.74947
2.16768
0.874219
1.73315
3.62026
2.72912
1.95157
2.94977
2.70188
2.41424
3.12151
4.61105
2.27294
2.15576
1.20251
1.85223
1.5056
3.74291
3.42639
1.61253
3.63622
2.3057
1.37225
0.729085
3.327
1.37823
1.53671
0.880244
1.30401
3.57588
2.25031
3.84771
2.36007
2.54977
3.403
2.054
3.05923
1.33172
1.73473
4.00479
0.257744
1.67635
1.53962
2.32329
3.30196
3.79108
2.3374
2.86603
1.40576
0.743493
1.47823
1.07858
2.69002
1.77049
2.59481
3.67103
3.41515
0.570002
2.00221
0.445824
2.22618
1.71034
3.16677
4.32086
1.96586
2.40182
3.23239
2.21965
1.97092
1.02276
1.74381
2.59027
1.71889
2.34791
-0.227581
1.41742
3.13911
2.50787
2.44894
1.90033
1.83473
1.47893
1.08312
0.663327
1.50256
0.0787062
-0.751887
1.18897
1.37806
1.29924
2.76019
1.80948
2.57869
2.81383
3.91071
0.767139
2.13993
1.66024
0.51375
2.49725
1.1205
3.33454
2.99842
3.41762
1.77645
2.63108
1.42969
0.794325
2.57243
3.01404
1.66316
2.43467
1.87737
3.27757
1.40114
0.471026
1.32014
2.9429
3.3256
1.91979
3.14685
1.1301
3.55616
4.04276
2.365
3.82273
3.1121
1.71531
1.05898
2.59502
2.37614
1.56599
1.56712
1.23477
1.25238
3.1251
2.20222
1.92286
1.46437
1.50445
0.329405
1.30383
1.58489
2.34541
2.60898
3.05692
3.68431
1.34111
0.540427
1.13779
2.17021
1.48906
1.06095
3.11257
3.13151
2.0992
1.88613
2.34798
3.60063
3.76482
2.3618
3.94538
2.26311
3.8586
2.10634
2.42493
2.05469
2.68981
2.45889
1.68162
3.05944
0.647589
2.21304
2.95081
1.12093
1.47088
3.25488
1.65861
1.427
0.802354
2.22992
2.57163
1.00082
2.43709
1.49483
0.683477
1.50946
1.57108
1.88148
2.69709
2.83126
2.0193
1.48506
2.24228
3.84023
2.27942
1.50294
0.969689
2.82799
1.02269
2.33815
2.85828
3.26382
3.24522
1.6186
2.53174
2.09489
2.67441
1.91217
0.990413
1.19441
1.45627
1.11193
2.1004
3.08275
2.39451
1.65562
2.46893
1.85594
2.23669
1.64453
1.51498
1.31754
2.00843
1.56698
1.59729
1.19626
1.70053
0.92474
2.0956
2.85465
4.83795
2.65642
1.55495
3.09788
1.95517
2.19927
2.00227
1.21517
1.77252
1.65308
3.01101
4.97388
2.69463
2.34574
2.06005
1.54413
1.74718
1.0776
2.86364
2.65283
1.25279
4.27463
0.997636
3.16292
1.52928
1.75185
2.00088
2.73024
1.89128
1.77456
1.51578
1.80419
2.04544
2.98454
2.76305
2.29696
3.11245
2.83824
3.23326
4.67131
1.72742
2.43014
0.647414
0.829109
1.47837
2.09137
1.39905
1.95645
2.75114
1.45297
3.12393
2.06384
1.21387
1.4365
0.613472
2.42275
3.66649
0.958521
3.23154
3.87022
0.00941828
1.15644
2.60161
2.01836
2.905
2.64786
3.26862
3.18458
2.41228
2.961
3.56183
1.70332
4.21539
2.05331
1.67964
3.50759
0.780546
2.03267
1.84993
2.47969
1.30175
1.88776
2.61641
1.6564
0.64652
1.01185
2.24897
2.3838
3.25635
1.7399
2.9096
2.60095
1.73203
2.26171
2.61292
1.12012
0.287767
1.04417
3.03975
1.91039
1.95613
2.41798
3.73125
3.64335
2.1129
3.60484
2.09994
2.94898
1.08452
3.03527
1.71419
3.17894
3.65502
1.11983
1.60846
3.2015
3.61396
2.09973
1.37962
1.76384
1.90094
2.81963
2.61039
2.81129
1.49102
0.782897
3.62148
2.19446
1.29593
2.51048
1.23311
1.0965
2.7868
2.82474
3.17516
2.2695
3.31752
1.93049
1.25602
2.5752
2.69294
2.89204
2.97897
2.87862
2.403
1.07866
0.572096
0.887545
1.44939
2.23918
4.27829
1.66961
2.27625
2.37779
3.38021
3.63974
3.8589
3.17186
2.71117
3.96397
4.17895
3.04943
2.73997
3.01785
4.27531
3.0827
1.74097
2.02948
1.23569
2.70062
4.31018
1.53781
1.43433
2.91247
3.4625
2.50129
2.70751
1.67099
1.05776
1.57715
3.05717
1.99821
1.19694
2.29084
0.778397
1.97109
4.07567
0.675543
2.98104
2.35432
1.05109
2.80171
1.63302
2.24545
2.2883
0.733884
1.21928
-1.51227
1.22573
2.36545
2.14539
2.37354
3.00978
0.841134
2.277
1.96778
1.97177
2.67965
1.12702
3.99943
3.56132
3.33562
1.92065
1.74385
4.61859
1.28607
0.625908
2.3026
0.77547
2.45418
2.60604
2.19258
2.52816
3.89242
3.46734
2.48864
0.793401
2.05497
2.59104
2.84273
2.13064
2.0456
0.557543
2.99986
1.45917
2.21432
3.0387
2.90207
3.53614
3.74993
3.61277
1.94522
1.70916
1.86281
1.27172
0.281881
3.43248
2.4224
4.55386
2.49599
2.35015
2.42645
3.11357
1.86127
1.465
2.11917
2.10994
3.28117
2.00934
2.60979
2.78261
2.87181
1.84643
3.70361
1.59746
2.56317
4.02244
0.693997
1.28844
1.33901
1.42849
0.83389
2.93596
3.7369
2.75402
4.27829
3.18099
1.97903
2.15758
1.96725
2.26595
1.08828
2.42343
2.03185
1.77752
2.08698
2.39117
3.04962
1.83044
3.02706
2.3146
3.06003
1.5044
2.0832
3.48753
1.60612
4.37161
2.5656
2.241
2.1918
2.94524
3.24519
3.18564
2.38179
1.34137
0.800544
4.06957
2.34229
3.41995
3.69738
2.57507
3.57692
2.21945
1.23153
0.915719
2.11183
3.82788
2.14052
2.75071
2.45394
2.11385
2.20676
3.04372
2.31429
1.49462
2.45797
1.91215
3.00442
2.93419
1.3014
1.44913
1.21881
0.277686
2.03662
1.869
3.83174
1.5197
1.3017
2.53457
2.85344
1.46647
0.546352
1.80249
2.16123
2.0478
3.25017
2.32581
3.14532
3.87878
3.45515
2.87617
3.14305
0.138741
2.01634
2.59356
2.10897
1.98474
5.30846
1.7318
3.37866
4.10236
2.00061
2.4185
3.58438
2.3697
2.10251
0.513357
1.3156
1.44488
1.7362
2.25942
1.54684
1.76447
2.53047
1.44886
2.08477
2.96092
2.89248
1.54502
1.92623
1.82021
0.546344
1.35806
2.55323
2.67722
2.27576
3.3102
1.56279
0.964801
3.17589
1.23953
1.6051
2.00789
1.69411
-0.00752321
2.79067
2.99669
2.24842
1.67131
2.95037
3.62096
3.63681
1.177
2.33379
2.34559
2.93186
3.30557
2.22974
3.81278
3.30986
0.803599
2.25566
2.25552
1.77697
2.13768
1.86477
-0.0205926
1.52583
1.82996
1.66396
3.80073
2.30195
0.535863
1.78929
3.78798
3.76466
0.979653
1.56406
1.59575
3.85069
2.17286
2.75271
2.95791
2.79114
2.14171
1.19915
2.32719
2.3796
2.26041
0.610447
3.22553
1.73149
0.19886
1.74156
2.2459
2.68241
3.12215
3.49291
4.23369
3.1242
2.1063
3.41803
3.86401
1.34475
2.21501
0.912147
1.88948
3.46912
1.36683
0.865509
2.78253
1.99954
-0.0215712
2.095
2.72154
1.57053
3.14195
3.30945
2.559
2.0777
1.77833
2.07896
1.57842
2.08
3.14002
3.47632
1.75664
1.69413
2.71822
2.60085
2.50059
2.14373
1.23892
1.93144
3.39132
0.678324
2.36265
0.478598
0.523044
2.36992
3.44294
0.984729
2.10244
2.60675
2.52902
2.02169
1.29832
1.4842
2.37135
1.04274
0.175205
2.66091
1.69104
2.01203
2.18327
0.86683
1.03313
2.73041
0.941405
0.32482
1.91555
2.42904
2.32034
2.23309
1.81062
3.05389
2.65907
2.29058
1.86091
3.2091
1.45065
1.28745
0.490867
1.50083
2.07728
0.395635
2.08795
1.98365
1.34631
2.80551
1.71992
2.09655
2.20928
0.713248
1.62154
3.65007
2.55891
1.92105
2.17057
3.58554
3.05572
1.96191
2.60473
1.98714
1.71319
0.845842
2.18604
1.18277
2.42424
3.16279
2.34094
1.81636
1.72794
4.25742
1.78073
0.620562
1.05519
0.566384
2.55134
2.21076
1.54051
1.25563
2.47044
2.68629
0.421553
1.86674
1.35721
1.8978
1.73562
1.83919
3.57908
1.4076
0.322241
3.18101
3.8986
2.43233
1.63569
2.31663
3.15841
1.40961
2.26155
0.260571
4.46333
1.50748
1.8002
-0.306126
2.37616
2.43151
1.49027
1.0756
0.830963
1.22884
2.53622
2.05855
3.42451
2.16439
1.50189
0.855661
1.93323
0.943065
2.16659
1.96232
2.45188
1.91733
3.33207
2.30171
3.9418
1.52199
2.08072
3.16591
3.87919
1.59121
1.19125
2.7561
2.32433
2.54132
1.17355
4.11865
4.64
2.59298
1.76945
3.00173
3.01315
2.55826
2.50829
2.22516
3.11959
1.12539
3.15362
1.82124
3.79409
3.21173
3.23142
2.58712
2.24352
4.05459
1.78447
1.86515
2.69498
2.4958
2.87205
2.38345
2.80865
1.89229
0.441196
2.41496
2.83876
2.35568
3.39855
3.45673
2.6655
0.995684
0.861493
1.93117
2.70572
3.60171
1.6687
1.93179
2.22061
0.83174
0.407508
1.86071
2.94332
1.54836
2.98373
2.82204
2.59086
0.541131
2.29344
1.51456
1.20731
2.22137
2.47414
1.95445
2.25753
2.69408
1.83743
3.02234
1.28387
0.91946
1.32159
2.54587
1.36323
1.60024
2.28194
1.6396
2.94089
1.97363
2.85042
2.44942
2.47632
-0.986286
1.38474
1.41399
2.3311
1.24807
2.23298
2.34531
2.02891
1.77664
2.85616
1.60649
0.872955
1.40099
2.32967
2.91602
1.20717
1.67656
1.86881
1.03809
4.06488
2.59949
2.35374
2.6123
0.566014
0.510993
2.75602
2.99482
1.21349
2.35038
1.57606
2.44681
3.05413
2.47184
3.0732
2.08799
1.46046
3.97893
1.7008
3.0889
1.59358
2.44787
2.51066
2.74883
2.41103
3.29108
0.709447
3.03307
2.69128
2.28723
1.23232
2.42692
4.03663
3.21407
1.93
1.1912
1.54549
2.96574
1.68913
1.37566
1.26599
1.3898
1.76916
-0.3013
-0.421397
1.72135
1.9287
2.83565
2.73295
1.04088
1.89966
0.59181
1.57387
1.93476
2.23211
1.50451
1.36709
2.98103
1.06411
1.80978
1.95958
2.11234
2.1295
1.55429
2.55446
1.11647
0.63216
0.981417
3.19183
2.37651
2.17958
2.40746
1.48611
2.81598
1.49301
1.99653
3.11789
3.04487
2.03864
2.62479
1.83374
2.73418
3.26965
1.61288
2.47219
2.97585
3.13789
2.65513
2.48616
2.37413
3.3922
4.64089
2.01892
3.81048
2.30729
1.22226
1.95096
1.10309
3.76619
2.32189
2.45604
2.03748
3.13476
2.1158
0.913781
1.7237
2.22171
3.24527
1.29372
0.277576
0.539922
3.23404
1.14386
1.73812
3.37346
2.92995
2.42646
0.523746
2.09381
3.00766
2.51696
2.41808
1.47696
3.13754
2.6115
1.25546
3.94582
2.24686
3.80526
1.92366
2.47479
3.07666
2.12881
1.52396
1.41681
2.1663
1.99723
0.840285
1.67411
1.72562
0.607109
1.34333
2.18358
1.98049
1.18128
1.25045
-0.364056
0.708266
1.93482
0.955359
3.68984
3.0261
3.03425
1.78853
2.37054
3.25871
2.50926
1.0512
1.56564
1.42034
0.358521
2.40747
3.32723
2.414
1.54437
1.45257
1.92703
1.80731
2.26783
2.13917
2.72998
2.82085
2.03417
4.48724
1.37164
1.83755
1.9947
1.70144
1.33933
1.02859
-0.647879
2.29081
1.69866
2.78063
2.73641
3.15806
2.59056
1.97279
2.12966
2.85589
4.33017
1.8908
2.24468
3.09269
3.91498
2.29962
1.96839
3.27276
3.14615
1.3153
1.66026
1.58438
1.33724
2.01753
1.95059
2.49295
3.96148
2.46769
2.7481
3.01742
0.838199
1.563
3.86026
1.80684
1.48746
3.24895
4.40092
1.00784
1.39232
3.42115
2.06523
3.73611
2.39264
2.36424
1.61393
2.1404
2.07958
1.02887
1.78789
2.16655
4.09908
2.25136
3.58916
-0.0961332
4.14132
3.00321
1.97276
1.43159
0.551957
0.957864
3.41536
3.97199
3.706
1.38316
0.380575
2.10926
2.311
1.83639
1.94249
2.83677
2.70478
2.2987
1.7407
2.0245
2.82101
1.06417
2.62879
1.85802
2.09692
2.13237
1.01117
0.768255
3.06897
3.3596
1.05244
0.385939
3.08783
2.62616
1.9619
1.79889
2.83259
4.08814
2.6191
2.33275
3.69503
4.07947
3.13818
3.21136
1.80396
2.20416
3.97728
3.81088
2.35533
1.64857
0.982378
2.52336
1.12964
2.23497
3.93358
2.38536
2.60466
4.16601
3.61189
2.00094
1.74504
2.2459
0.445766
2.48742
4.55
0.79222
2.87607
3.36912
1.50668
1.28647
1.93384
2.26846
0.170291
2.11366
3.51302
1.96963
2.74707
1.4821
1.20571
3.04829
2.02682
3.67137
2.02595
1.81079
2.64404
2.80744
2.22619
1.08642
1.60239
1.30363
1.49371
2.9445
1.14827
1.57478
2.40651
2.36442
1.78681
2.96851
2.9237
2.2713
2.62902
3.36426
3.81652
2.44765
2.55812
2.51327
3.24524
1.76579
3.0195
2.40129
2.15673
2.92809
3.80813
1.26474
3.57021
2.78262
0.735372
2.15212
1.21557
1.89543
2.9969
1.24642
0.695881
2.28327
2.07823
2.78679
2.42783
1.36437
3.19306
2.00196
1.56084
1.65725
2.89606
3.11969
3.80522
3.16276
1.94147
2.18316
1.09037
0.931352
0.587011
2.42766
1.37614
3.22128
3.16817
3.33708
2.44
1.59668
0.892524
2.95884
3.11753
0.881324
1.83193
2.22033
2.25787
2.39098
1.86599
1.54248
1.30244
2.0541
2.43844
1.44675
2.95104
2.34826
1.29042
1.75189
1.76361
2.26773
2.04839
2.58862
2.65338
1.36165
1.36721
-0.000871244
4.01347
2.87516
2.44783
2.91235
2.11747
1.55716
2.37091
3.0545
1.95016
2.48527
0.757535
1.57644
3.43369
2.90642
2.35972
1.50419
2.45909
1.39785
0.965298
3.16891
2.12083
2.47386
1.51594
0.732419
4.23224
0.109246
1.80753
2.75219
2.72073
2.46544
3.0365
2.26104
1.33973
1.75817
1.24141
2.0366
2.03588
2.6762
3.14885
3.33
1.27124
2.91704
2.55105
2.92392
2.40645
1.23905
1.80287
2.34171
2.22351
1.7168
1.48426
1.9864
2.0142
2.88809
2.31219
2.95319
1.24036
2.23989
3.38091
2.33562
2.9557
1.56153
2.60584
2.9693
2.29329
0.57175
3.6475
1.34545
3.13998
1.47705
2.53009
3.01442
1.35258
3.25179
1.72431
3.08994
3.12268
0.999633
-0.134712
1.48315
1.68746
2.45505
2.845
3.60955
1.65547
3.13002
2.19315
1.46674
2.49194
1.44674
3.74723
3.7154
3.03133
1.8417
2.52606
3.93629
2.52807
2.16025
1.97321
2.62964
1.56285
2.94091
2.97576
4.2335
2.41219
2.68373
1.23268
3.27676
1.60913
1.8039
1.76037
2.37132
2.77016
3.37244
2.34808
2.58098
2.80049
3.30397
1.25077
1.82699
2.91875
0.607714
2.07814
2.08409
1.88713
2.46749
2.5644
1.83241
1.61104
1.88172
2.77399
1.52381
2.57099
1.87522
1.12784
2.2225
3.12779
1.80718
1.2042
2.51942
0.192852
2.79078
1.39925
2.50711
1.39251
1.58577
1.5151
1.9203
0.865994
0.790848
1.41105
3.01486
1.63017
2.36533
0.882908
-0.10279
2.00061
1.72454
3.15288
2.52165
3.2723
2.73156
2.44745
1.2963
2.93287
3.10752
1.59866
2.24789
2.48637
2.99954
1.95147
2.08617
2.01073
2.32433
3.05567
1.81497
1.75072
1.55054
3.05284
4.2443
2.1789
1.99688
0.685182
3.28649
0.793319
1.88121
2.55346
3.06343
4.66212
3.41238
1.66556
4.20689
3.00615
1.17005
3.93072
2.86266
3.12506
1.54678
0.958227
1.98981
1.52814
1.18645
-0.160052
3.04171
3.11649
4.47123
3.01013
1.81724
2.31776
0.497438
2.07257
1.40575
2.22596
1.35667
3.23941
2.86149
2.35937
2.37136
2.57446
1.99395
1.05492
1.84481
3.20642
2.80905
1.3353
2.60119
1.97575
3.17852
2.23049
1.76947
3.00871
2.38028
2.38329
3.14109
2.9943
2.13121
1.9311
2.83432
1.31703
1.98009
2.42133
2.44224
1.66612
3.03817
3.01798
3.74506
3.05025
1.32939
-0.368175
1.24116
2.37625
2.34494
1.92006
0.306131
1.40804
2.38847
1.52312
3.86139
3.05398
3.77791
2.13532
3.02467
3.17246
1.94545
2.823
3.38027
2.52473
1.40287
2.43474
1.21185
2.94184
1.80575
1.87807
3.40672
3.25285
3.06313
2.46416
1.6493
2.50733
2.27755
1.21113
0.761171
1.62197
1.07106
2.65981
3.01597
3.37856
1.87439
2.09737
1.82238
1.93764
0.805138
2.32944
2.98268
3.90403
3.75739
0.820621
1.12774
2.80057
3.03486
4.14519
2.27344
1.10576
2.63325
3.1688
2.10088
3.00893
2.1699
1.95193
1.71689
2.59259
2.96485
1.62401
2.78209
-0.613094
1.25358
2.6129
2.21865
1.63609
1.93717
2.27998
2.31002
2.58851
2.19892
1.68436
1.32282
3.14864
3.53463
1.44082
0.852511
1.13174
2.0122
1.74422
1.70672
2.37585
1.01712
1.38094
1.1156
2.01633
4.1908
2.47788
0.850336
1.58689
3.24175
2.84859
2.66757
1.49389
1.19457
2.29878
3.37834
3.06284
1.79334
2.628
2.00882
2.61025
2.67819
1.97251
0.767596
2.23
3.0526
3.08032
3.58826
3.428
1.57477
-0.3296
3.39933
2.40059
0.449603
2.68165
3.41115
2.67478
2.23416
2.14397
1.47883
3.15761
1.43934
2.45279
2.00436
2.80451
3.47103
1.20414
1.49766
1.7536
0.0851238
2.03582
1.87794
0.477545
1.15458
1.98292
2.13641
0.860565
1.46201
2.75615
0.862096
0.920177
1.30295
1.42845
1.428
2.59711
2.83994
2.96107
2.7528
2.69634
2.34484
1.77846
3.50402
2.42087
-0.200228
3.24774
0.668257
1.49787
1.52674
2.94866
2.69247
3.26375
0.992166
3.23566
1.6116
2.25093
1.11508
3.45925
3.00476
2.81997
2.24087
1.4999
1.52497
0.456254
1.11001
3.78419
2.74842
2.26449
2.65766
2.80765
2.28653
2.03545
2.91695
2.8009
2.91673
1.06727
3.68374
1.29307
0.900145
1.94196
2.50235
0.952133
1.57978
1.44567
2.92053
2.60116
2.26669
1.87927
2.61152
1.98426
1.3071
2.5572
3.69538
2.99972
2.05612
1.52
2.47303
3.03008
2.37578
1.11563
2.44454
2.13498
2.13014
2.72458
1.41306
3.59486
1.66481
1.85637
1.75279
3.32323
2.74157
1.16961
0.864998
0.353755
3.35929
2.38366
2.08629
2.32846
2.29066
2.36537
1.82638
2.72535
1.89622
2.21615
2.13612
2.14393
0.901249
2.61536
2.75724
2.60899
2.36168
2.4376
2.87708
3.59344
2.53104
1.46256
3.31659
2.57511
2.28203
0.680952
1.59234
0.62359
3.13917
2.48123
3.05818
2.64528
3.11397
0.0200336
2.073
2.24084
4.06361
1.74147
2.85462
2.61908
2.05702
2.09685
1.23675
3.24738
0.913617
2.5912
2.13341
3.28548
2.63489
1.29944
1.01663
1.17052
1.31329
0.316389
2.34091
0.105436
1.24826
3.15224
1.0009
1.99638
0.343876
2.9732
0.665119
0.611606
1.72445
1.19302
0.542842
2.01302
1.31164
3.2893
2.18625
1.76592
2.43675
3.58147
2.40263
1.96445
1.25079
1.1852
3.24785
1.7827
1.44976
1.94818
0.973033
3.10058
2.03879
2.10188
2.56464
2.18356
2.67003
1.12371
2.6516
2.76881
1.87142
2.76259
1.00225
1.6547
3.13128
2.78168
3.15764
2.68926
2.16088
3.14533
1.33016
3.36459
1.62968
2.07489
0.75311
0.117315
1.92503
3.11908
2.2848
3.68673
1.74233
2.5374
2.66315
2.9396
2.44516
1.11623
3.44807
3.32757
3.2156
2.89034
2.45673
2.74749
2.86269
2.71568
2.56243
1.3215
2.57078
2.43158
2.58798
3.28219
2.15345
0.753543
3.04431
1.40239
2.20878
1.69104
1.57685
2.16249
2.44202
4.88981
3.32617
3.16303
0.971082
3.15831
2.29247
3.12253
2.33444
0.834176
2.43001
1.69514
1.50207
2.7976
2.85502
1.39383
3.44329
1.43312
3.02098
2.04573
1.06787
0.979208
1.47598
2.31994
1.11932
2.17236
2.82234
2.18647
2.50747
3.09526
1.68129
2.02745
0.833945
3.01058
2.51338
2.16631
2.68209
2.25514
1.04981
4.43332
2.33106
2.21177
2.6284
2.09959
1.50423
-0.266712
0.176887
1.53804
4.42629
1.57084
0.77468
2.12308
1.63705
2.81494
2.84019
3.52934
3.34488
2.7284
3.73368
2.11475
1.74501
2.53807
1.9446
1.05056
1.72169
1.24509
4.30254
2.15806
1.64008
2.53531
1.52383
0.32057
3.59926
3.09465
4.63435
1.41715
1.7529
0.500017
1.31536
2.97397
0.777755
1.94367
3.67178
2.73574
2.96764
2.51825
3.24254
1.98985
1.37531
3.14495
1.35854
1.77695
1.77798
1.5671
0.761884
2.59651
2.51999
2.60875
2.49435
0.687548
1.4493
1.8028
2.0436
0.740007
2.50772
2.22948
1.13607
3.79539
1.70205
1.33877
1.90245
3.12554
2.46677
1.43617
2.39968
3.64718
2.52532
1.89843
1.95662
1.63872
2.51525
2.39428
2.87204
3.50562
2.37865
2.15723
2.60849
1.46902
3.06569
3.39499
1.68372
1.22088
1.50454
1.58904
2.65431
3.92075
2.54565
1.11015
0.872657
0.962422
2.0472
1.22382
0.750596
2.21652
3.21123
2.46159
2.35159
1.0941
2.84957
2.40119
2.46112
1.49883
2.3972
2.21462
1.86278
1.3594
3.24204
1.63499
3.55307
1.6626
2.32183
4.80505
1.29389
2.12675
3.51003
1.79259
2.11167
2.01851
1.62205
1.46891
3.1131
1.25568
2.98192
1.49421
0.604789
3.5954
1.32266
4.56775
3.30576
4.07102
3.09184
1.35747
1.28194
1.42766
2.55113
2.4677
1.70729
1.79128
1.80371
3.62586
2.77828
2.58768
0.996876
3.55022
1.45435
2.94497
1.76334
2.96664
2.59703
2.26232
2.19475
2.57347
2.715
2.00943
2.97068
2.18557
1.28987
2.93824
2.71076
4.05042
1.90661
3.11864
2.64657
1.13709
1.57419
3.5651
3.13049
2.32207
2.51601
3.25622
1.50142
1.37492
3.51764
2.37847
1.4963
1.10112
2.38468
1.93404
3.11341
3.15972
3.12378
1.8724
1.47322
2.76229
3.62767
2.77098
3.2762
4.20765
1.95759
1.96639
2.21378
2.27378
1.0929
2.60641
2.51452
3.66834
0.859018
0.0924498
0.867809
1.2329
-1.02835
1.57839
1.81611
1.73062
2.22862
2.36326
2.71157
-0.0683463
1.84472
1.83277
2.32687
1.25038
2.87734
0.949005
1.82888
1.0352
1.93455
1.8239
1.11379
2.39303
3.50509
3.34325
3.75563
2.96364
2.23893
1.53995
1.9754
2.10311
2.814
3.56305
2.27819
3.17416
2.84812
2.46299
1.60413
2.19509
0.868964
0.355368
2.95914
3.04772
1.25955
1.03403
1.66865
4.15185
3.21013
0.104863
2.4248
2.02162
3.19827
1.31673
2.23251
2.52025
1.64584
1.23796
2.23746
3.6393
2.86377
1.56015
2.2747
1.8722
0.752855
2.41745
1.51079
2.29058
2.03327
2.21464
1.78979
3.37429
2.39879
3.24629
2.41286
2.43865
1.61193
2.51072
3.06419
2.29143
1.42134
0.507551
1.48903
2.02308
1.51753
2.02844
0.511055
1.09216
2.26332
3.2238
2.1468
3.29646
2.87783
2.32687
0.312503
2.11652
3.41489
2.59821
3.66604
1.87145
1.04787
2.09098
1.68681
2.49119
0.2531
-0.299994
1.13727
1.41005
2.32174
2.79063
2.62632
2.01044
2.70688
1.10737
0.814702
2.87822
1.21989
1.50781
2.61882
1.68148
2.789
3.11165
3.52354
4.0685
1.94044
2.29935
2.47142
2.06193
1.71727
2.02708
0.0990698
2.27104
2.24739
1.58204
1.87735
1.72457
2.23546
3.60403
3.36788
3.05095
2.0567
0.591598
1.22485
2.02284
1.68672
2.47892
2.18696
2.78711
3.49919
0.877141
3.21943
0.733074
1.35662
2.81235
2.04633
0.594413
0.0225441
1.57347
1.3039
2.13652
1.13426
3.42128
4.3751
2.40824
3.37166
3.43669
4.09326
2.99622
1.25084
1.66723
3.10355
3.10197
3.35592
2.12493
3.49298
0.303148
0.765776
0.531014
1.68673
2.85742
2.57416
2.14203
2.86008
0.902503
1.63116
2.68908
2.1292
2.71878
3.31954
0.52539
1.3935
0.757708
2.37979
3.12605
2.07717
1.84145
1.76
2.38316
0.364582
2.83106
2.92836
2.19834
1.99918
2.57847
-0.365935
2.60165
2.55073
1.19862
2.21854
2.58142
3.35064
3.4067
2.82565
2.29888
3.95724
2.49705
2.41337
0.830774
0.48145
3.45414
2.70652
3.39365
3.5317
1.13759
0.364562
3.65169
4.17382
2.57456
2.08558
2.16726
1.97958
1.8388
2.08563
1.47885
2.58922
2.94298
2.79799
0.978998
3.16872
3.81633
2.90568
2.22684
1.2699
2.75462
1.27253
3.33845
0.0560779
0.638077
2.74709
1.7131
1.34318
4.09701
2.04583
2.88819
2.63838
2.45376
2.34657
2.90086
1.66618
2.33354
1.19965
4.13018
1.44867
2.25859
0.844909
2.8374
2.0399
3.07289
2.2165
3.4996
2.91718
1.97271
2.33675
-0.0997149
2.47902
1.91998
1.60202
1.65305
1.84898
4.15354
2.23757
1.5881
2.17086
1.20372
2.75461
2.38816
2.65309
3.98291
0.571081
1.98815
2.99384
2.55357
2.05628
2.57958
1.53187
1.5413
2.48131
1.46509
-0.0831707
0.363745
0.939501
1.31951
2.62827
3.21037
1.70429
2.93034
2.77164
3.79257
3.72125
1.11255
2.06354
2.73257
0.358268
2.48785
1.47899
1.29966
0.771467
1.37512
3.57351
3.59908
4.16369
1.43967
2.70566
1.80488
3.20343
2.8202
2.14443
2.47738
3.55111
3.26919
3.40696
2.64751
1.02989
2.5997
2.86271
1.85746
0.738067
3.12459
3.27102
3.60631
0.260381
1.68822
1.66427
1.07765
1.75762
2.39782
1.39914
3.28561
2.44929
2.88973
3.00555
4.5557
3.26736
2.42368
1.27662
2.14305
1.31892
2.83367
3.01518
1.09014
1.5839
1.99773
2.52965
1.84423
4.46581
1.2611
0.824581
2.83058
2.86017
1.42039
0.852726
2.0577
-0.425029
1.35579
2.47087
1.72129
1.42994
1.55001
3.59889
2.6417
2.17894
2.04189
2.17535
1.41005
2.53089
2.23407
1.27807
2.0117
1.99419
2.33189
1.9801
1.39528
0.47564
-1.68437
2.45909
3.34438
3.99706
2.86481
3.03519
3.93094
4.39597
2.11624
2.81688
3.26154
3.2719
2.49843
1.89865
1.57763
2.05326
2.14808
2.53679
2.31053
2.40612
2.06765
2.51769
2.48809
2.97611
3.7671
3.0632
2.27132
0.377703
2.22917
0.61603
1.53853
0.660374
0.576412
3.67987
0.820838
1.60824
1.59796
2.88569
1.8101
2.32457
1.86946
2.13127
3.03983
1.77295
2.18786
2.1509
1.04781
2.06528
1.42573
3.26894
2.90905
2.01192
2.64496
4.14831
1.71242
4.06585
2.71705
1.58378
1.85016
2.14246
1.96269
1.59516
1.75943
1.32665
1.43399
3.77514
2.40777
2.96063
2.44533
2.75573
1.50143
2.16746
2.61898
2.67263
4.23848
1.07613
2.05839
2.62738
3.15888
1.40705
2.39978
2.49005
1.13052
3.048
2.78868
2.28822
2.00831
2.78614
0.657858
0.318378
1.49668
0.883334
1.54839
1.86607
1.64318
1.19969
2.82172
1.70663
1.43153
2.95481
2.80631
4.32928
1.06064
1.94178
1.08204
1.4242
3.00438
1.97963
2.54354
1.59446
2.40763
2.08449
2.4899
0.860307
2.20109
2.44547
0.954495
2.43385
2.47933
2.37505
3.82711
1.64708
1.22908
1.78153
1.94159
1.92427
2.24911
1.15941
3.17654
1.39704
2.18614
4.1406
1.82931
3.08466
2.58663
2.61053
2.62443
1.65862
2.39557
3.08116
2.3701
2.42989
1.47476
1.30561
1.75573
1.89455
2.62988
1.42893
2.96902
0.375438
3.47714
3.6436
2.33372
3.59154
1.30874
2.35718
1.2735
1.20503
1.6026
2.61116
2.56327
1.54282
0.711654
3.12631
2.6332
3.20395
3.38522
2.65008
2.60853
3.56353
3.32159
2.73011
1.11177
3.02574
3.53817
2.42882
1.63914
1.55082
2.59694
3.30125
1.45337
2.25834
2.93168
2.49718
2.5747
0.686838
2.58426
2.22035
0.385212
3.57239
3.61313
1.70285
3.50768
1.51536
2.32745
2.60039
0.969305
2.70318
0.646736
1.80395
1.20941
1.98239
1.31915
2.41293
0.322261
2.82419
1.49405
2.77259
2.44428
2.47816
1.41233
3.21188
1.80393
0.94957
2.78067
2.0786
2.0334
1.76593
3.10174
3.57408
1.59712
1.85996
1.84065
1.67555
3.08342
3.16437
4.26953
1.5297
0.53425
1.52454
1.49159
1.5386
0.900806
0.67887
1.87653
2.75221
3.05842
2.83707
3.28973
1.10098
1.99471
1.14418
2.36785
2.97057
1.27818
0.607387
2.44509
3.65908
2.1782
1.7249
3.67143
2.29095
1.08168
2.23736
1.73564
3.16306
2.97771
1.92123
2.45059
2.02453
1.761
2.63364
1.92836
1.87681
2.4819
2.29433
4.54598
3.68769
-0.201991
2.88867
2.35091
2.60759
1.30219
1.90246
3.73564
2.24734
1.42391
0.567545
3.8702
1.77329
1.96012
1.93287
3.44114
2.16023
3.58206
2.20105
2.4429
1.674
2.47213
0.241628
3.57814
1.948
2.87279
2.9401
3.41999
3.26491
0.433669
1.58933
2.0656
2.14716
2.58667
2.00523
2.22312
3.04666
2.23382
3.50069
2.44754
3.62069
1.8557
1.59785
2.28161
2.59772
2.04273
0.484882
1.06498
2.75131
2.09685
4.22539
1.75265
1.96615
1.3876
2.56683
0.554895
1.13987
1.26006
2.47658
2.44912
1.91025
1.41862
2.84303
2.66764
0.254
3.82042
1.64008
2.18336
3.13506
2.5593
1.21561
2.97478
2.30882
1.58121
2.22906
2.40625
3.92466
2.79958
1.61362
0.68362
1.33436
0.524823
2.05773
1.78611
2.653
2.29426
2.2693
1.82236
2.50516
1.94487
3.74935
2.50435
1.81621
1.24503
3.56241
1.97878
3.04508
2.60358
2.94102
2.25313
2.33273
4.31626
2.39881
2.5439
2.43532
0.680283
3.46367
2.91738
2.12169
2.16188
2.40762
2.48087
2.38646
2.9762
2.85422
3.16259
1.37706
0.490847
0.934303
3.50427
1.451
1.26533
2.88098
0.859128
1.4814
2.47398
3.54039
2.42266
2.17863
2.78984
1.46975
2.60857
1.84461
1.76184
2.5346
0.695484
2.51558
1.48869
1.59938
2.78222
1.6931
0.605187
2.12396
3.11714
3.23109
1.52947
1.9572
2.18278
3.983
2.59007
0.696194
1.88272
3.97624
2.4477
2.44476
3.64313
2.40468
2.10445
1.88892
2.10846
2.06243
3.20403
2.49685
4.22901
2.70396
1.77442
2.36518
2.89319
2.33189
2.89458
2.93959
1.21905
1.77539
2.30129
1.92524
4.04632
2.17568
1.01061
2.74472
2.63048
3.04359
2.0704
2.70998
1.49315
3.66552
1.85985
2.02384
2.09527
0.837076
2.51252
2.24491
1.38162
1.20817
3.04233
3.55888
3.20178
2.72359
2.67051
3.24557
2.38021
3.14591
2.15052
2.40123
3.58127
1.82447
2.62347
1.69306
3.16271
1.07747
2.17938
-0.255255
1.66373
2.05627
3.29337
3.76562
0.052542
0.231094
3.41484
2.16391
2.80644
1.72407
2.184
2.58918
3.91453
2.88951
1.97223
1.3316
1.58691
1.73188
1.1472
1.51126
2.05298
1.85717
2.20882
1.92103
4.04467
0.341404
1.53069
2.01865
2.90249
1.49929
2.85812
2.22767
2.13552
2.14854
2.56162
1.50751
2.40339
3.19579
1.29467
3.55783
3.04119
4.03868
3.29376
2.55335
-0.201125
1.49627
2.54259
2.6049
1.86906
1.26025
3.11421
-0.282126
2.27155
2.27643
2.23622
2.73079
1.39136
4.30891
3.15408
2.81698
0.939091
3.00731
2.2802
1.67377
2.08291
1.67471
1.81284
2.91762
2.22642
2.40976
1.49419
1.21693
1.4305
2.79591
0.77835
2.14321
2.93314
0.421098
2.43702
1.64316
2.76205
2.2528
2.44521
2.44274
0.970281
2.90445
1.88528
2.46955
1.62023
0.469907
1.7716
1.47327
2.86283
1.81068
0.842861
0.427547
2.5653
1.44393
2.44317
2.62337
2.62375
1.87058
1.69205
2.42822
1.21293
3.42858
2.34859
2.23762
2.63347
4.60056
2.55463
2.12921
3.71063
2.30304
2.0611
0.990139
2.13185
1.27002
0.296557
0.694436
4.13949
3.19042
1.44416
0.599011
2.27362
2.00831
1.53551
1.43643
3.24881
3.55739
2.21589
1.38515
1.22063
0.93396
2.78613
2.09461
2.77846
2.08439
2.53584
2.59172
2.99505
1.33719
2.4167
1.15686
2.16023
4.54507
2.00828
2.31703
2.3261
2.08134
3.21128
2.28451
1.62207
2.78273
4.08019
2.21731
2.74697
1.52683
1.63956
1.51511
2.34463
2.6958
4.01867
2.44455
2.36137
2.40986
3.22988
1.6336
1.73104
0.749187
2.31167
1.03848
0.211881
1.49948
2.474
1.94615
2.56834
0.797327
2.73867
2.14973
2.3479
2.46442
2.16918
2.31775
1.51652
3.1854
2.21541
1.23069
1.03482
1.05768
2.83079
2.09551
1.06463
2.61234
2.61197
0.539612
1.42539
1.25299
1.96673
1.17555
2.27795
2.53335
3.49248
1.53486
2.02927
1.08603
2.23356
2.25337
2.99071
2.11112
2.03548
2.38754
1.81387
3.32029
0.806936
3.33787
2.47541
2.34597
2.8716
1.60726
0.258897
0.562116
-0.226779
2.14519
2.41574
2.89679
0.826856
1.9208
3.1665
3.57983
2.93228
1.66791
2.38237
3.11756
2.96469
1.39311
1.71133
3.24311
1.93
0.676041
2.32363
2.15517
1.27412
1.82208
1.93804
0.700055
1.98891
2.80344
2.94263
2.31387
1.42624
1.59238
3.61889
2.83176
1.44307
0.981728
2.85883
2.90771
2.79321
1.39635
1.19021
2.06786
1.85902
2.43203
2.29428
2.93217
1.99697
2.43397
0.935566
1.85863
2.61251
2.44646
2.59228
2.07714
2.74085
3.00012
-0.395704
1.26682
1.57153
2.27701
2.95566
1.5365
2.12574
2.34599
2.48529
2.71677
2.90563
2.22861
2.96018
2.05604
2.75287
2.33484
4.73897
1.51441
2.50286
1.89208
2.76208
2.34658
2.40393
0.415501
2.5338
2.70581
1.26507
1.84721
3.01063
2.13739
1.42153
2.55083
3.77296
3.50718
3.31139
3.9187
0.737228
0.730602
2.89416
1.64916
2.75371
3.13713
1.77638
1.9903
1.76888
1.33887
0.71462
2.7863
3.09577
2.6343
0.901306
2.22254
1.26828
2.61678
0.416881
2.11489
2.35123
2.18134
2.40943
2.87153
1.99624
4.53251
0.152677
2.34009
3.13423
2.01958
1.40661
2.89934
1.50214
1.76781
3.43341
1.95367
1.33008
3.25862
1.11016
2.18135
2.03758
3.08394
2.82593
2.02968
3.32585
2.54698
3.07046
1.49846
2.44172
1.03629
2.81999
3.6366
1.5372
2.75366
2.80765
2.52432
2.51727
1.96819
2.32
3.61437
0.669421
1.63455
2.62446
2.8232
1.27078
1.0155
2.15911
0.694792
3.21202
4.80143
3.02026
1.77213
3.06032
2.90618
1.67767
2.45527
3.07329
1.23062
2.66922
2.30853
1.5299
2.76301
2.57125
1.94345
2.63613
2.40628
2.77627
1.27674
1.95888
2.57381
2.41313
2.99762
2.63682
1.30872
2.38301
0.75214
1.61541
1.91228
3.94491
1.17328
2.49936
2.66565
3.60272
2.43905
3.58072
4.05561
1.69378
3.75721
3.2244
2.31451
2.01579
2.74663
2.53273
1.95057
3.23243
2.99887
2.73799
1.87349
2.77328
1.92145
1.20148
2.62357
2.77623
1.40318
1.80043
1.17709
2.22584
2.09028
1.82171
3.74556
2.22447
2.49794
2.23425
1.81937
1.80003
3.22257
2.90813
2.23
2.91906
3.61084
3.78485
0.169121
0.223532
3.18411
2.77043
0.288155
2.18411
2.11116
0.83571
1.70386
1.93549
3.00832
1.47619
3.67161
3.09166
2.1989
3.6405
1.18163
1.51887
3.07114
3.41213
1.43839
1.09062
0.962453
2.43049
1.73914
1.58754
2.50579
3.13915
1.80882
3.01525
1.67729
1.97537
1.89503
1.22001
1.96085
2.74041
2.2816
1.81259
2.22283
2.38964
1.77574
2.20226
3.42288
3.14864
1.75764
3.30826
2.96869
2.22828
1.95046
1.54468
1.72456
2.82336
2.8065
1.31955
2.30315
2.57935
4.66191
2.039
1.95829
1.55529
3.66172
1.66969
1.20729
1.04512
2.02768
1.95072
0.909163
1.43019
2.72028
0.773262
2.64147
1.77
2.04301
3.41867
1.02099
3.34354
2.04363
0.753167
1.19098
1.12629
1.22481
1.6545
1.90145
0.896096
3.60125
3.96957
1.92663
1.70428
2.18792
3.29102
3.02891
2.84651
0.222195
1.43366
1.90805
2.81688
1.83276
2.44612
2.20479
1.80257
1.63201
4.65505
1.49216
1.10821
2.44844
1.62039
3.28514
2.2761
2.49934
1.834
1.69123
2.90024
2.053
2.29618
2.39936
2.67346
2.79112
2.081
1.82638
1.72181
1.93818
1.65818
2.18651
0.222591
2.61331
0.878209
3.64267
1.01864
1.9128
2.28926
2.57988
3.20781
1.72953
2.36864
1.76585
2.13501
1.9735
1.61792
1.89355
0.736464
1.14753
2.02763
1.65897
1.01566
2.80632
3.39042
2.6309
3.18318
2.19011
2.76801
2.15314
3.14228
2.81435
1.18891
2.43233
4.0172
1.86817
0.314781
2.68324
1.37582
2.09758
2.15797
2.47623
2.16812
0.483259
0.726981
2.0259
1.87398
1.94975
1.61231
1.26566
2.05783
2.05362
2.56633
0.711855
0.220268
1.73078
2.04121
3.04582
2.22505
3.15923
2.62582
3.37313
0.786289
2.43586
1.58409
3.00591
1.76868
1.23898
1.18822
1.67127
3.22055
3.31881
3.51646
2.67554
1.4647
1.35789
1.95844
1.26958
1.22036
2.09143
4.04647
0.413309
1.41768
2.96193
1.67086
0.733509
3.24657
2.06829
1.8812
2.15624
1.5305
0.838508
2.28321
2.06384
2.86824
1.70985
2.04695
0.80127
2.57173
2.90496
2.20958
2.35872
3.10982
3.25879
1.63568
-0.606779
1.37127
3.35391
3.2036
2.06206
3.1567
1.96168
1.18108
3.54078
3.97955
2.18461
1.44806
3.19199
1.36556
2.844
1.65354
3.47432
1.82283
2.67463
3.71964
2.62653
3.08709
4.16537
1.45952
2.22663
2.04711
3.22407
3.12265
1.47623
0.930243
0.250156
3.04629
3.37273
1.70799
1.98727
0.877331
1.20505
1.60719
2.61809
2.1157
2.97365
3.59553
2.5052
3.49741
2.61198
2.67835
1.89407
2.04608
2.90146
1.53711
2.78776
1.71892
2.08036
0.414122
3.73668
2.1599
3.07842
1.55
2.8232
1.21843
0.433808
1.44566
1.59638
2.23775
1.54141
1.49455
1.98572
2.36723
2.23436
3.25665
2.43237
2.46574
1.80983
1.87952
1.31864
1.33176
0.770527
2.00031
1.75579
1.06971
1.44276
1.0032
1.36467
2.48512
3.0473
1.95128
3.08047
3.34862
1.48072
2.6412
2.92003
2.55832
3.16374
2.98089
2.1275
2.8262
1.07649
1.36935
0.850704
2.10982
2.44741
2.63371
0.0189771
2.01525
2.05852
3.42288
2.16561
1.55633
2.43822
1.88814
0.0659582
3.39611
2.841
3.97377
2.10416
1.46863
1.63061
1.03793
1.56397
2.67087
2.80594
0.94935
1.62678
2.33817
3.00109
2.78493
5.33381
2.6015
-0.873602
1.86493
1.92559
1.71195
2.67927
1.67199
1.88594
2.55432
1.47176
0.535524
1.25189
1.66438
0.521331
2.21456
1.64669
2.60477
2.88403
2.85298
2.53414
2.74881
1.52207
5.91171
1.86302
3.75424
3.95109
2.24385
3.25761
2.41087
1.35846
2.1118
1.80917
1.909
0.925835
0.996659
1.52448
2.54817
1.55051
3.4708
3.2769
1.72665
1.90424
2.405
1.0812
1.10358
1.95268
2.93923
0.663911
2.63417
2.34725
2.48624
2.08564
2.3947
3.57126
2.25364
1.51359
2.43698
0.944459
0.953639
2.08798
3.08943
0.713055
1.30012
3.85539
2.8383
2.69597
1.93418
2.00576
2.82019
2.2622
0.719664
1.00555
2.67699
2.58826
3.07818
1.75007
3.76514
2.67165
2.75217
2.80821
2.63057
2.02367
2.34567
2.87392
2.33856
2.00723
2.84594
2.15835
1.38958
2.42692
2.79387
2.03074
2.09281
0.676303
2.23116
2.88538
2.78377
2.6292
1.62457
-0.172336
0.696694
1.30109
2.35191
2.35269
4.41007
2.88241
1.96855
3.12004
2.38629
3.52621
3.3654
3.11056
3.11992
2.86913
2.60123
2.83635
2.678
1.1647
1.68005
2.2065
1.23069
1.55416
1.48234
3.28662
1.75707
2.47164
3.65999
1.33764
2.02253
0.971814
1.22868
1.49611
0.799208
2.83121
1.07068
2.92438
2.98471
3.01891
2.15411
2.94123
1.91333
1.80255
3.71568
3.08734
2.38418
1.05453
1.73386
1.21765
3.17835
2.51495
2.8207
1.18818
2.6346
1.25803
3.16615
2.21795
3.06621
2.86555
1.77504
3.25997
0.645719
2.16993
3.17367
3.11081
3.0843
-0.556058
2.61632
2.41005
3.03512
1.80098
3.16444
2.65038
4.16386
3.82641
2.56155
1.97407
2.93892
2.80046
2.146
2.87751
1.17826
2.03583
1.97894
2.24708
0.448776
2.46184
1.48486
3.03481
1.36452
3.74793
2.08669
2.29799
1.57315
2.46769
2.43398
3.7255
2.50922
3.57259
0.966847
1.17534
3.12404
2.53173
0.745305
2.92642
1.26
2.21312
1.49569
1.11762
5.01141
2.19008
2.64487
0.454256
0.356821
2.38585
2.04161
1.40436
1.06669
0.862517
2.05393
1.9391
2.28971
2.13778
1.14135
1.48205
2.39865
1.71253
2.60319
0.697365
2.52752
1.00108
1.60389
2.92277
0.878112
0.560371
2.97892
3.28949
2.39433
2.85832
0.635568
1.24158
3.13774
2.24422
3.88162
2.68358
3.48054
2.30646
1.92191
3.61354
3.40584
2.64352
2.05618
2.41606
2.35482
2.50047
3.10738
2.66436
2.47739
1.7673
1.24735
2.52974
1.81677
2.58661
3.81565
1.70565
2.84865
1.39546
0.776825
2.74978
0.432746
2.14908
1.65727
1.62159
3.28799
0.843558
2.18653
2.24506
2.10676
1.67971
1.89672
1.9054
0.548312
2.15769
3.2429
0.111513
1.63118
0.879337
3.98861
1.35449
3.5068
1.26883
2.16729
-0.0481973
0.609089
3.29837
3.12412
2.12931
1.70301
0.674729
2.64869
2.25659
1.84724
3.16294
1.65904
1.77829
3.34318
3.99813
2.43307
1.90698
1.83345
1.33939
0.442583
2.08401
3.49355
1.5466
1.07085
2.95752
2.09252
1.83652
3.58293
3.03888
2.02384
2.10671
1.62104
1.28597
1.63904
2.71321
2.56956
3.19862
2.83167
2.00132
1.36743
2.31188
2.61829
2.53707
2.18391
1.29753
1.77648
2.67227
1.69775
2.96375
2.79543
1.9139
3.54952
3.50379
1.45786
1.84789
1.87255
0.92569
3.24757
3.3481
1.95852
3.80478
1.64999
0.555606
1.42684
2.34859
3.01122
2.0625
1.90794
3.29359
1.2448
3.10771
1.76306
1.31109
1.20416
2.57924
2.88753
1.78319
2.86538
1.99027
3.39543
2.99402
2.56864
2.96944
1.71015
2.75943
1.6069
2.6686
1.91853
3.84244
2.74073
3.97432
1.19461
1.76255
1.8071
2.43879
2.9624
1.85395
0.984244
1.6724
1.07205
1.62329
1.32084
2.43772
3.03264
1.99207
2.50326
1.81641
2.59298
1.65885
2.40087
2.07889
2.76614
1.36779
2.07754
0.871283
1.59129
3.49131
2.43026
3.63552
0.242793
1.42159
1.66317
3.11472
1.36311
0.644085
3.80439
2.81863
2.81542
1.47624
3.49716
4.23809
1.42048
3.55431
1.38627
2.26995
3.97567
2.65921
3.46815
1.88722
2.50747
3.42523
2.24002
0.677946
1.49541
2.28599
0.854085
2.8678
2.11084
0.321645
1.82761
1.6518
2.67897
2.65347
1.32904
2.4423
2.92963
2.1197
0.142269
1.33357
3.52265
1.66784
2.07008
2.56802
0.789391
2.02697
2.91331
2.57518
1.87124
2.29448
2.60241
1.48315
2.28483
1.44344
1.3094
1.2056
2.61805
1.75868
1.77467
2.11856
3.15122
4.07087
3.72554
3.18005
0.992678
2.48709
0.997259
3.53922
4.2551
1.60026
2.38152
1.27762
2.02757
1.98699
2.90424
1.89724
2.38577
2.73083
1.30468
2.0361
2.28024
1.4946
1.57594
1.46342
1.66749
3.1706
1.69691
1.5209
1.67865
3.58563
1.15222
1.22055
2.32494
2.75031
1.41639
0.885834
2.83803
3.11427
2.02275
2.06451
2.40308
2.21482
1.13098
2.44304
3.98963
1.20635
0.978824
2.08659
2.84016
2.39285
2.27802
1.95107
2.59754
2.74206
2.78418
2.89545
2.27062
2.64271
2.09612
1.3497
0.976371
2.03897
2.03272
3.65017
1.1186
1.93859
1.80286
0.60423
1.24643
2.46814
2.40054
3.9293
2.9567
2.53239
1.49925
1.82589
1.78343
2.44312
2.70308
0.987127
2.87657
2.23347
3.31066
2.83652
2.79228
1.66814
2.08308
3.37369
1.25392
2.53458
1.22016
-0.118009
2.18861
1.94311
2.94326
1.36841
1.31577
3.06152
0.613054
0.658543
1.89821
1.31578
2.52392
2.44607
1.98501
2.1267
2.54812
2.09366
2.91974
2.75619
3.32091
1.50356
0.123026
1.42303
2.56821
1.62204
1.54301
2.39912
2.46184
1.5475
2.34897
2.25126
1.05871
1.6132
3.80333
2.91683
1.16412
2.36436
2.03661
3.89071
3.14781
0.603479
1.25776
2.94631
2.37009
1.75363
2.02279
3.23792
2.3322
2.35068
3.27927
4.11384
2.01876
2.57518
2.79087
1.77072
1.70612
2.86678
1.53177
0.182571
0.443514
1.47312
1.79462
2.38055
3.18475
1.57967
1.66706
3.33389
3.24471
1.68498
2.51795
2.09457
1.42652
2.77105
3.00273
1.47306
3.27129
2.5675
0.929601
1.99406
2.21277
1.71342
2.28962
2.28519
2.0373
1.7603
2.15887
1.69866
2.39178
2.38208
3.34902
2.91808
3.81019
0.539864
1.9737
2.41958
1.89694
1.57888
2.03912
1.97352
3.01557
2.32041
2.53337
2.90573
2.53002
2.97873
1.07746
2.89649
3.13637
1.65966
1.86165
0.956636
1.11952
2.59212
4.23084
2.63077
1.6789
2.02199
1.38915
1.02005
3.34141
1.73171
2.66705
2.92438
1.40805
2.486
1.51998
0.671869
2.78665
1.95713
1.22701
2.70124
2.48499
2.24881
1.07628
1.32821
3.40064
2.49716
2.87197
1.643
2.41635
1.42204
2.29201
1.09062
0.137754
1.30689
0.730466
3.72545
0.717638
2.28027
1.74736
2.21899
2.08973
1.32449
1.21752
3.17807
1.77592
1.32532
1.38655
2.58061
3.46884
2.30468
2.5108
2.51066
2.61759
1.00474
1.10333
2.28978
1.64179
3.70488
1.8538
3.62319
3.18723
2.85797
1.70842
1.46929
3.10581
3.16982
2.40719
2.053
3.29382
3.34808
3.34705
1.04689
3.14108
3.50717
2.33968
1.06897
3.84142
2.02578
3.82833
3.33667
2.68707
1.78767
2.2763
0.541683
3.7233
3.23181
4.1818
2.84385
0.972063
2.83658
2.6397
4.09741
2.51798
1.57642
4.09697
2.62445
1.83751
2.18091
1.39967
2.12825
1.95614
1.25902
1.18759
2.71894
3.22097
2.97888
2.84478
1.98654
1.93487
2.78313
1.36858
4.13064
2.21413
1.81209
1.35469
3.40913
2.38959
1.35566
2.4941
1.46547
1.65284
0.153682
2.11117
2.62416
2.53529
1.82576
1.75045
1.94185
3.66756
0.216232
2.79752
3.24659
3.14589
1.26346
0.483159
2.96107
2.28516
3.53117
0.531724
2.78728
2.8392
2.66974
0.383136
1.99311
1.67726
0.959586
3.09232
2.76925
1.96533
3.07591
1.57255
2.52933
2.60888
2.37587
2.32288
2.24389
1.57956
1.0313
2.39728
3.44949
1.34587
2.11827
2.51604
3.24044
0.202292
1.72458
2.08872
2.43994
2.43988
3.5636
1.59898
2.13943
2.17206
2.95413
2.14435
0.0203325
2.06893
2.47874
2.96863
2.67636
1.99478
3.08154
3.58183
2.49754
3.73309
1.05691
1.75235
1.39998
1.09632
1.6669
0.508474
2.79612
2.1699
1.49798
2.64669
1.78982
2.80902
2.1116
3.20531
3.90729
1.90522
0.794186
3.46429
4.06114
4.63899
1.72723
3.01661
2.16807
2.46857
2.10638
2.40288
1.01279
3.66284
4.25759
4.40915
2.54672
0.692986
3.12891
1.38544
1.99735
0.230407
0.284077
2.74238
0.507605
2.45112
3.98775
1.87604
3.07538
1.32778
2.03898
2.67108
1.06958
1.60056
2.72347
2.73295
1.94472
2.10161
1.31187
2.3294
2.98838
3.4415
1.98761
2.98773
1.04146
2.73296
3.28482
2.63938
3.08166
2.11023
3.0139
2.06872
0.98159
0.588235
2.8008
1.78252
2.48529
3.2982
1.58187
1.42191
1.85584
0.853068
1.95668
2.90452
2.95533
2.27179
1.99183
1.60907
-0.363081
-0.31811
2.12335
1.96678
3.46446
2.67359
1.35175
2.56844
3.33263
3.84333
3.70854
2.22141
3.48929
2.13016
2.49485
2.20398
1.39165
1.90383
1.65316
1.56299
1.60221
1.37642
2.28721
2.94795
3.138
3.39218
1.51044
1.62459
1.4695
1.82247
3.50521
1.48029
2.22835
2.90032
2.69189
1.6087
1.26318
1.65216
1.75147
2.13264
3.74837
1.46962
2.46951
1.77256
1.8428
3.18449
1.07069
2.19326
2.56361
3.05354
2.19518
1.41295
4.03699
2.06227
1.88686
2.18059
1.69292
3.26441
1.59021
3.1024
1.85333
3.00779
0.978564
2.26759
3.69718
1.34262
2.47287
2.83601
2.05306
1.01973
2.09296
3.06502
3.21181
1.9004
1.68602
1.88993
2.38588
1.78149
0.842027
1.37028
3.11159
3.41134
2.74113
2.42015
2.21703
3.66088
2.83403
1.05647
1.87433
2.08816
2.42701
0.793422
1.80742
3.22972
5.00619
2.56539
2.47498
3.8046
0.116234
1.4867
2.23062
2.49165
1.22777
1.26416
0.160075
2.98363
2.61769
3.34449
1.08221
1.00211
2.34369
3.00478
1.82599
2.39398
1.88475
2.33516
3.34113
1.5665
1.19413
3.55545
2.43523
2.26708
2.98751
2.09075
0.687858
3.3394
2.78795
2.99596
2.3772
1.31511
1.94521
2.356
2.52592
2.92527
2.08718
-0.545378
1.25179
0.952505
2.78999
1.38737
3.27858
1.42637
1.74771
2.93634
4.71796
2.72721
2.28272
2.08645
3.50774
3.99778
3.65835
1.68938
2.83036
1.70457
3.63009
2.51713
1.83709
1.93198
1.04823
1.36962
4.44124
2.70861
2.15145
2.92037
3.04967
0.520794
1.30917
2.27326
3.30945
-0.409402
1.94402
1.56296
2.06533
2.3872
2.31242
1.49724
1.25705
3.18876
1.89234
3.89595
4.2877
2.12992
0.0777911
-0.461827
2.93476
1.89096
1.73912
0.931292
2.28891
1.80725
2.37141
1.49896
1.93983
3.71073
3.05054
3.07279
2.76886
2.24849
1.21451
1.25317
1.29865
2.81347
0.316097
1.4182
1.54277
2.65937
1.47641
3.81166
1.74835
1.37044
3.90836
2.89569
2.01225
2.13747
2.56296
2.03572
2.11358
3.51209
2.97432
1.30202
3.16056
1.55155
1.67507
1.85741
0.591792
0.62554
0.998858
2.17931
2.06765
3.63805
2.92458
1.68453
3.48434
2.9847
2.1257
2.76927
4.66891
4.1613
1.65009
2.02569
3.01783
3.00657
3.01098
2.81166
3.18849
1.17276
2.11973
2.91827
2.27194
1.29557
2.43137
1.12324
0.355581
1.94763
2.55771
1.8578
2.05218
1.50413
2.1998
1.66089
2.72172
2.0364
0.477091
1.30904
0.603312
1.81918
2.87555
3.69951
2.00437
2.71663
2.94076
2.45085
2.49317
2.69013
1.52339
2.08828
2.38395
0.562741
1.34238
1.03083
1.04943
1.87982
2.7188
1.76462
3.09923
1.81317
2.06251
0.76955
0.649123
1.50553
2.89529
3.55225
1.91529
1.64778
3.26952
3.55636
3.05869
1.31167
1.95945
1.65171
2.84723
3.16482
2.18171
1.79846
3.11815
1.90793
2.11982
2.7613
2.42852
0.854479
3.00157
2.7144
2.86259
0.512206
1.90316
2.47732
1.92603
1.62058
2.02705
2.44333
3.5903
2.664
3.88922
2.59386
3.4703
2.27239
1.97131
1.6761
1.79974
1.60399
1.96749
3.37833
3.00999
1.88468
1.46774
2.82786
2.84172
1.46924
3.14274
2.5151
2.07832
3.50251
2.94604
3.0086
0.177206
2.77747
3.62015
1.19226
1.65223
3.05026
1.45394
1.41531
1.59224
1.2425
2.74609
2.91286
1.86319
3.68831
2.03271
2.21478
1.95291
0.220623
2.53885
0.642692
1.8995
2.14585
1.55184
3.98001
2.10418
3.34791
0.672244
1.99608
1.98701
2.08314
2.33477
2.29038
2.8778
2.52183
2.51269
3.77507
3.4547
1.43916
2.79551
1.53378
2.42415
2.93224
1.5976
3.1607
1.91149
3.00006
2.883
2.59228
1.36052
3.33826
2.60274
2.49786
1.85905
3.49745
2.55416
1.88677
2.32546
2.19234
3.4994
2.10796
3.50801
3.04944
1.72914
2.70114
2.75699
1.12228
1.74534
1.88766
1.71127
2.06549
1.16542
0.825457
2.34567
2.28073
2.42453
0.465733
1.63695
1.64395
1.72915
2.07233
2.12585
1.86692
1.83678
2.6735
2.80553
1.55567
2.45123
1.81068
0.822193
1.8958
2.3478
3.85509
2.30035
1.5724
1.89233
0.154656
3.43335
3.02434
1.87767
0.760902
2.41384
3.57121
2.62304
2.98223
2.37288
0.987955
2.1074
3.17158
3.17287
4.0558
2.65214
1.85791
0.669475
2.48787
3.78118
1.8989
2.33466
3.19704
1.45508
0.326262
1.39473
-0.182002
1.95926
2.34872
2.06505
2.73578
2.42568
2.5406
2.31347
3.11098
3.05708
1.45252
2.34951
0.617436
2.62963
1.33706
1.20581
2.05222
1.77425
2.83113
2.78723
2.42065
2.51032
4.22402
1.81393
1.74081
0.697008
2.81043
3.06926
1.84065
1.50361
2.18151
2.66787
0.399268
1.39586
0.38342
2.53475
1.20572
2.84033
2.16514
1.53099
2.12449
1.93894
2.66302
2.48381
2.58087
2.78369
2.77248
2.48349
2.18497
1.80451
1.78649
1.17888
2.78126
4.41371
3.74604
4.28751
2.26538
1.79202
2.35914
2.05229
2.21252
2.32725
3.42596
0.562393
0.893567
1.68018
4.0286
3.68782
2.86891
2.09504
2.32356
2.33559
0.909017
2.26283
3.71153
2.40444
1.85365
3.14573
3.02623
3.37633
2.10463
3.39193
2.68103
2.26493
1.29157
3.51757
2.29474
2.05224
2.95949
1.3436
1.69959
2.52668
2.7933
0.199827
2.17046
1.37185
0.628064
0.618447
2.61731
1.22459
2.23478
2.28383
1.77025
0.415843
0.853893
2.55117
0.679525
1.02454
0.88054
0.654967
0.518268
2.4542
4.89192
2.47194
3.33048
1.67206
1.57458
1.94181
1.91204
2.86894
2.24546
1.59235
1.33081
1.97383
1.14653
2.28174
3.76569
3.77335
2.37943
3.14545
1.80284
1.9119
2.23974
1.65331
2.60444
1.19544
3.45418
1.02104
0.387535
0.769903
-0.528637
1.11713
2.19815
1.2755
2.48485
1.4133
1.74769
2.02061
1.53367
3.7654
3.32766
0.327578
1.97078
2.05152
3.31752
1.69172
2.19537
1.85063
1.12041
1.2564
2.12743
2.92335
2.46917
2.58621
2.4454
0.150222
1.54957
2.47114
2.55867
1.91944
0.717352
2.01755
1.36606
1.50993
0.78018
1.42876
1.46409
2.47845
3.65092
2.85999
3.86241
1.72471
4.43551
1.44188
2.45179
-0.0760248
1.4744
0.386752
1.62625
1.69055
0.437323
1.62176
2.33755
0.889264
1.96226
2.26015
3.42789
1.50521
2.51446
2.53978
2.41706
1.4446
1.46326
2.66551
1.37463
3.09506
4.00257
1.22868
0.516333
2.76378
3.2189
2.17406
3.52677
3.52815
1.40561
1.18101
2.1994
2.41032
3.19694
1.04408
2.09757
1.99159
1.98191
1.73261
2.17289
1.93055
0.913839
2.6522
2.66838
2.13696
2.38633
2.34836
1.60942
1.73552
2.49693
2.22642
2.36367
2.95861
2.96425
3.33193
0.928627
1.21632
0.146358
1.36011
1.46565
2.64032
2.3033
2.71386
2.8467
1.48246
0.0713923
1.05799
2.92561
2.40958
2.70924
2.26259
4.14286
1.65297
1.63625
3.37149
1.88412
2.80028
0.969463
-0.0485235
2.4668
1.23231
2.61241
2.47372
0.308601
4.62375
1.7546
1.91401
2.05045
1.94842
2.02377
1.23242
3.21052
3.04657
3.27594
2.05204
2.4352
2.4903
2.8858
2.29361
2.04131
2.75247
2.62415
3.30392
3.32478
2.14299
2.28053
2.75984
-0.0394738
2.74161
2.42037
1.01583
1.35675
1.90841
3.82641
2.75355
2.2249
3.40714
2.85254
2.84835
2.63611
3.64282
2.51411
1.20691
2.25594
0.901308
2.27082
2.50204
2.63989
3.61048
1.81875
0.649877
1.43233
1.09261
2.76049
1.26186
2.84115
2.15129
1.34218
1.43699
3.03373
2.41029
1.91467
3.30529
2.74794
2.85421
-0.196634
1.34561
3.03213
4.20045
1.59009
1.78239
2.97792
3.60792
1.75673
1.81182
2.95815
3.2803
2.52797
2.5541
1.00184
0.875731
0.464142
1.02402
2.53357
3.43024
3.2324
2.54125
2.39987
2.20282
2.72371
1.28794
2.45643
2.0562
1.91597
1.68117
1.22229
2.56667
1.08899
1.80786
2.68728
2.22907
3.04305
2.53332
2.84033
1.43329
1.91971
2.92952
1.76108
2.73559
2.45867
2.13055
2.27003
1.5712
1.06252
4.53839
3.6198
2.35461
2.11615
2.72304
1.53279
2.99399
0.913632
2.69698
2.10621
2.35805
1.93176
2.67794
2.05173
1.43473
3.26247
1.26797
2.43865
2.38714
2.68275
2.09038
0.340881
0.603659
2.46888
3.69165
-0.610646
0.553004
0.773918
3.5175
3.57795
2.46237
2.15196
1.88225
3.14108
2.32438
2.08851
2.64691
1.07272
2.11893
3.01392
1.52753
2.12727
2.62691
2.81665
2.59108
1.23854
0.325348
2.30404
1.07111
1.25451
3.79675
1.24927
1.27988
1.45228
3.40685
2.12397
2.3154
2.90387
2.82777
2.68312
3.37664
2.51111
2.4308
3.2159
1.19643
1.26093
4.43077
1.34746
2.76076
1.70145
2.28384
0.761
1.93742
1.31418
2.22519
2.12088
1.71977
2.34308
3.07633
3.16301
2.52941
2.95916
3.67355
1.71524
3.74528
3.5595
0.725199
2.85054
1.65881
-0.226647
1.87242
3.0177
2.77662
2.11932
2.72449
1.7267
1.70637
2.35137
0.838492
1.84286
1.45748
1.63971
2.61186
3.06125
3.16566
2.19448
-0.882899
2.33984
1.68378
2.7401
3.27142
2.17499
1.52149
3.19528
2.24554
2.89745
2.90196
2.70612
2.05294
1.94217
1.21165
2.38848
1.41724
1.63271
1.0606
2.71756
3.30735
0.713818
1.51419
1.74064
1.29429
1.89143
2.06445
3.49961
2.86099
2.27038
0.989754
1.5931
1.69373
1.29626
2.26065
2.18208
2.00609
2.59623
2.08126
1.25478
2.91577
1.64481
3.13139
1.56077
2.6738
3.27764
1.281
2.29247
1.851
2.017
2.54559
2.59751
1.66408
2.59016
1.87876
3.04776
3.17889
2.13105
0.751053
1.76305
-0.234089
0.83913
3.49814
3.82732
2.60419
0.560402
2.64505
0.0683142
0.314964
2.28957
3.31904
3.14392
2.22517
2.32944
0.542361
0.707227
0.087141
0.115938
3.48403
2.62902
1.67191
0.871493
1.91648
1.4446
1.05747
1.75562
2.01719
1.24187
2.93157
1.43614
2.35052
2.73866
1.88044
3.08256
2.68821
2.19813
2.14751
2.2337
1.49519
2.86683
2.44124
1.63058
2.73929
1.16576
1.0302
1.74406
1.28215
3.12936
2.20364
2.48657
1.22171
1.26688
2.53601
1.68572
1.13651
1.29396
0.915206
1.07255
2.85063
1.87085
2.59897
2.71923
1.67339
1.96555
2.51313
1.26181
2.55598
2.98383
2.92587
2.76608
3.0484
1.83323
1.24814
2.61148
1.72475
0.105942
1.39184
2.58808
2.87444
1.58354
1.65938
2.12735
2.6067
1.60257
2.04769
2.02849
2.2556
1.85251
2.81927
2.30351
0.879228
2.59487
1.20307
2.33842
1.89214
2.24893
2.13189
1.24507
2.64377
2.35173
3.26831
3.3033
1.66261
0.561915
1.33502
2.75198
0.924071
1.56664
1.6878
1.53035
2.23153
2.6097
3.48605
3.3649
2.30867
1.59217
2.14621
1.99277
2.05619
2.02674
1.37916
1.33983
1.77843
2.10627
3.51056
3.19442
0.749633
1.53275
0.949348
1.64883
2.8569
1.20799
2.28006
0.509394
4.14207
1.29326
1.0357
0.15765
3.59697
2.65037
1.86037
3.32669
2.07833
1.99685
2.03518
1.47442
2.09565
0.40583
2.90042
2.45573
2.64619
1.59938
1.65643
2.72323
2.46351
4.30357
1.13321
1.55021
3.4678
3.63523
1.96325
1.69537
1.44955
1.99847
2.02019
2.18443
0.712317
2.629
1.92453
1.55381
1.83178
1.77439
2.00987
2.82423
0.901186
1.66744
2.71677
1.91449
3.10872
3.52352
1.89399
2.1596
0.847835
2.77163
2.183
1.14263
0.293527
2.55602
1.75288
0.626431
0.664304
1.19271
3.81077
2.55348
2.92766
3.67753
1.78501
0.761513
2.22472
1.39719
1.74105
0.532106
2.70216
1.89778
2.58262
2.2726
1.35291
3.78019
1.60796
3.05601
1.02199
2.59732
2.44368
2.14791
2.11774
2.07466
3.25461
1.55
0.537381
1.6638
0.905633
1.04522
3.36798
2.2066
2.32322
1.65955
2.47088
2.8153
0.944086
3.93469
3.30033
3.40766
3.42006
1.33079
2.70909
2.36149
3.89447
1.51099
2.50664
3.6235
2.14399
2.69939
2.92789
3.46932
2.80852
1.82642
2.31877
1.49228
0.779046
0.9321
2.86254
1.59404
3.74089
0.699096
3.00251
1.74616
1.72643
2.21588
1.61669
4.18196
0.936176
3.03515
1.83142
2.11035
2.67882
2.32933
1.99731
0.286497
2.87737
2.60759
0.922313
3.09502
2.43902
1.96954
3.60435
3.18953
2.01989
1.39973
2.05526
1.72991
1.43575
3.58704
1.23714
2.61784
2.09157
0.449975
1.28599
0.501265
0.998314
1.77546
2.99369
2.34606
0.901026
1.1071
2.00564
2.22341
4.67159
3.07071
2.24881
2.63759
1.43846
2.41424
1.10506
3.40296
3.18251
2.80485
3.00075
2.3229
1.66962
3.07346
3.06386
1.95216
1.5018
1.88405
0.576275
3.42984
2.58796
2.88487
2.67045
2.23061
1.74788
2.78323
3.65115
2.90169
3.4358
1.65835
0.606367
2.35777
2.9397
3.08636
2.05587
1.80494
3.52069
1.00143
1.7876
1.34981
2.90646
1.36889
1.90662
2.44612
0.588953
3.53473
3.59856
3.9666
3.44895
3.77841
3.69477
2.5025
3.10765
1.62444
1.99108
1.82827
0.99595
1.72486
1.87813
2.62052
2.39929
2.4503
2.78637
2.67115
1.60347
2.56437
4.36468
3.28479
2.61991
3.59766
2.58598
2.98772
2.63754
4.05821
2.81346
2.56871
2.418
2.66601
2.90046
1.62066
2.24519
1.91636
1.63294
3.14673
1.75257
2.93636
1.80117
1.69517
1.48366
2.17324
2.44991
1.43995
2.10938
2.22044
2.99863
4.05281
2.75965
2.00231
1.73518
1.88138
3.60918
1.88876
1.83901
1.60431
2.19643
2.71188
2.13325
3.04456
0.850003
3.38604
1.38454
2.02962
0.637431
2.47923
2.03281
2.62292
2.94034
2.78594
3.00912
2.68122
3.86642
2.6127
3.55787
2.84786
3.63629
0.790218
2.55
3.7963
3.70012
2.72497
1.20017
2.28834
1.04742
2.03673
2.65154
2.23086
2.99477
0.798954
3.71439
1.73602
1.31325
3.32873
1.83204
1.81619
2.67372
3.03805
2.21507
1.87973
-0.190727
2.24012
1.20075
1.23716
1.87298
3.04212
1.52349
2.71436
2.66555
2.18675
1.52765
0.851598
0.295042
1.61319
3.57636
3.36615
1.62975
2.26093
1.42372
2.58125
2.17593
2.45024
2.45566
0.776483
1.63829
0.929549
1.63955
3.30551
0.842924
3.83504
1.21405
1.87575
3.13732
1.27854
2.35143
2.93729
2.32578
2.73939
1.74404
2.47689
2.96322
3.10047
2.91854
0.81803
0.43763
2.35054
3.04507
3.11891
2.33817
1.86996
2.22146
2.54271
1.33746
1.64572
1.75016
3.55712
0.985429
1.50966
2.62508
2.56384
2.04598
2.28766
2.70545
2.09806
3.37239
2.2978
1.91141
2.25264
2.90818
4.19923
3.12168
2.46021
0.550604
3.56758
1.6951
3.33272
2.59049
1.93255
0.7912
1.94401
3.9192
1.93964
2.17346
3.22904
1.78441
4.13497
1.85619
1.50241
2.62692
2.91178
1.91032
0.554592
1.69403
1.56636
2.47841
2.71861
2.84197
2.04943
2.71424
3.70292
1.09124
2.2081
2.85887
1.99612
3.19
1.88476
2.46028
1.89818
2.71613
2.44743
3.78878
2.10781
1.74222
1.83102
0.563246
2.86889
1.09374
1.24254
2.55017
0.875795
1.65499
0.869588
1.57999
1.09898
3.27907
2.26811
2.8195
2.04085
1.68136
2.41032
1.78453
3.17079
2.94921
1.28937
3.55303
1.57564
3.24243
4.07161
1.32194
2.85251
1.83901
2.704
0.323018
1.71962
2.22471
1.64564
3.35513
1.17608
1.83796
1.86533
2.72352
2.68534
2.02599
3.02347
1.71893
1.62163
1.12002
1.80302
0.369553
2.96124
1.65233
3.05738
3.15968
2.1412
1.85356
2.5241
2.33256
3.84338
1.98782
-0.130191
1.86282
0.858454
2.11701
3.14406
0.622918
2.2993
3.10239
2.04783
2.00743
3.54366
2.36785
2.89654
2.03475
3.99106
1.70487
0.92702
3.04463
2.12129
1.34042
3.08493
2.49747
2.361
1.06978
0.652247
0.639728
1.79757
1.82849
1.4105
1.04297
1.19206
0.418812
2.59568
3.01957
2.30635
2.46542
3.534
3.17534
1.81321
2.79246
1.62509
1.93436
2.02447
1.36354
2.55319
3.03498
1.86954
2.21574
1.12085
3.73892
3.45316
1.70244
1.73798
1.73925
1.27396
0.732486
1.18267
1.79156
1.85505
2.64735
2.2969
0.449543
2.78793
1.79235
1.95693
1.75179
2.50754
2.83253
0.872511
3.13601
1.07038
0.215453
2.49926
1.73824
1.46213
2.8297
1.53625
1.46382
2.30817
2.61109
1.78216
1.59788
2.16683
1.79198
3.29059
0.491464
1.22778
2.54378
3.18795
3.34852
3.25978
2.3903
2.18712
3.21979
2.81998
2.52196
1.93046
1.33025
1.62155
0.813916
1.89782
2.27431
3.94166
2.24279
3.77456
3.33232
0.929313
3.41259
3.50319
1.01319
4.03482
1.633
2.57214
3.76775
0.581111
1.72889
1.99987
4.32189
0.820753
0.766462
2.32076
-0.0841844
2.19992
1.63097
2.34445
2.21072
1.08606
1.20741
1.91788
1.75928
1.99775
2.23744
0.463535
1.35298
1.2612
1.03821
2.65767
2.12576
3.40781
3.7233
1.48155
2.61578
4.19719
3.44865
2.18914
1.69752
3.32309
1.09285
1.48754
3.56925
2.96231
2.61781
0.894397
2.80061
1.91806
3.05374
1.8668
4.10626
3.28062
1.52691
2.26205
1.58254
3.3697
2.39183
4.07185
3.65401
3.09039
0.877247
1.10897
2.10206
1.16661
2.43192
2.25843
-0.0175183
1.99029
1.66303
1.95476
2.77152
1.88253
1.37955
1.86848
1.57947
3.76192
2.4012
1.37001
2.28284
2.94796
2.34412
1.77249
0.911415
2.30517
2.51496
2.02078
1.16347
0.634661
1.75535
2.98509
1.2256
1.77862
2.8768
2.05757
1.79042
3.22145
1.66006
1.51496
2.05939
3.35506
3.10205
1.26877
1.44168
0.777752
1.58112
0.619307
2.62622
1.68027
1.13568
0.903685
3.04901
2.13893
1.74901
2.3564
3.04386
1.26599
1.65459
2.57735
1.94391
3.08692
1.76346
2.50977
2.21149
2.12843
1.83958
1.83071
2.20982
0.833641
3.36645
1.06503
1.57677
3.26625
2.66783
3.35274
3.32235
2.73616
3.08503
0.763009
3.13512
2.24452
1.88901
3.16746
2.33703
1.49463
2.05799
2.50777
2.23721
0.498518
2.36702
2.39538
1.30446
1.64277
3.6982
1.81364
2.31391
1.70728
1.63378
1.00146
1.25825
1.48002
2.02783
0.8045
1.41585
3.26477
1.26816
1.04888
3.14022
1.80212
4.22659
1.82837
2.34834
3.69636
2.76646
2.93658
2.10978
2.07196
1.63188
2.47223
2.94156
2.06577
1.37646
4.38846
1.64879
1.64593
2.41049
1.7606
2.77125
2.78559
2.18559
2.38639
1.93067
2.94965
1.54867
2.52479
1.54358
1.11946
3.03184
0.606565
2.23362
3.85329
2.40003
3.51534
1.42471
3.18569
3.22536
3.54343
2.3382
1.58462
2.09497
3.26682
2.05024
2.48047
2.47655
2.58313
2.81652
2.76609
2.49784
2.37134
0.975499
2.01733
2.09584
1.97304
2.73445
1.66913
1.77112
3.48779
1.85017
2.31394
1.72753
2.47309
2.76326
3.20715
1.88431
0.939648
1.25518
1.87417
2.84778
2.82994
3.24625
3.43545
1.86842
0.766068
2.99549
3.11098
2.482
1.45452
3.48439
2.66248
1.15292
-0.353071
1.31438
2.7049
1.43969
-0.141837
3.71558
2.59529
2.3651
1.69545
1.76944
1.14458
2.20523
3.03031
1.73015
1.4029
1.81414
2.82128
1.68664
1.99301
1.64857
3.39521
2.19521
1.37692
2.43881
2.28908
2.22015
1.36692
2.55719
3.52605
0.813887
1.661
3.91497
0.90257
1.7147
2.29848
1.53148
2.88627
1.86074
1.62216
2.17973
3.10864
1.28736
0.995636
1.75443
2.54094
1.38666
2.96068
1.52191
2.61256
1.30025
2.15876
2.53102
2.16597
1.9365
2.39077
-0.481537
1.14981
1.76117
3.8804
2.96179
3.70531
2.11186
2.11828
1.40041
2.89699
2.37225
4.46627
0.929691
1.39353
2.42241
1.21857
2.76121
2.9531
0.327807
4.1963
2.76423
3.63689
2.36312
1.95841
3.58176
3.37349
1.73356
1.9206
2.26841
0.51872
2.10817
1.41926
2.89733
2.19329
1.76698
1.82387
1.20967
-0.33337
1.74566
2.14097
2.10578
1.39129
3.059
2.81515
2.07949
3.15848
2.25873
1.65697
1.73989
1.89595
3.43798
2.16932
1.59322
1.14163
1.24868
1.53236
3.21455
1.59074
0.780464
2.5863
2.76116
1.3624
2.26657
1.8608
2.79223
2.24491
2.78909
2.19095
3.82068
3.58057
2.57738
2.77205
2.31613
0.543864
2.14339
3.43276
1.21361
3.86642
2.1891
1.47646
2.66145
2.1131
2.37656
2.78911
1.12584
0.274007
1.21173
1.64101
3.36729
1.26903
-0.262303
0.512187
2.05541
2.73548
2.48299
0.47318
1.38561
2.20381
1.56511
1.70108
2.84047
4.08219
2.48356
2.8146
1.24692
2.92789
2.85976
3.34857
3.06372
1.90425
2.50434
1.50493
2.94099
2.03093
3.43959
1.86587
0.613675
3.02502
3.23354
3.88705
3.72026
3.03196
2.34121
2.05775
2.0227
1.64821
1.56291
2.18934
3.62125
0.167088
1.65434
1.38175
2.55325
0.878079
1.77855
2.48486
1.81979
2.50188
3.65869
2.12858
1.86209
1.27859
1.68711
2.99511
2.81197
3.56054
3.46238
2.5484
2.81444
3.93445
2.77477
2.76654
2.26007
1.97645
2.30014
1.55965
2.77804
1.44736
2.46222
3.152
1.90816
1.9012
3.3217
3.26396
2.73082
1.69221
2.2172
3.22329
2.27575
2.23463
1.99602
1.77978
2.36933
1.85378
1.52477
1.28675
3.41023
0.668135
3.63568
0.193914
2.3996
2.45698
2.29915
2.51856
1.76236
0.739194
0.713301
2.25156
0.640142
0.816105
1.47213
2.40807
2.28164
0.91714
2.40987
3.1042
2.78265
2.27015
0.863429
0.493037
2.78769
2.33213
1.98338
1.04597
1.91491
0.908757
1.78784
0.998879
3.77183
1.11198
0.716047
5.75848
3.12252
1.77144
1.28761
1.1203
1.74639
3.16443
2.10694
1.80445
1.5165
1.90328
2.02818
4.20268
1.22606
4.51859
1.67115
1.09165
3.03809
3.1732
0.0236236
3.35273
0.938699
2.44391
1.00192
2.18034
1.98384
2.90028
3.50712
3.31997
3.61051
2.34223
1.26139
3.35245
1.63356
3.01897
2.1315
1.98045
0.719918
1.60074
1.55459
1.95822
1.81736
3.53648
1.58182
3.40315
2.36322
1.23497
1.66839
1.92029
5.10812
1.88471
3.6607
0.53542
2.32255
0.693529
3.19315
1.40202
1.89294
1.79875
2.55059
3.0962
1.75275
2.99654
1.79428
1.68604
2.90717
3.00312
1.28917
3.04742
2.94002
2.34463
2.02179
3.41392
-0.979473
1.98921
1.40556
2.94484
1.51497
-0.308075
2.14311
3.73349
1.15722
2.81393
1.95247
2.81867
2.35577
0.801809
1.97091
0.745189
2.74654
3.93607
1.78372
2.16815
1.38284
2.31643
2.40791
2.79156
3.43868
2.12654
3.66133
1.88457
1.65323
2.12275
2.32614
3.3143
2.35292
1.47727
1.30697
3.27316
2.68156
1.37497
3.24585
2.0675
1.37656
2.45587
2.07041
2.9919
3.40488
3.24908
2.03429
0.705952
2.4791
2.58874
2.38459
2.64589
1.54999
1.27501
4.51996
3.31703
2.45242
2.9709
3.80121
1.94746
3.66636
1.30149
1.79146
2.72007
2.97779
2.2916
3.10457
3.58166
1.79115
1.96846
2.6558
1.9421
1.22542
1.99128
2.28088
4.17575
2.20968
2.17433
1.98968
3.04751
3.09476
2.48417
1.75396
0.362453
2.04473
1.96202
1.30388
3.30383
1.43713
2.50329
1.03098
4.47839
2.64496
1.91985
1.3119
1.32803
3.05724
2.37119
1.99548
3.29985
2.24721
2.94164
3.12184
0.746016
2.41712
1.89661
2.44463
1.28469
1.94363
3.7513
3.63659
2.89908
2.36358
2.91743
4.45993
1.91257
1.91937
-0.234967
2.33574
3.42251
1.9466
1.77599
0.854844
3.64918
1.47204
3.6629
2.106
2.30607
1.72402
2.79914
1.28347
3.75517
1.96264
0.602425
2.25394
2.08619
2.98127
1.27485
3.32166
3.25311
2.5457
2.74302
1.15414
1.3424
1.90536
3.40542
2.38264
2.70679
2.05947
3.91978
1.29478
2.14792
2.37691
1.19325
1.16998
2.86156
1.67301
2.97066
4.17
0.932904
1.88615
3.2381
2.98848
3.27121
2.844
2.41284
2.48789
2.53496
1.72826
2.50225
2.92627
1.93384
2.19328
2.71672
1.79584
2.30025
1.69534
3.45099
1.89881
2.07071
1.06638
3.51599
2.66408
2.44994
4.54365
2.64395
1.88114
2.026
1.33734
0.648317
1.82359
2.38233
1.28737
2.10941
2.95337
3.53181
1.86028
4.49561
3.24564
3.78998
2.32189
1.63909
2.35982
0.862793
2.60388
2.6261
2.58834
2.82288
2.43256
2.88864
1.32004
0.877225
2.66859
2.92607
2.84364
1.9815
1.13856
2.29916
1.8001
2.85199
2.57998
2.29767
0.711167
1.50481
2.40453
3.31141
1.48927
3.04826
2.18513
1.7529
2.07008
2.15486
1.54243
2.71881
2.65327
1.78217
1.35365
2.28942
1.14863
0.964592
2.84831
2.51687
1.99312
2.61055
2.20728
1.02556
2.09105
1.00512
-0.0659746
0.37432
3.49214
0.761667
0.880342
2.04854
2.82963
0.903225
2.07553
0.390667
1.33464
1.31878
2.12662
1.49729
1.95241
-1.14703
1.73959
2.13538
2.64871
5.21525
1.59564
1.94944
1.69736
2.07692
2.6511
2.57724
2.2509
2.01155
1.39893
2.37199
3.23097
0.279127
4.79039
3.42427
1.44605
2.20916
1.4706
2.20161
2.52858
2.59383
1.28632
2.59508
2.98689
5.00592
2.58016
3.04288
1.07497
2.6431
1.40569
2.01978
1.05357
0.697907
3.22259
3.50631
1.48886
2.45843
3.17468
2.22147
2.15272
1.15014
2.08224
2.68564
0.950308
3.32229
2.1099
2.28256
1.6579
2.16379
2.9245
1.0876
0.697699
2.56483
1.63811
1.1709
2.73049
1.42834
1.0632
1.9191
1.88931
2.80422
1.03097
2.60065
1.34289
1.21231
0.476603
2.26376
2.86614
3.46104
3.19645
2.3408
1.70284
2.48421
3.12509
3.12171
2.30661
-0.169791
1.77154
0.916325
0.988441
1.78934
2.18507
0.817239
2.15444
2.94205
2.61013
4.28102
2.23658
3.04153
2.52382
1.44222
2.34343
2.99565
2.30632
1.02761
3.16864
2.46185
1.60362
1.84387
1.84622
2.32944
4.844
2.83982
0.854801
2.28723
2.16493
2.18222
0.693994
2.41577
1.28839
3.06709
3.13707
1.821
2.48631
3.16967
2.77086
1.58622
0.844037
1.38767
1.93332
1.83348
2.88532
2.94464
1.95064
2.53095
2.19878
2.39531
2.43956
1.84332
0.467492
1.96734
2.86892
1.71949
2.52321
0.624542
2.60475
3.33308
2.4632
2.96164
3.64985
2.10813
1.17885
2.22439
2.27432
1.12128
1.3596
4.593
1.59856
1.88778
3.13404
2.16734
1.40428
2.20403
2.04609
1.31184
1.35649
2.82305
1.88363
-1.95003
0.893192
1.65965
1.74126
1.56081
1.6327
2.3234
2.87412
2.88843
1.40035
2.65201
2.98553
1.63477
1.9387
2.2653
1.677
2.19774
2.65207
1.68139
2.79669
2.59361
2.94097
1.49815
3.99038
1.79068
2.98641
0.632597
2.21374
1.14305
-0.287107
3.11626
2.22417
1.5833
0.797693
2.57632
2.56081
1.55021
1.89101
3.55885
1.24731
2.30926
2.32216
1.12302
4.03229
3.36817
3.19472
2.06761
1.99957
1.31617
0.166128
2.70994
1.10189
2.98055
2.1446
2.43351
2.49505
1.68572
1.49327
2.07213
1.70465
3.10022
1.73496
2.39507
1.22521
2.09103
3.23466
1.63808
1.85947
1.71352
2.74381
2.86241
0.0555528
1.36086
3.35752
2.41997
4.6526
2.68578
2.00507
1.37088
2.78795
1.73381
1.0391
1.58935
2.14276
2.42886
1.36594
2.9284
1.66185
2.13225
1.24995
2.78832
2.57267
2.65005
2.15661
1.25718
3.26172
2.96159
0.807239
2.75245
3.21664
2.16042
1.81019
4.52241
2.86775
2.04424
-0.293613
2.92493
1.12414
2.33928
0.797514
3.38012
3.62995
3.42175
3.24231
3.42527
1.65345
2.79748
1.1542
2.14758
2.75368
1.94563
2.27068
3.9192
3.30354
1.01363
3.1485
2.22853
2.48246
1.73409
3.88303
3.30313
1.92087
1.8826
0.856377
3.24889
1.87877
2.69985
0.672713
2.54898
2.81818
2.37467
3.22459
2.75019
2.38608
1.717
2.86657
3.6768
3.13757
2.37818
2.77977
2.35197
1.94301
1.82418
3.20685
2.30432
3.52814
2.83453
2.3983
2.8659
3.05072
2.91948
1.63887
1.46776
0.933492
1.72523
2.96017
2.77056
0.315937
1.16141
1.19131
1.36435
1.49723
1.43283
3.9014
2.07887
1.99839
0.95892
2.63246
1.98354
2.45598
0.216739
1.2396
2.73977
1.4339
1.92482
2.0992
2.46646
2.86316
2.30475
3.44023
3.40559
1.94691
3.11609
1.30067
1.29318
1.98568
1.8448
2.18971
1.3656
2.13839
2.26249
2.79009
2.61172
2.83357
2.97999
2.654
3.7782
2.81819
2.06079
2.91013
3.12575
1.3385
3.54388
3.47627
1.08041
3.51703
2.82784
1.80005
0.840888
2.28935
2.8246
2.4429
1.92418
1.70659
1.10244
3.45829
4.18172
1.32585
2.93261
1.69603
2.5405
3.50951
0.563256
0.43606
1.92436
2.63777
1.23713
0.240132
2.06882
2.23765
2.08116
3.44563
2.48916
2.9079
1.75647
1.84548
1.61964
0.146304
1.58398
2.2549
3.51292
1.69888
2.09393
1.73024
0.823129
0.776745
0.809817
2.26689
1.49691
3.96951
0.51324
2.19973
0.569336
2.5636
2.89946
3.10936
1.12876
3.36602
2.00022
2.76061
3.09904
3.14238
2.40749
2.3051
0.220865
2.21019
3.20766
2.83064
0.191796
2.29965
0.533354
1.82083
2.37461
2.79842
3.29856
2.8157
2.00348
0.781912
0.573077
0.964629
0.898489
2.31821
1.42792
1.37259
2.73944
3.2141
2.12053
2.58356
3.5659
3.36998
2.6354
2.44331
2.07489
1.03805
3.11231
0.704935
2.46462
2.81685
2.85946
2.98472
3.58958
4.07348
1.61521
2.33159
2.95344
0.235403
2.37948
2.46239
1.79176
2.28708
2.3717
2.15199
2.07824
2.00054
1.09268
-0.0226354
2.90542
0.285922
1.54461
3.68576
4.87745
4.85054
1.79336
2.66115
1.49972
2.61686
1.90122
1.27958
1.53176
0.493868
3.08178
1.39815
1.32491
1.69409
5.20862
2.13558
0.437103
1.38865
2.61999
3.33531
2.67016
2.32842
1.60802
1.63891
2.54763
3.18754
4.4186
3.87611
3.17058
1.88264
3.30596
2.03333
3.26198
2.52709
2.21346
1.74024
1.0177
0.578159
2.28831
4.07354
3.52989
2.58627
1.9185
2.67615
1.58473
2.99257
2.69486
2.34593
3.074
2.26434
2.02688
2.57684
2.14471
2.03557
0.926603
2.97475
2.65731
2.28338
3.17553
4.07676
2.63023
1.40143
1.85394
2.01281
1.6152
2.59834
2.19995
2.26766
2.92584
0.908014
4.19074
0.560767
0.987005
1.48988
1.81348
5.0865
3.36689
2.00417
2.95618
2.10537
3.63117
2.69258
2.58709
1.95881
3.28263
1.94217
2.18449
3.40867
3.22792
3.05342
2.35234
3.37766
1.94624
2.8521
3.11561
3.72839
1.82372
1.1647
2.99813
3.15298
1.24233
0.568051
2.37772
1.95159
2.52411
3.41776
2.44565
1.33259
1.74045
2.56813
2.90265
2.09492
1.00342
3.06074
1.49618
3.08853
2.51037
2.31764
1.76682
1.99146
0.844959
1.82397
1.60865
2.98843
3.70296
2.41136
3.40337
2.06761
2.35398
0.761652
2.56424
1.11604
1.16028
2.72773
3.55233
3.99391
3.25799
2.30254
0.975023
0.595876
1.39028
1.81153
2.66063
0.388021
0.49174
1.49637
3.40645
2.43584
3.71115
1.76969
1.90614
1.20769
2.83034
2.07705
1.91188
1.36271
0.983078
3.00127
1.35224
0.718109
2.31224
1.2472
2.8762
1.30826
2.88579
2.37637
0.357327
1.60056
2.23893
2.4974
2.75223
3.86361
3.07386
3.0169
1.66172
0.990952
2.58407
2.06032
2.05178
1.7668
2.88393
2.00145
0.64093
2.11159
2.20785
2.3201
0.81375
2.70729
2.92267
1.4532
1.9543
1.65856
2.90479
2.47526
1.00795
1.18821
1.44255
3.04822
0.712532
3.47327
1.09676
1.36108
2.54569
2.17774
1.43003
1.58324
2.44098
2.76025
3.28744
2.02305
3.58857
2.84178
1.95197
2.8941
2.50672
1.59332
1.87749
2.17264
3.10208
1.92457
3.25887
2.74502
3.0334
1.64632
3.46247
3.09201
1.14351
1.09154
1.79934
2.26129
1.28971
0.854007
3.24983
1.00358
2.53916
1.91324
2.30903
2.85001
2.91186
2.69429
3.37493
2.56644
2.14457
2.69208
2.68699
1.22723
3.33281
0.294348
1.68709
2.98473
0.844069
0.348311
0.943883
1.00825
3.60119
2.63405
3.46821
1.97684
1.63593
3.4782
2.67404
1.36045
3.01562
3.6355
3.13533
3.14733
3.53025
2.90868
1.99922
1.16749
2.27707
1.86742
1.88965
2.50965
1.41523
1.87453
2.30526
2.34754
2.53088
1.00371
1.39857
4.76148
2.3295
1.48231
2.25855
2.20965
2.52958
3.75152
2.92989
2.98014
1.26864
1.90247
3.08285
3.38935
2.9059
0.843379
2.64564
2.18168
2.82298
1.36389
2.24747
2.23775
0.965728
1.60147
3.12804
3.41544
2.47054
1.44494
1.64113
3.14108
3.17914
2.82934
1.55464
2.3262
2.98347
2.4126
2.64164
2.09659
0.047021
2.78046
3.67462
3.39275
2.91908
1.35717
2.42215
3.02407
1.48578
2.79046
1.69236
-0.166426
2.52962
2.88042
1.5558
2.71596
1.83204
0.752578
2.70887
3.83352
2.57233
2.91924
3.23003
1.616
1.84341
1.33916
2.26167
3.3577
1.87509
3.41655
2.00627
3.15922
1.89162
1.77648
3.65006
2.07266
3.0886
2.91972
1.49595
3.35314
2.3427
2.74027
2.68621
1.91214
2.81905
1.92
2.46413
1.96303
2.22476
1.4896
1.45899
2.58566
2.85052
1.81795
1.62516
-0.149811
1.43321
3.29855
1.48337
3.52991
3.61689
1.98114
2.49016
0.695402
1.64458
1.9133
1.67892
0.389336
1.43002
2.50009
4.2026
3.33777
2.27197
3.07817
2.08749
1.10274
1.29077
2.78579
2.70313
2.14334
1.81925
2.8437
2.70525
2.91442
1.69157
1.98051
2.38157
2.57357
1.91996
1.94497
1.62746
4.67687
1.88905
1.7055
1.30989
2.57927
2.69724
1.54971
2.52181
3.52664
2.42407
2.52194
2.85038
1.67181
2.79503
3.43266
2.9821
1.50122
1.16321
1.58418
-0.460178
1.80289
0.640653
1.86961
2.33004
2.85608
2.10475
0.938112
1.2089
2.88089
2.76531
1.66974
3.78974
1.68857
0.571314
0.0399398
2.51349
1.96594
2.26765
1.48368
2.26892
2.23963
1.33873
3.01628
3.08715
1.52595
1.32329
1.56027
3.43276
2.38823
2.41438
3.10251
0.518394
2.84362
2.18451
2.89559
1.80357
2.22627
2.42743
1.89074
2.34563
2.45033
1.17439
-0.48726
2.32776
2.41246
1.90206
2.43682
2.3545
3.59998
1.38057
3.21225
2.15289
0.734313
1.47351
2.99994
2.43379
1.85849
0.366428
2.10219
2.06773
2.27674
2.38244
1.66187
1.35156
1.17742
1.85171
-0.322043
2.25084
3.43857
1.43066
0.911564
0.835622
2.58438
0.839003
2.6193
1.96363
1.94916
1.56296
0.43535
1.59273
3.00202
2.87498
0.714564
0.816274
2.64081
3.34272
1.27674
3.36897
3.4215
3.46717
2.2261
2.1298
2.0823
1.93564
1.77091
2.62219
2.29106
3.03723
2.4686
2.75613
1.42382
3.27938
3.22781
1.10847
3.09762
2.73474
1.7207
2.56582
3.71914
1.6879
2.25531
2.96604
2.86044
2.0376
2.63804
2.26063
4.26997
3.50581
1.97194
2.84575
2.73753
2.31494
1.72563
3.44131
-0.269466
1.42406
3.34268
0.986981
3.50718
2.41275
2.92393
3.37489
2.33415
1.70304
2.398
2.43962
3.36154
3.03803
2.12277
1.80732
0.983594
3.53973
3.00386
2.29548
3.21172
1.53317
2.41713
1.1729
0.584553
3.91576
4.125
3.12659
1.73089
1.61169
2.45413
0.906935
1.66478
2.83686
1.88641
2.7287
0.977216
1.79904
1.84711
3.24271
1.92754
1.87821
3.07778
1.87532
3.0155
2.13948
2.6523
0.933027
3.14929
3.12328
1.03297
1.38113
2.46095
1.58106
2.31054
2.37821
0.543115
1.58062
3.70989
1.09899
1.09698
4.00757
1.49463
-0.496234
3.75363
2.5133
1.81153
2.11367
2.79337
1.93115
2.50959
0.77708
2.43181
2.26127
3.25023
2.97289
3.20471
1.04769
1.96909
1.88003
-0.0646376
2.36652
2.43978
2.8721
2.02543
2.11045
1.86448
1.32423
0.788137
2.81633
3.29334
1.87497
2.29863
2.3135
2.92166
1.70163
2.4342
1.31792
2.42332
1.82458
3.4828
2.00419
3.8673
3.89577
2.39157
0.634251
1.93155
2.88037
0.229932
1.13818
2.76659
0.117135
2.30971
2.79787
2.55318
1.61585
1.37879
1.53036
1.54947
0.295854
3.35077
2.31927
0.349707
3.45143
2.61755
4.83053
1.37449
2.75645
2.65156
1.71597
2.60205
2.76274
2.58758
1.70814
1.74807
3.88432
1.81067
3.76969
3.50985
2.57684
0.620506
3.1766
1.98075
1.41021
3.18302
3.75063
1.89184
3.43762
1.76702
2.20364
1.03606
0.154697
1.29917
1.04543
3.21345
2.91717
3.74069
3.91248
0.830945
0.401022
2.92272
0.506317
2.04702
2.03895
2.26256
3.76574
1.72216
3.08693
1.58408
2.57198
2.79443
2.7671
1.02569
0.964232
2.87947
1.19239
1.7535
2.1233
2.58916
3.11983
2.20157
2.13336
0.62968
1.68477
2.64551
2.42677
3.12539
0.83214
0.937906
3.46158
2.28332
1.82452
1.23042
1.58916
0.8696
2.91576
2.03493
1.47254
2.01307
2.4539
1.82546
0.807425
2.97651
2.23693
0.561175
2.31777
-0.225016
1.67315
1.56845
3.02551
2.22078
1.26191
1.58744
2.08558
1.74863
2.66925
1.2517
3.70517
1.81318
1.79517
2.8043
0.958382
1.08013
1.19375
2.37255
1.75383
1.05664
1.83806
4.4018
2.47348
1.04748
3.12571
1.78715
2.13872
3.04538
2.9884
2.89423
2.18025
2.77072
2.71481
1.28812
2.01563
2.88255
1.02334
3.07514
-0.37973
0.681349
1.95924
2.42088
2.49186
2.76752
2.4518
4.06698
2.60766
2.40151
1.2366
1.31924
1.30245
2.64175
2.05776
3.26912
3.57362
1.81439
2.89948
2.42105
2.6073
1.71228
2.68715
2.40863
1.02783
0.833409
2.27235
2.15355
1.92839
1.23778
2.30763
2.489
2.51461
1.55751
1.67202
2.85188
3.38547
0.10134
1.47033
3.36999
1.03013
1.42122
2.30387
1.17171
2.82391
2.48419
