1.43711
1.72178
1.60838
1.62015
1.04605
1.35981
1.29514
1.02049
1.10221
0.872158
2.4829
0.875609
1.11865
1.41082
1.81511
2.22552
2.13053
1.97138
1.91463
0.817954
0.826783
0.439081
1.28351
1.20964
1.56874
1.48391
1.37254
0.38096
1.89273
1.37171
1.98361
1.59481
1.07401
1.64895
2.58472
1.88087
2.53092
2.36525
1.90832
1.8267
0.962612
0.397168
0.754345
0.856199
1.35158
1.87122
2.0409
1.406
1.54841
0.666232
1.69616
1.16588
2.02318
1.52654
0.362265
0.786372
1.50562
2.02366
1.25788
1.64366
1.88707
2.01236
1.87965
2.07829
2.7656
3.40088
2.34282
2.34592
1.83022
1.5599
1.1444
1.92619
1.68781
1.87409
1.80226
1.7924
1.80088
1.59664
2.04468
1.27516
1.64756
1.44416
2.08778
2.16175
2.93965
3.09092
2.95497
1.78616
1.35671
1.30297
1.12825
1.41126
1.84868
1.62627
2.20285
1.88056
1.86263
1.26443
2.57301
1.86284
1.18639
1.3548
1.34918
1.65246
1.88152
1.56063
1.98784
1.53941
1.23392
2.68396
1.83489
1.38934
1.39926
1.18551
1.33762
1.20839
0.434544
1.18201
1.44588
1.97867
1.77015
0.528122
1.62662
1.08414
1.16246
1.03801
1.3946
1.34543
1.30571
0.86908
1.40971
1.56448
1.74799
2.13513
2.28763
2.58581
3.21081
2.56564
2.19195
2.42708
1.87863
1.65384
1.64681
2.24332
1.72635
1.88672
2.29498
1.12866
1.66331
1.54859
2.58023
2.57394
2.14607
2.83993
1.89246
1.93596
1.82928
0.530984
2.11396
2.32237
2.80842
2.41029
1.75582
1.16727
1.43198
1.52458
0.668618
0.607215
1.16677
1.9604
2.10901
1.47759
3.72423
2.33468
1.84639
2.10771
1.26325
1.98662
2.12482
1.69346
2.18865
2.81686
2.4441
1.10887
2.30581
1.28145
1.87
1.84538
1.61316
1.56453
0.581451
2.45468
2.00242
2.06974
1.1866
1.68135
0.858714
1.95362
1.80439
2.08738
2.26153
2.4153
1.49644
2.61694
2.52928
2.27574
2.4762
1.47505
1.47744
2.41576
2.82896
1.62289
1.40308
1.98573
1.92506
2.16296
2.51509
1.60887
1.26667
2.22948
2.34304
1.86267
1.26202
1.14992
1.56054
1.30951
2.01175
1.84355
1.95588
2.28986
2.33596
2.52508
2.78334
2.42117
2.57385
1.61451
1.24943
1.38634
1.91516
1.99497
1.30415
2.88643
2.80559
3.35496
2.62803
1.96543
2.49057
2.10017
2.81374
2.56926
2.28498
2.12331
2.11973
2.48334
2.18374
2.74093
2.96097
3.92821
2.7135
2.56747
3.50223
3.25065
2.26232
2.74828
2.66191
2.79963
2.05507
2.7703
2.93984
2.90831
3.10385
2.56295
2.01513
1.87908
2.92201
2.77608
3.20953
2.04273
2.24944
1.87766
4.0059
3.65957
2.46381
4.49484
4.21907
2.14284
2.80098
1.80973
2.46736
1.95995
2.77548
2.61267
2.51088
2.29518
2.84572
2.10185
3.02126
2.53994
1.99717
1.79452
2.39268
2.43661
1.98617
2.45645
3.96511
3.04542
2.85834
2.31623
4.25314
2.87057
2.74042
2.95318
3.2339
3.29151
3.21856
2.71085
3.51442
2.96974
2.5619
2.25909
2.08539
2.1268
1.82524
2.27375
2.28279
1.01895
1.98865
2.03816
2.96227
2.65423
2.83695
3.24417
3.18415
2.59007
2.78448
2.44617
3.43299
2.75945
3.49518
3.66847
2.95304
2.69235
2.45987
2.61846
2.03463
2.55127
2.46434
2.386
2.11165
2.22248
3.07368
2.10902
1.93825
2.16742
1.30798
0.989371
1.68736
2.39498
2.94737
2.59529
2.65087
2.7135
2.08472
2.86658
2.1232
2.0512
1.49709
1.85323
1.6795
2.88552
1.79074
2.23473
1.31713
1.41695
0.755565
1.45162
2.20578
1.9084
2.11142
1.43835
1.29075
1.33525
1.49951
1.12345
1.4075
1.12904
1.61874
1.94142
2.09149
2.25561
2.55173
1.54663
1.66508
1.32619
1.81595
2.12193
2.36757
1.90857
2.28143
1.50136
1.93837
1.81264
2.68443
2.0345
2.85181
2.95697
2.74234
2.53579
2.91471
1.85597
1.60329
2.59755
2.0589
2.35022
2.96202
2.49778
2.53028
2.57968
2.9527
2.70061
2.82171
2.91783
3.23294
3.09753
2.01779
2.63842
3.60272
2.69161
2.33235
2.01827
1.91932
3.05338
1.99531
2.78819
2.22662
1.63032
1.41347
1.05256
2.07271
1.73708
1.83233
2.34655
2.08361
1.0465
0.491174
1.93546
1.77315
0.928754
1.31638
0.876044
1.44052
1.99167
1.91313
1.00363
1.98805
1.62446
1.61157
0.983558
2.03236
1.23079
2.04347
1.42853
1.63873
0.790986
2.00636
2.62019
1.40525
2.03023
1.91152
2.41365
2.23814
3.20596
2.78111
2.48609
1.4273
1.26901
1.89502
2.59569
3.1666
2.23675
2.61434
2.46963
1.78263
2.34657
2.61519
2.89471
1.61047
2.18095
1.79506
2.56357
2.81623
2.31656
2.79872
2.12598
2.31
2.50068
2.92158
3.1173
2.36506
2.90529
2.20832
2.01664
2.78467
2.40356
1.50901
2.85932
1.77366
3.24919
2.01878
2.7525
2.55078
3.39204
2.49633
3.73706
2.96633
2.55252
2.67896
1.90202
0.82852
2.16658
2.86278
2.4549
3.39795
2.36713
3.5641
2.65144
2.57502
1.86464
2.1921
1.58297
0.821316
1.96122
1.86465
2.05166
2.21396
2.16192
2.42277
2.09006
1.74929
2.78894
1.30697
2.67959
2.77
2.63463
2.70653
2.91856
1.50841
1.94976
1.97011
2.1318
2.0876
1.41543
2.07633
1.36497
1.54254
1.5245
0.892808
2.85844
2.71986
1.92185
1.55176
2.4367
1.37208
1.00031
1.66241
1.98877
2.01724
1.42166
2.1012
2.3639
2.22482
2.26791
2.19693
2.57483
2.17034
2.7245
3.75468
1.92013
2.11083
3.24709
1.40942
2.12695
1.84411
1.42521
1.50076
2.95055
3.12364
2.9674
1.90734
1.95726
1.90068
2.51717
1.70498
1.93041
2.12794
2.89338
1.59637
1.89496
2.15373
1.42236
1.95106
2.4052
2.70136
2.86359
1.98541
2.86791
3.15871
2.41988
2.42325
2.23766
1.61488
2.42421
2.46181
1.61873
2.96232
2.39446
2.33405
3.06182
3.13489
2.41482
2.49092
2.36004
3.01864
2.8216
3.12768
2.5885
3.89103
3.53508
3.30783
3.56849
2.77337
2.48789
2.58972
3.09553
3.07644
3.83897
3.40024
2.73539
3.40614
3.51199
3.478
4.05736
2.13919
2.15488
3.52086
3.66262
3.45461
2.45418
3.30428
2.18115
2.44962
2.32424
3.29315
2.9651
2.37113
3.38693
3.03873
2.8795
3.62308
3.66212
4.15843
3.84942
3.69247
3.3143
1.34527
2.52831
2.12575
3.50686
3.07976
3.48467
3.45271
2.8863
3.03478
3.28412
2.70851
3.79378
4.43482
4.71937
4.53212
4.21302
3.38633
3.76601
3.25151
4.0041
3.362
3.06317
2.476
2.5534
2.92846
3.43297
4.45523
4.489
4.32295
4.1716
3.66871
3.20655
3.63137
3.78877
3.2887
3.49385
3.06185
3.09355
2.64427
3.07631
3.35292
3.23787
4.30696
4.10943
4.0809
3.08473
3.76668
3.46868
3.57341
3.07967
3.04207
3.30165
3.82097
4.50033
3.66391
3.26069
3.56427
3.11781
3.68233
4.1065
3.28554
2.8271
2.75922
2.64364
2.89556
2.27815
2.45853
1.87152
2.85647
2.40673
2.67338
1.95049
2.92665
2.80628
2.91253
3.20654
3.17893
3.95823
4.01693
2.65695
2.46396
2.58374
2.95388
2.73095
3.16585
3.48785
4.48092
3.6206
3.87064
2.99785
2.99826
3.2371
2.79489
3.23899
2.26152
1.95797
2.62981
3.69073
2.26708
2.92203
2.24753
1.51409
2.64876
1.86519
1.65185
2.13578
2.57972
2.4862
2.85604
1.44229
2.08952
1.81454
2.00419
2.60622
2.20406
2.3473
2.49744
2.68532
2.05633
2.41706
2.48028
3.19021
1.3575
2.02204
1.93596
2.15985
2.19877
2.05461
1.11663
1.63601
1.26946
1.45784
1.05212
1.35981
1.81238
1.97376
1.11996
1.36346
2.04737
2.10608
2.40679
1.37581
2.18382
2.65973
2.76378
2.55122
2.37851
2.49579
1.81115
2.18258
2.29046
2.53876
1.8375
1.65866
2.53459
1.88334
1.01643
1.44486
1.12493
1.93728
1.8503
1.53153
0.898871
1.6836
0.879057
1.41084
1.89116
2.05345
1.24016
1.39508
1.66061
2.43694
2.14154
2.01069
1.19356
0.597193
0.769899
0.406811
-0.371544
0.722678
1.09857
1.05014
0.271141
0.770415
0.576911
0.278511
0.340232
-0.21486
1.35979
1.80295
1.84237
0.994749
1.27802
1.04909
2.22568
0.517574
0.79566
0.915575
1.80393
1.68907
1.63438
1.18353
0.444295
0.995328
1.86089
1.32761
1.45573
2.17414
2.32596
1.50399
0.874028
1.66009
2.04612
2.4332
1.35558
1.53774
1.25543
2.00446
2.21559
1.7571
0.922762
1.27506
0.812702
1.72427
1.0521
2.18222
1.51522
1.38011
1.06144
1.67252
2.5425
1.82324
1.74782
1.32961
0.860433
1.03744
1.25662
1.14208
0.936529
1.84941
1.14879
1.29051
2.36519
2.32106
1.44693
0.491224
1.37734
1.38952
2.24414
1.19221
1.72795
2.1336
1.87123
1.34021
1.93529
0.838486
1.1128
1.5182
1.21771
0.35259
0.657307
0.663241
0.767832
1.27925
0.555036
1.85306
0.982671
1.54996
2.41178
1.71474
1.22367
1.5793
1.29201
2.14626
1.958
1.7699
0.94417
1.10009
1.88971
1.95072
2.2293
2.00041
1.97458
0.794009
1.92717
0.894184
1.50533
0.869078
1.20201
1.69927
2.00741
2.19415
1.86503
1.52207
1.26287
0.961652
0.710264
1.29505
1.50592
0.52845
0.832091
0.0872861
0.895154
0.624778
0.0176697
-0.0130039
0.23865
1.47134
1.28974
0.717875
0.827375
0.983945
1.66083
1.39334
1.84549
2.16366
2.75995
3.66785
2.34553
2.35574
2.2534
2.64294
2.52695
3.2174
2.09609
2.75529
2.44214
1.92963
2.76578
3.50414
3.73068
3.68881
3.17979
3.2712
2.52546
2.82296
3.3658
3.51771
2.27678
3.04474
3.07397
2.50562
2.8549
2.93997
2.21303
3.64088
3.67366
4.7372
3.61649
2.68024
2.97086
3.19454
3.12988
3.18151
3.32323
3.18518
1.75086
2.3914
3.40552
3.40657
3.47375
3.08589
2.62892
2.72085
1.85599
1.78695
2.48333
3.06349
2.533
2.58204
3.65606
2.82799
2.79781
2.03529
2.17744
2.01817
1.54617
1.59086
1.65293
1.62676
1.80247
1.00639
0.382905
0.843436
0.979806
1.80013
1.32501
1.76142
1.77508
2.27975
2.21491
2.56316
1.70949
1.89605
2.14736
1.71468
0.790114
1.60865
1.40496
1.57369
1.37858
1.55566
1.59167
2.11193
1.98959
1.96578
2.58581
1.97498
1.81189
0.226178
1.08588
1.46817
1.40036
1.78865
0.817891
2.65513
1.82916
1.55677
1.21455
1.22128
1.641
2.18549
1.7578
1.83478
2.94622
2.16035
2.75359
2.76658
2.46741
1.62987
1.70294
2.28313
1.85048
2.08306
2.9404
1.60679
1.68974
1.51909
1.63478
2.56361
2.71679
2.57139
2.52403
3.03282
2.51412
2.10855
1.87407
1.86001
1.57754
3.07769
3.04106
1.87985
2.79888
2.43068
2.91311
3.08769
2.75188
2.41425
3.50122
2.73373
2.16289
2.68353
3.35789
3.63171
3.30398
2.46743
3.84462
1.62827
3.51137
3.49263
1.87685
2.65365
2.25457
3.15641
3.38854
3.01644
2.65005
2.85395
3.88664
3.81129
3.60033
3.4452
2.82047
2.6859
2.54785
2.81729
3.32068
1.8531
1.13721
2.76802
3.41343
2.21218
3.60933
4.11552
4.69132
3.6987
2.91943
2.95374
3.2934
3.85842
2.9449
3.55195
3.69512
2.86757
2.99704
4.97202
3.84425
4.02983
3.5097
2.66177
3.58138
3.64131
2.81592
2.65155
2.87569
2.71469
2.60354
3.04038
1.61039
1.81186
2.0692
2.31229
2.27756
2.48334
3.04174
2.59402
3.25258
3.13447
2.98107
2.56923
2.47966
3.63629
3.94828
3.15897
3.69166
2.56732
2.47005
2.56376
3.04877
3.28329
2.11157
2.35803
1.77863
2.33865
2.61966
2.62281
2.35509
3.82466
3.70144
3.8192
3.06877
3.37312
2.76069
3.12406
2.16333
2.35948
3.19931
2.63753
3.04167
3.48384
3.25935
2.17049
2.48209
2.36236
2.81965
2.17537
2.28579
3.9585
1.91113
2.81381
3.49725
2.53862
2.68847
2.67237
2.58772
2.67236
1.16523
1.91068
2.77851
2.52101
2.75408
2.2358
2.71117
2.67287
2.3473
2.92534
2.69063
3.41142
3.05846
3.853
2.52454
2.99626
2.03875
3.47166
3.22364
3.08297
2.65743
2.78804
2.30807
2.44765
3.07025
2.93958
1.61904
2.14701
3.01727
2.89902
2.43283
3.12827
2.55673
1.518
2.59581
1.82133
2.55484
1.97778
1.47712
1.88005
1.52271
1.59947
1.81853
1.26011
1.97849
1.09954
1.17692
2.2793
1.14017
0.756019
1.86845
0.967728
1.51334
0.930458
1.51498
1.16442
1.63428
1.89041
1.6248
1.69521
2.13432
1.40378
1.85216
2.51156
1.95807
1.4369
1.535
1.66573
1.59569
1.84366
2.56626
2.59464
1.865
2.33153
1.91334
2.34182
2.45503
1.98405
2.73329
2.68359
2.87615
2.65614
3.04032
2.26445
2.23299
2.35153
3.06449
2.92163
1.25411
1.63476
2.35298
2.4511
2.96874
2.15008
2.53993
2.959
2.70143
3.26579
2.6663
3.21508
3.89697
3.90871
3.71074
3.09518
2.78759
3.22066
2.66854
2.14211
2.7412
2.90562
3.24289
3.58439
2.89252
2.54815
2.40787
2.1216
1.78672
1.65172
1.15056
1.81409
1.888
2.02553
1.98088
2.94372
2.3005
1.27618
1.25368
1.27626
1.27446
3.18446
2.76699
3.12943
1.856
2.39888
2.56811
2.23265
2.642
3.28575
2.9043
2.01606
2.6261
2.56156
0.934887
1.85715
2.76629
2.79377
2.89241
2.75046
2.59184
2.81148
2.47299
2.69088
2.55675
1.48753
2.46689
2.7436
2.22978
3.2784
2.75034
2.80066
2.05282
1.76335
2.16762
1.65208
1.89921
1.94269
1.50672
2.7766
2.9742
2.36785
2.51046
3.3526
2.20721
2.95887
1.7737
2.68601
2.3523
2.65993
1.59198
2.38556
1.96988
2.0355
2.12435
2.33731
1.66875
2.3829
1.38437
1.96416
1.70956
1.68517
1.14014
1.36509
2.10241
2.85222
2.57641
1.81548
2.14466
3.59403
3.5033
2.73143
4.11818
4.10656
4.36132
3.82883
3.03473
2.88474
3.74729
3.25652
2.19995
2.93288
2.43293
2.13235
3.66267
2.77324
3.01963
3.31898
3.39099
3.98711
3.96952
4.04336
4.43663
2.55211
2.83894
3.3248
3.85444
3.63953
3.31901
2.92747
3.34032
3.88515
3.73535
2.82916
2.72474
2.50429
3.28874
2.19823
2.12072
1.63594
2.57873
3.95439
2.88061
3.32983
3.56008
3.08857
2.54537
2.57758
2.9772
3.62428
4.03535
3.3671
2.31863
2.88728
2.96064
3.29479
3.6452
3.54681
3.56572
3.78207
3.27616
4.03066
4.13104
3.50007
3.85113
3.26143
3.08105
3.73299
3.53516
3.81917
3.6669
3.99066
4.0593
3.95561
4.32026
3.79856
3.34645
3.54029
3.582
3.57678
4.1453
3.16234
2.10955
2.51274
2.59552
2.51962
3.13975
2.89505
3.96327
4.54584
3.91447
3.70752
2.24287
3.18155
2.11929
3.19417
2.9946
3.19146
2.50536
2.86369
2.26426
1.69541
1.86184
2.86696
2.5889
2.76923
2.67139
2.97233
3.00705
3.68449
3.4675
3.34916
3.18078
3.50326
3.36862
3.91839
3.86801
2.8086
3.00265
3.19046
2.04213
1.4095
2.04605
1.24486
2.39835
2.82125
3.43343
3.17752
2.92579
3.37614
3.0468
2.21511
2.94641
2.9361
2.38947
2.24714
3.20182
2.90762
2.9487
2.66448
2.77716
3.13884
2.54239
2.10221
2.75145
2.88749
3.27589
2.71878
3.23047
3.07455
3.63857
3.44883
2.98784
2.88012
3.17056
3.10326
3.18041
2.98438
3.33795
3.78665
3.32707
2.06619
2.90867
2.41482
2.53542
3.7234
2.46231
2.65094
1.59851
3.54211
3.81747
3.89084
3.90689
4.20057
3.31783
3.67737
2.93809
3.5293
3.7347
3.69267
3.38749
3.46262
2.45701
2.76239
3.67745
3.42227
3.7653
3.01877
3.76964
3.36906
2.55966
3.22863
4.28356
2.97891
2.6076
3.36785
2.48292
3.06188
3.00953
2.52671
2.42754
2.37631
2.31556
3.35236
3.43419
3.05541
3.05119
2.89621
2.70585
3.34675
3.48159
4.29204
4.03447
4.66423
4.03713
3.51077
2.99289
2.90471
3.04496
3.96626
4.14645
4.5525
3.55799
3.15335
2.99996
4.20901
3.67099
3.70861
3.42953
3.67204
1.93787
3.11677
3.37157
2.96605
2.43521
2.28968
3.19416
3.43559
4.10673
4.82557
3.31281
2.71564
2.85414
3.6595
3.08046
2.60109
3.21511
3.68746
3.94798
2.92317
3.04465
2.24028
4.28541
3.44534
3.3763
3.16492
2.43254
2.501
2.72387
2.39518
2.73449
3.15016
2.98352
2.20338
3.30662
1.66677
2.68018
2.80309
1.72801
3.03863
2.12638
2.64776
2.5478
2.99894
3.56126
2.47807
3.77529
2.41136
2.95161
3.28692
2.47816
2.24172
2.83569
3.06319
3.18555
2.64801
2.898
3.11629
2.98159
3.74558
2.82853
2.97777
1.91559
2.47974
2.09919
1.11273
1.69401
1.97167
2.12632
1.68895
1.67333
2.19153
2.12056
2.54022
3.06033
2.36524
2.08653
1.94093
2.17349
2.5882
1.97069
1.89562
2.35595
2.05824
1.98861
2.29852
2.82733
2.73172
2.13106
2.71841
1.66361
2.39396
2.35889
2.41717
2.15802
3.22089
2.23955
2.19332
2.05263
1.91459
2.13723
2.86403
2.51626
1.51783
2.50392
2.29931
1.72517
1.85637
2.13195
3.24653
2.2534
1.52479
1.97196
2.23174
2.36464
1.67217
2.51151
1.68105
2.30883
2.37238
2.40051
2.59129
2.09224
2.36585
2.41417
3.27342
2.37257
2.12027
1.87554
3.66471
1.88767
2.19687
2.32503
1.70222
2.63678
2.03189
2.24966
2.84734
1.70474
2.28113
2.60202
2.75843
2.70892
3.4079
4.07266
4.32105
3.26466
4.35047
2.92381
2.45766
3.61446
2.579
2.52692
2.96033
3.1276
2.69448
2.79093
2.38735
2.58998
2.85272
2.58389
2.22263
2.87648
2.26597
2.48283
2.19554
1.73355
2.91473
2.46764
2.94846
3.32494
4.26748
4.01247
4.39651
4.05259
3.03834
3.41458
3.03347
3.26875
2.36367
2.8644
2.67317
2.96474
2.84774
3.66954
2.96836
3.06976
3.17811
2.88052
2.58928
3.02015
3.26806
3.05588
2.25763
2.57817
2.74845
1.97076
2.0029
1.63466
2.27882
2.66463
2.27354
2.77809
2.13954
3.38692
3.54982
4.02914
3.16841
3.11844
2.72938
2.0414
2.33789
3.76158
3.0597
4.29291
3.34312
3.91961
2.99124
3.21899
2.66628
2.48867
2.97059
2.90655
3.34754
2.25884
1.96455
1.93167
2.20271
3.25065
3.44047
3.35876
3.539
2.55065
2.44209
2.96537
2.71054
1.57098
2.90424
2.76807
2.94025
2.43103
2.73209
1.95984
3.4023
2.7432
2.80593
2.24964
2.86965
2.28379
2.55758
2.49533
2.48552
3.42922
3.1504
2.92197
3.13828
2.30242
2.45141
1.89298
1.91192
2.55635
2.0978
2.50389
2.50207
2.26686
2.63939
2.92584
2.63908
2.84651
1.76937
3.64648
2.78246
3.11647
0.981736
2.33318
2.78902
1.99023
2.58241
1.85246
1.57235
1.9824
2.44366
2.19499
2.16304
2.78821
3.11349
2.19037
2.47683
2.04431
2.54733
2.85784
2.85323
3.30104
3.32163
3.09714
2.0207
2.47276
2.38215
2.32133
2.05944
2.36242
3.22145
3.24761
2.92386
2.50434
2.99808
2.33395
2.40293
2.26106
2.82258
3.42857
2.78533
3.77617
3.69857
2.14511
1.71806
2.37216
2.74867
2.92332
2.68723
3.29942
2.06402
2.72469
2.39813
3.33347
3.44191
3.68546
2.61013
2.65338
3.48438
2.55904
3.04552
2.97198
2.31161
2.42592
2.97063
3.13006
1.78707
2.33358
3.10681
3.07528
3.10885
2.2988
2.21752
2.15899
2.14109
2.16727
2.81896
2.52759
3.60494
3.5883
2.68857
3.71923
3.72864
3.25434
3.92936
3.37798
3.64648
3.92318
3.47042
2.91922
3.57575
2.96535
3.22835
3.0357
3.10874
3.5588
3.44311
3.73199
2.93362
2.90537
2.67745
3.57529
3.78046
3.3019
2.8226
3.13879
2.45013
2.60654
2.85913
2.84078
4.22123
3.57721
3.68923
3.57905
3.04528
3.13571
3.4233
3.33476
3.8939
4.06051
2.80186
3.68075
3.26456
3.59508
3.19042
3.46005
3.43072
3.09943
3.50179
3.73961
3.29166
4.05717
4.38254
3.90097
4.44014
4.56615
4.76878
4.12253
3.82151
4.10768
2.76037
2.69925
3.03417
2.72445
2.18882
2.29772
2.91232
2.68557
2.36793
3.01445
2.44187
2.31689
1.49376
3.52351
2.52733
3.32789
3.77499
3.01758
2.11428
3.16998
3.66891
2.84323
2.95041
4.31533
3.74788
2.98797
2.87821
3.51974
2.55119
3.01038
2.81036
3.0001
2.95108
2.96037
2.57568
4.02336
2.4819
3.55253
2.95508
3.6591
3.12755
3.22603
3.12013
2.26932
2.78993
3.50868
3.70298
3.63939
3.66221
3.43197
4.118
4.05305
3.71874
3.80221
3.50123
3.45119
3.84572
2.7948
2.84397
3.42101
2.63882
3.35133
3.49214
3.5729
2.96419
3.20665
3.4395
3.42252
3.00165
3.83509
3.69115
3.16582
3.36057
2.58257
1.65018
3.1523
3.3828
2.34818
1.72183
2.22648
1.82666
2.96907
2.71532
3.3905
3.09021
2.19594
3.03542
2.5542
2.19291
2.75365
2.11413
2.43968
1.50025
2.7752
1.38039
2.80846
2.35257
2.1318
2.60945
2.95316
3.47605
4.72677
3.9842
2.4143
3.17952
3.10183
2.87322
2.46272
1.70748
2.99845
3.00724
2.3969
1.93774
2.28741
1.97716
1.8244
1.7141
2.4031
3.71436
3.77038
2.67236
2.80852
3.17255
3.39894
3.42526
2.57003
2.72207
3.12446
2.61728
3.72641
2.53867
3.92197
2.40583
3.78056
4.54947
3.73346
2.8312
3.03204
3.32441
4.24717
3.37626
3.85517
2.94636
3.38954
2.19987
3.07357
3.14414
2.60788
2.34581
2.35265
3.08454
2.43697
2.89869
3.67191
3.99722
3.14078
3.17214
2.56674
3.20659
3.12797
2.40019
2.39091
3.4926
3.17782
3.92329
3.1961
3.49963
2.52239
2.34689
2.59349
1.88012
1.59222
1.65195
2.65944
3.22047
2.56595
3.00105
2.75774
2.75033
3.02902
2.38034
2.45863
3.12239
1.83957
2.78746
2.83017
2.70506
2.32825
2.60834
3.05282
2.33554
1.7163
2.18643
2.31955
2.10775
2.34784
2.32393
1.80635
2.07776
2.72808
2.54426
2.35714
2.13293
2.73111
1.97904
2.86773
2.00518
1.08069
1.98691
1.91933
3.38373
2.38711
2.24276
2.32604
2.33916
1.90901
2.14968
2.9686
3.15008
2.23045
2.85646
3.21995
3.17574
2.30868
3.06967
2.50968
2.49178
2.50632
2.53396
2.646
2.65706
2.53778
2.83564
2.62671
3.51646
3.06536
3.05693
3.41394
3.29284
2.77374
3.54322
3.91017
3.39241
4.16038
4.19447
3.69023
3.38079
2.94296
2.65121
2.10915
2.52073
2.55653
2.66751
2.00117
3.03635
2.82531
2.69027
2.95732
2.73325
2.66777
2.2647
2.47677
1.96009
2.2165
2.55147
2.12579
2.70288
1.8457
2.63653
2.46611
2.28898
1.40934
2.97306
2.82034
2.07935
2.20264
2.07744
2.32954
1.43218
1.92275
1.63817
2.31871
1.41284
1.69984
2.16574
2.70318
2.70582
3.10674
2.51417
2.55208
2.39635
2.95853
2.3725
2.67088
2.92634
3.28067
3.34692
2.65593
2.13815
1.86726
2.32313
3.20421
2.80386
2.47848
2.99079
2.52122
1.22824
1.1424
1.53295
1.454
1.26795
1.79433
1.74965
1.61364
1.99577
2.46546
2.21422
1.67344
1.25483
2.09886
2.56061
1.87568
1.62975
2.27176
1.49442
1.39726
2.08976
2.21538
1.68048
2.13486
2.05958
2.53267
1.9747
1.53376
1.7675
2.31752
2.63081
3.02495
2.60013
2.37708
3.09757
2.89607
2.94384
3.43614
2.8645
2.48306
3.49078
3.05055
2.85064
2.56511
3.30116
3.56854
3.08472
2.86323
3.08918
2.85942
2.19746
3.16064
3.28023
3.13056
3.10362
2.6703
4.08728
3.11194
2.26589
3.06282
3.0339
2.38554
2.2821
2.17298
2.53863
1.59726
2.91192
3.83453
3.29391
3.00337
2.5572
3.20597
2.94174
3.45264
3.38012
4.29872
3.91891
3.64302
4.07312
3.94671
3.80844
3.76164
4.00993
4.39488
3.94758
4.89794
4.46959
3.5276
3.52915
3.60305
3.69386
4.0304
4.69946
4.12673
3.09116
3.65589
3.92274
3.15142
4.20508
3.38271
3.64015
3.06876
3.27831
3.90471
3.10107
3.00307
3.59377
3.42629
3.29724
3.16126
3.27272
3.02736
3.67749
4.65486
4.60468
3.53244
3.55554
3.64004
3.9722
3.84348
3.49382
4.49766
3.60669
3.25194
4.02707
3.62255
3.07132
3.23082
3.48862
3.37652
3.2422
3.50887
2.14241
3.41665
3.45016
2.91786
3.37493
3.98068
3.61337
3.24181
2.59312
2.64999
2.63885
1.97378
2.50957
2.52054
2.46595
2.04468
3.45667
3.79746
2.92558
3.36558
1.95284
3.20997
3.54599
2.73563
3.31185
2.83725
2.50754
3.53908
3.47929
3.56376
3.63389
3.51294
3.06591
3.25092
3.20605
3.54052
2.90055
3.00972
4.35277
3.62292
4.36191
3.1765
3.67659
2.97725
3.72865
3.0437
3.17245
2.47718
2.46651
3.84219
3.3469
3.44666
2.9171
2.47073
2.5825
2.30218
2.46756
1.61657
3.35873
2.54249
3.4236
3.28943
2.02831
2.34661
2.96892
3.57524
3.03048
2.74477
3.33888
3.42061
3.42905
2.6645
2.5273
3.26245
3.26896
3.52323
3.28325
3.78302
2.8107
2.67172
3.58123
3.29719
3.56069
3.50594
2.52299
2.73224
3.42936
3.44043
2.92103
3.28741
3.4596
2.92937
3.55233
2.55823
1.99592
3.27837
1.61949
2.71113
2.14169
2.45738
3.42603
2.87821
1.6691
2.28173
1.87247
3.08023
1.96637
2.46956
2.49876
2.60647
2.0506
2.07484
1.77865
2.50868
2.1029
2.32617
2.50578
2.414
1.95849
2.34891
2.01343
1.79132
2.10364
3.18849
2.92028
2.41354
2.51702
3.24706
3.64073
3.18354
4.2526
2.66661
3.56253
3.47294
3.11475
2.97109
3.59899
2.07059
2.32885
2.55247
2.71893
2.37219
2.56385
2.55878
1.30387
1.99184
2.15308
1.62911
1.68183
1.77292
2.33548
1.90868
2.19326
2.08698
2.91287
2.47434
2.22029
1.34483
1.55099
1.38501
1.38396
1.75563
1.84081
1.98814
2.04786
1.39766
2.08321
2.1839
2.56839
2.86507
2.06776
2.07518
2.52623
3.07704
2.72743
1.60896
1.73743
1.43091
1.83018
1.71609
1.7591
1.85831
1.81705
1.39035
0.645107
1.70077
2.0967
1.93741
1.75108
2.31449
1.19367
2.33381
2.63635
2.85808
2.96109
3.23523
3.50068
2.98963
3.38995
3.50819
3.50176
3.56032
3.21527
3.46569
3.2648
3.05523
3.89128
3.50984
3.22385
2.86224
3.31972
4.16669
3.00357
3.13123
2.90696
3.30593
2.94113
2.31836
2.84035
2.23624
2.66553
3.29911
3.30044
1.90569
2.77419
2.78963
2.66227
2.61007
2.91198
3.60134
3.83598
3.25441
2.78544
2.87952
2.47862
2.38536
2.60791
2.50466
3.52696
3.84618
3.57861
3.83236
3.06586
3.21046
2.53352
4.54125
4.57507
3.37618
2.41068
3.54639
3.64213
3.29744
3.05818
2.60613
4.05509
3.36874
2.7443
2.9506
3.46582
2.69197
2.94499
3.03491
3.29989
3.63447
3.2331
1.83664
2.55781
3.0076
2.5673
3.40746
1.88118
3.0184
2.95663
2.74518
3.43027
3.03386
2.70664
3.59264
3.51374
3.4882
3.7925
3.56628
2.61252
3.79859
3.44779
3.16331
3.26567
3.90869
2.49111
2.49549
1.70254
3.13941
3.62937
2.82558
2.99751
4.34792
3.03279
2.4077
3.11193
3.59787
3.28721
4.13509
3.45778
3.59416
3.01813
2.79468
3.69108
2.82459
2.99814
2.67939
5.20602
2.53847
3.09165
3.84211
3.18486
3.05705
2.18577
3.66091
3.85668
3.20426
2.83335
2.65345
2.09793
2.63134
2.25788
2.68902
3.27515
3.71744
2.68974
3.0141
3.05945
2.51978
3.79823
3.5684
2.12726
2.1762
2.68994
2.22401
2.58064
2.46642
2.98936
2.74989
2.89115
2.91685
3.48851
2.83596
3.23224
3.43033
2.56496
1.15829
2.72007
3.93766
3.39043
2.08043
2.1186
2.63728
3.44622
2.46472
2.67343
3.06544
2.15698
2.93699
3.35934
3.7986
2.95858
2.73551
3.23918
2.50001
2.48523
2.45655
1.79964
2.49558
1.63262
0.940447
2.19919
1.54475
2.17244
1.81144
2.64299
2.27153
2.57549
1.96742
2.36076
2.02999
2.10771
1.33129
2.02388
2.16544
2.55593
2.64561
3.98708
2.80788
2.14359
3.18332
3.00195
2.71775
3.71911
3.21803
3.0539
3.29092
3.16875
2.40106
2.73449
3.10834
3.12708
3.16169
3.32127
3.69339
2.84251
1.91705
3.30123
3.35178
3.86461
1.6046
2.36797
2.46811
3.72526
3.21434
2.74603
3.14387
3.22714
3.17294
3.07548
3.21845
2.89592
2.76622
2.53067
3.26828
3.76074
3.4376
2.12344
2.38461
3.43158
2.57769
3.20569
2.67256
2.6252
2.79278
2.92703
3.04848
2.83355
2.26656
1.81434
2.13155
1.85558
1.57019
2.51689
2.37628
1.73473
2.03905
1.47108
1.54672
1.85772
1.49033
1.2241
1.69728
2.27087
1.78888
1.71703
2.10765
2.56431
3.42977
2.78909
2.03988
3.0818
2.83081
3.48861
3.09177
3.19172
2.49994
3.23409
2.29729
2.36554
2.15375
2.48305
2.48984
2.78883
2.39832
1.83546
1.96607
1.06569
1.20744
1.67057
1.46151
3.2519
3.77433
3.07599
2.65317
3.12
2.76302
2.6616
1.93882
2.60273
3.07463
2.72035
3.55551
3.8469
3.15338
2.80268
2.63482
3.34775
3.24154
3.22285
3.21549
1.70676
2.22152
2.70257
2.86186
2.39383
1.70366
1.48667
1.31216
1.55162
2.26587
2.6681
1.81783
1.83565
2.08459
2.3889
1.78412
1.20523
2.05283
3.23713
2.88122
2.92996
2.9526
3.2916
3.13851
1.86756
1.97788
2.64683
2.71282
2.40268
1.99392
2.38398
2.01082
2.16154
2.94708
2.34964
2.62116
1.83578
1.86149
1.57187
2.40935
2.17278
1.50438
1.70454
1.6743
1.80362
1.97468
1.97413
1.99168
2.09364
2.3433
2.53513
2.84223
2.93388
2.34948
2.52907
2.49876
2.00635
1.91537
2.47171
2.83671
3.08499
3.94934
2.88778
3.17472
3.74656
2.75891
2.90003
2.48319
2.54185
2.63539
2.36706
1.76973
2.31016
2.65586
3.03767
2.9185
3.32
2.46314
2.68932
2.35039
1.80707
2.03545
2.9377
2.28673
2.69613
2.8221
2.82721
3.20083
2.95574
1.51292
3.19492
3.93849
3.7507
3.86219
4.50865
3.28636
2.55083
2.86185
3.33429
2.75797
3.19333
3.04183
3.72543
4.1699
3.83252
3.14413
3.89773
2.53846
3.0396
2.8822
2.70296
3.80378
3.8416
2.84416
3.26143
2.85043
3.29139
3.05895
3.62867
3.57518
3.15809
2.74359
3.1109
2.98252
4.52014
4.41591
3.32097
3.979
4.04417
3.65757
3.38053
3.5149
3.67057
3.33352
3.95265
3.38505
3.33591
3.98565
4.12594
3.48509
4.20499
2.49618
2.29148
2.81046
4.0762
3.71248
3.57687
3.09605
3.15267
3.13314
3.92739
3.41444
3.52557
3.02858
3.045
2.48947
3.72344
3.10018
2.77943
2.8269
3.54472
2.28136
2.81283
2.36081
2.07989
1.9802
2.00498
1.91557
2.54296
3.00101
3.13365
3.14757
2.43545
3.54807
3.36857
3.55249
3.69683
3.79987
4.00419
2.43015
3.98423
3.57967
3.93778
3.1774
3.64742
2.78564
2.93221
2.29816
2.08383
1.71547
3.0152
2.23533
2.42158
2.81346
2.32683
2.95617
3.29315
4.25575
2.75585
2.85987
3.51551
2.44058
2.69625
2.5098
3.21147
3.45084
2.84292
3.57453
4.11375
3.48348
3.17262
2.92356
3.48541
2.78464
2.79605
1.91583
2.75133
2.63535
2.361
1.97366
3.55355
2.50128
1.99381
2.40182
2.46246
3.44213
3.26025
3.42287
3.70799
3.90519
3.45413
3.08514
2.23235
2.8503
1.87096
3.31698
3.4425
3.89811
3.5399
4.60264
4.4907
3.53491
3.41491
3.383
3.07469
2.67262
3.6506
3.88997
2.85552
3.19127
2.6828
2.9948
2.98548
3.89622
2.38984
3.06526
2.76869
2.54373
2.72122
3.28133
2.56128
3.09047
3.45825
2.91119
2.77713
3.79932
3.92367
2.88097
3.33231
4.25806
3.13864
3.62027
3.30664
3.12922
3.64947
2.92374
3.1268
3.05813
2.68463
4.36306
3.08993
2.86704
2.5386
3.17106
2.94285
2.48952
2.3537
2.36426
2.68231
2.68743
2.77207
1.96611
2.99062
2.27438
2.83994
2.51221
3.52172
3.32962
3.27397
3.04749
2.44001
3.3538
3.35586
2.59777
2.34623
2.70775
3.00089
2.47968
2.98825
3.41879
2.69782
3.38313
3.23473
3.76994
2.7677
2.59336
2.63458
1.75594
3.35742
3.15907
3.28407
2.26147
2.49938
2.21144
2.95275
2.39874
3.09496
2.18636
2.1472
2.20098
2.06555
2.79626
2.06931
2.94816
2.30482
2.76615
2.38136
1.72484
3.29881
3.2296
3.56493
3.35878
3.39973
2.27136
2.38667
2.17207
1.76767
1.77456
3.28106
3.55079
2.78669
2.49911
1.87857
2.87062
2.95493
3.15811
3.10304
2.89391
3.21599
2.57687
3.26372
2.73125
2.14386
2.18987
1.7032
1.83243
2.33965
2.51282
3.09542
2.39037
2.29315
2.95807
2.41547
3.17639
2.44817
2.56176
2.12348
2.29673
1.82269
2.01885
2.45973
2.56791
3.04701
2.4425
2.60366
3.52595
4.43581
2.90124
2.32515
1.47584
3.2426
1.83322
2.6556
2.68589
2.89261
2.05078
1.72569
2.47472
3.18317
3.77086
3.86459
3.77586
2.49995
2.52986
2.79878
2.64946
2.35428
2.08627
2.69705
3.06263
3.18043
3.69306
2.6212
2.78713
2.87783
2.98523
2.94968
2.77168
3.82497
3.16793
2.7793
3.07883
2.26742
3.17798
3.14724
2.5607
2.87629
2.3955
3.88343
1.68355
2.85087
1.99057
3.41249
3.10343
2.76468
2.64596
2.51933
2.18768
2.13858
1.19761
2.19358
2.30666
2.28462
3.73082
3.12193
2.85426
2.26085
1.79819
1.56283
1.87756
2.13653
2.92758
2.2727
2.73814
2.63755
3.60927
2.90353
1.93384
2.50322
3.24833
2.1471
2.94406
2.9073
2.38015
2.56138
2.85104
1.70971
3.01836
2.71242
3.3745
3.32428
2.37597
3.13656
3.21319
3.67477
2.9297
2.57708
3.4508
2.23602
2.70641
4.41815
3.40705
4.52682
3.57757
3.08087
2.67597
2.80541
2.77094
2.81322
3.23395
2.28067
2.93592
2.98684
3.48828
1.66538
2.03945
3.09507
2.8869
3.23194
3.28456
2.68462
3.02997
3.84963
3.23894
3.67367
2.6931
2.874
3.05284
3.57291
2.85904
2.51756
3.40153
2.35042
2.36323
2.77139
2.93221
3.48521
3.91722
2.84647
2.52759
3.18983
2.05208
2.22039
3.12716
2.67224
3.18419
2.84722
3.47928
3.01002
3.5953
3.15775
2.21802
3.01497
3.98319
2.84319
2.68822
2.88671
3.65253
3.61995
2.95914
3.16577
3.98675
2.87604
2.98444
3.14117
2.52226
2.84003
2.83749
3.8708
3.52377
3.02347
2.75691
3.03756
2.97683
2.54287
2.95115
2.21031
3.19731
2.90765
3.40564
3.55318
2.67939
2.63912
2.79758
2.04224
2.14189
1.73644
2.26232
2.97626
2.79648
2.69437
2.21101
1.31166
2.37357
2.78656
2.86595
2.5648
3.07487
2.81921
2.88358
3.55405
2.49998
2.1763
3.09541
2.92604
3.3893
1.5279
1.64778
1.97474
3.09459
3.78447
2.7236
3.15313
4.23892
4.04997
4.16814
2.9762
3.10968
2.75174
2.75826
2.27407
2.02453
2.84761
2.47123
2.35305
1.89811
2.43317
2.73107
2.38448
2.27733
3.12846
2.32269
1.93322
2.7923
3.08009
2.7212
2.24894
1.40799
2.04155
2.511
2.02917
2.76288
2.73494
2.10957
3.46136
2.85439
2.82958
3.25951
3.51077
3.10747
3.2406
3.01276
2.72175
3.52785
3.09549
2.22682
2.72721
2.3532
3.08196
3.12376
2.76583
3.27386
2.96414
3.35698
1.91816
4.14186
2.80234
2.9325
3.86741
2.79201
3.27486
3.76568
3.64321
2.72594
3.59156
2.29133
3.10793
3.69025
3.05681
3.66516
2.31571
2.93024
3.06622
2.6156
2.58221
2.83859
3.17705
2.64486
2.42897
1.9182
3.65515
3.00642
2.70324
3.38937
3.03265
3.54427
2.94775
3.68515
3.80714
3.69389
2.49431
3.18458
3.23348
3.59913
3.31748
3.4023
3.16113
3.27966
3.18063
2.69059
2.96326
1.98976
2.03311
1.30468
1.69984
1.70032
1.94491
1.49121
1.57482
2.40729
1.77452
2.28873
1.90572
1.76306
2.39616
1.69305
2.03255
2.55458
1.97404
3.71012
2.97407
3.40657
3.38366
2.51078
2.2813
2.71429
2.92136
2.60091
3.01338
2.80675
3.0891
2.23967
2.97259
2.56772
2.01434
3.48384
3.22051
3.37529
2.88825
3.92761
2.63508
1.94917
2.33604
1.85143
1.57039
2.93308
2.46873
2.72892
1.81561
1.95887
2.42533
3.04848
1.53327
2.71441
2.90355
2.83797
2.5888
2.44371
2.43933
2.31131
2.6784
3.27873
3.30168
2.90927
3.21118
3.38083
4.12501
2.22771
2.66723
3.34761
2.1931
2.54233
2.78338
2.39994
1.96913
3.66162
2.91255
2.79403
2.42152
2.69265
3.55174
4.03254
3.2416
2.7082
2.21696
1.95188
2.66966
3.34845
3.47242
2.42952
2.82086
2.41358
2.47006
1.93144
1.37472
1.86565
2.53348
2.87891
3.24526
2.83128
3.19169
2.58391
2.64449
2.63482
2.73024
3.20744
3.24986
3.42335
3.01503
3.65929
2.6984
3.20548
3.67083
3.16221
3.67957
3.02572
1.79844
3.13606
3.11074
2.79203
3.41691
3.9231
3.67628
2.99926
2.78078
1.96677
1.96471
1.62077
2.52282
2.43727
3.19706
3.47914
3.35732
2.5514
2.55381
3.12397
3.13991
2.34128
3.55298
2.82075
2.72085
2.48955
2.81001
3.10497
2.97221
2.5586
2.21376
1.96833
2.11458
2.05411
2.52749
2.54967
2.25844
2.52782
2.25002
2.14307
2.31649
2.43999
2.23149
3.40129
2.51076
2.64992
2.25036
2.4695
1.74898
1.8139
1.72569
2.59627
2.56697
2.5805
2.4955
2.34224
1.04599
1.73563
2.4712
2.47574
1.93306
2.16986
1.26107
1.4656
1.71685
1.98476
3.08491
3.2668
3.45702
2.29977
2.80069
3.004
2.33862
1.92552
2.41587
2.23305
3.26285
3.01236
3.30945
3.44363
2.38712
2.62234
2.6238
2.86354
2.7342
2.46592
2.87925
2.48474
3.1649
2.9352
2.80254
3.12073
3.22322
3.16229
2.52088
2.14804
1.8169
2.92765
3.03444
2.58502
2.65836
1.78355
2.14489
3.16864
3.50811
3.01456
3.01222
2.56899
3.91143
2.75625
2.15782
2.91923
2.24579
3.3523
2.7869
3.25901
2.18429
1.26702
1.83813
3.09602
2.0796
1.35126
0.752852
1.43575
1.75735
2.36194
2.75737
2.95599
2.92196
3.02388
3.2214
2.92265
3.13492
3.48522
1.78756
2.71831
2.77059
3.1022
3.51822
3.81599
3.84175
3.2388
2.09176
3.059
2.34924
2.01531
1.90798
2.6276
3.57337
2.45856
2.19017
0.788473
2.18698
1.55242
2.36501
1.88653
2.1418
1.99648
1.98876
2.49314
2.16172
2.15069
2.1835
2.15675
1.59945
1.23736
2.97637
1.98158
1.62818
1.8393
2.04706
2.73356
3.48852
3.62669
2.27345
2.65846
1.73489
3.11564
3.56354
3.49879
2.65527
2.31518
2.92205
3.15856
3.08235
2.87127
1.92234
3.25863
2.89159
2.23346
1.63326
2.13161
2.84232
2.54791
3.10015
2.35957
1.90435
1.58641
2.64544
2.28719
1.98402
1.88889
2.24277
3.00015
1.8715
2.46924
2.7887
1.52661
2.475
3.41071
2.05867
2.8855
2.35602
2.11765
2.46337
3.00423
2.08882
1.93546
2.43646
1.75904
1.55594
2.85198
2.43059
2.1902
3.23024
2.95148
1.97325
0.944838
1.83699
2.43513
1.89461
1.57036
1.4645
2.27341
2.24388
2.72103
2.62571
2.29495
3.24998
2.34863
1.68062
0.899065
1.3011
2.27477
2.15336
1.27864
1.7597
1.99278
2.06897
1.70291
1.98323
3.40009
2.36391
2.21819
2.09999
2.24693
1.97789
2.87125
1.99886
2.10569
3.05367
2.47919
1.97615
2.24156
2.11254
2.23742
2.7492
2.59137
3.15726
3.41058
2.72884
2.82592
2.28547
2.07336
2.06196
2.62316
1.8258
1.58051
1.91487
1.44921
1.14186
1.59931
2.79284
3.23569
3.27431
3.08203
2.519
2.51457
3.37973
3.02388
2.91324
3.10783
3.09527
2.23961
3.10766
1.6471
2.62982
1.58337
2.07508
1.36506
1.6721
1.41772
0.329213
2.39812
1.30361
1.55463
1.66427
2.45863
0.878618
0.849913
0.97725
1.44358
1.31616
1.99258
2.39828
1.86416
1.48635
1.71102
1.35255
2.84352
2.9013
2.27228
2.28917
1.81998
2.15198
2.1435
2.20624
1.23001
1.91654
1.8467
2.86858
0.456496
1.06193
0.143244
1.21068
0.85157
1.50861
1.19112
1.51245
1.01692
1.5435
0.674788
1.21682
2.24582
1.56189
0.891574
1.77915
0.688689
1.64409
2.16426
2.22264
2.56825
2.76196
2.83895
2.772
3.66334
3.45319
2.95718
2.73851
3.32237
2.16424
2.90121
2.14639
1.97548
2.00785
2.20033
2.83602
2.61299
2.3375
2.31206
2.11275
2.61561
2.17296
2.16825
2.06325
2.19696
2.51277
2.97497
3.12182
2.48221
1.60694
1.24882
2.13547
2.66728
2.10599
1.60077
1.70245
2.57629
2.45885
2.26457
2.99049
2.88609
1.75072
2.31855
1.90263
2.27537
3.00357
2.12464
2.79078
2.24429
3.54276
3.27482
2.75514
2.69865
3.32378
2.36686
2.77782
2.30591
2.12345
2.42186
2.2722
2.13637
2.91159
2.84925
2.55063
3.0144
2.7136
2.80612
2.46611
3.78037
3.43111
4.11413
3.92017
2.86392
2.72887
2.54617
2.9944
2.53322
2.66287
2.71248
2.60606
3.02092
2.84391
1.83199
1.53029
2.05854
1.12672
2.67882
2.3199
1.46724
1.33632
2.37751
2.17028
2.32753
3.35561
1.36233
2.57028
2.52454
2.08101
1.7479
2.1799
2.04955
2.07543
1.38434
2.05069
2.17384
1.95782
1.31252
2.0106
1.92736
0.874401
1.44017
0.984578
1.5028
2.18757
3.07177
2.58866
3.13331
3.10003
2.6787
2.68488
2.6992
2.13106
2.60339
2.91331
2.74597
2.70869
1.52389
2.22923
2.46865
1.60192
1.92865
2.02644
2.26639
1.59109
2.15788
1.95748
1.97973
1.61109
0.643326
1.84329
1.00518
0.918262
0.869491
0.636196
0.475692
1.07477
2.17671
1.77749
1.96885
2.39522
2.58677
1.7926
2.28412
0.983781
1.6308
2.11652
2.27833
2.28583
2.90513
2.97274
2.66827
2.53831
2.97586
2.95732
3.45801
2.95706
2.16421
2.45439
2.51539
1.67125
1.5403
2.72845
2.39327
2.20952
2.97479
2.18139
2.42778
2.34876
2.07613
1.75688
1.4044
2.75296
1.78717
1.55369
2.28867
2.19775
1.46866
2.33998
3.30281
3.07468
2.64212
2.30328
1.66319
2.25562
2.13414
2.17941
2.10517
2.77695
2.84328
2.30684
2.18468
2.07417
1.62484
2.14237
2.32714
1.80214
1.984
2.38976
3.01848
2.79335
1.82054
1.77561
2.5582
1.86141
2.81208
1.96956
2.01105
1.85267
2.41428
2.69465
2.09646
1.45429
1.58333
1.92478
2.46448
2.14649
2.38218
1.72714
1.65566
1.98604
1.3512
1.0982
1.68454
1.28194
1.35789
1.15445
1.82062
1.60059
2.41281
1.51832
1.45957
2.14553
2.83641
3.728
2.8231
3.26707
2.22606
2.64065
3.22668
3.04113
2.58103
1.57022
1.509
1.5326
3.12902
3.17251
3.00572
3.09586
2.63971
2.29793
2.79021
2.02962
1.84599
2.44417
1.25135
1.45318
1.85674
0.773197
2.33398
1.93371
2.36789
2.63483
2.54485
2.60762
2.21397
2.9018
1.96196
2.62057
1.8015
0.526452
1.56227
1.31622
1.1341
0.630213
0.945611
1.56199
1.75803
2.10636
2.16674
2.41386
1.83852
3.24473
2.55693
2.26374
1.74772
0.989638
2.43486
1.01311
1.54259
0.802222
1.84817
1.88189
2.80659
2.11234
2.70213
2.26914
2.75238
2.37368
2.77026
2.22046
2.23433
2.24061
2.84231
2.93778
3.20562
2.67517
2.30792
2.89813
2.80923
3.38761
2.83053
3.07098
2.6011
3.20477
3.20503
2.60676
2.72635
3.3045
2.39187
3.33442
1.5896
2.8235
2.21482
2.27793
2.30657
3.13635
2.13027
2.20356
2.03494
1.93328
1.78767
1.10828
1.59793
2.91956
2.34963
2.50449
1.90687
1.55921
2.12591
2.61445
1.32417
1.8243
1.26285
2.02744
2.33348
2.20006
2.67174
3.07523
3.13002
2.63571
2.38969
2.66418
1.66404
2.01983
2.18828
1.78426
2.24145
1.82289
2.30207
1.56161
1.82531
1.24203
1.44288
1.56535
2.04551
2.23665
2.12658
2.09557
2.38009
2.41483
3.08573
1.99963
2.59724
2.02842
2.09348
1.58904
2.08985
2.26261
1.98144
2.35163
2.67223
1.49019
1.63756
1.64438
1.56611
2.26463
1.94279
1.99832
2.30967
1.78735
1.74285
1.53786
2.41502
1.83499
2.81439
2.29333
3.15201
2.33742
2.11239
1.29677
1.64674
1.74953
1.77742
2.11078
2.05521
2.07039
2.22738
2.22216
2.25325
1.40623
1.38363
2.19844
3.11239
1.94999
2.6327
2.26251
1.75361
1.57046
1.17699
0.851801
1.60973
0.137875
1.70885
3.01469
2.28536
1.57195
1.97141
1.31836
1.43523
1.43874
1.4776
1.31135
1.93414
1.80076
2.6908
1.59689
1.521
1.43908
2.7591
1.83997
2.39363
2.43334
1.20447
1.93001
1.85449
1.51361
2.00806
1.30087
1.7322
1.75346
1.86719
1.66306
1.91386
2.90768
0.983421
1.65327
2.10233
2.29615
2.09421
1.96473
1.52856
2.46795
1.42497
1.77873
1.73884
1.77375
2.27084
2.94431
2.65615
2.9096
2.22791
1.67343
2.51519
2.13053
2.42914
1.55602
2.31926
1.13096
2.52263
2.32985
2.42749
2.04928
1.6271
2.48621
2.71025
1.81752
1.66042
1.07895
1.24628
1.24674
1.05502
1.76017
0.998396
1.43472
0.937865
1.69954
1.64558
1.57768
1.30657
1.02391
0.938615
0.815319
1.64768
1.8111
1.97196
1.16773
2.53246
1.42117
1.9771
1.64105
1.33931
2.28996
1.82278
2.28539
0.797252
1.21401
1.16907
2.07194
2.04628
1.94547
3.06782
1.87798
1.99587
2.49285
1.92901
2.00637
1.76
1.88018
2.78149
2.25968
2.44738
2.10723
2.84998
2.4766
1.99913
2.0748
3.62976
3.01284
2.49066
1.99839
2.87389
1.98735
2.21015
2.55526
1.34103
1.55013
2.31764
3.44097
2.59221
1.9021
2.10011
2.44051
3.1495
2.61496
3.38858
2.69319
2.64265
3.55578
3.62981
3.05594
1.39586
2.11825
2.01371
3.13468
2.86054
2.82957
2.54867
2.39381
2.16836
2.89824
2.69045
2.13659
1.73028
2.07733
2.51358
2.48053
3.8005
2.41816
3.58537
3.95941
3.54445
3.78153
3.02345
3.48102
3.40097
2.28761
3.50225
3.34317
4.87402
4.20613
2.68488
3.80588
2.70164
3.53064
2.83273
3.34096
2.67388
2.89126
3.21811
2.68326
2.59198
3.07264
2.81427
2.64487
3.11276
2.99885
2.60192
2.97956
1.86566
1.56926
2.10158
1.03937
1.34822
2.65236
2.76328
1.63765
2.22104
3.13638
1.88447
1.82231
2.21239
1.90059
2.62425
1.35376
2.73228
1.42594
1.06046
2.45553
1.50059
1.8975
1.54074
1.68569
2.28958
1.78631
2.14346
1.69996
1.87561
1.97842
1.80854
2.42803
2.34067
1.23492
1.79404
1.84707
2.42706
2.49044
2.41557
2.62377
2.83355
2.19705
2.92137
2.28668
1.90093
2.55155
2.26118
1.67251
2.01377
2.41597
1.36678
1.53142
1.75727
1.06553
1.38118
2.72863
2.44837
1.95927
2.23663
1.83044
2.72179
2.96258
1.23789
2.7668
2.36353
1.60959
2.4391
2.09701
1.43027
2.305
1.96467
2.19948
1.84929
1.72078
1.8021
1.13611
1.68037
1.48
1.38791
1.28666
1.95029
1.41759
1.56709
2.54399
1.95456
2.31764
2.81696
3.12288
2.1448
2.23674
2.14514
2.81382
2.99359
3.15016
3.26904
3.6333
2.54789
2.38744
2.01971
3.15505
2.4423
3.05682
3.01942
3.21594
2.62107
2.75778
2.52923
2.26391
3.2569
1.54738
3.47969
2.52744
2.87936
2.2114
3.4289
3.75789
2.44502
1.96873
2.54839
2.97692
2.2943
2.09347
2.10143
2.79937
2.4748
3.64273
2.00849
2.35544
2.46686
1.92731
2.31035
1.93069
1.86712
1.71896
2.06053
1.99184
1.85344
2.73022
1.69873
2.08822
2.04494
2.50801
2.30986
2.82636
2.45549
1.88677
2.20655
1.92976
1.78758
2.0669
2.23481
1.72231
1.96776
2.41712
2.35514
1.97261
1.8784
1.58075
2.03756
2.5444
2.38341
1.70646
1.39134
1.93005
1.30502
0.924168
1.19415
1.01983
1.10187
1.85164
0.636982
0.884232
1.17553
1.91941
1.36446
2.00286
1.04143
1.93616
1.60951
1.87874
2.3244
2.03253
2.10324
2.00283
2.21476
1.48682
2.63498
2.12698
1.90802
1.90093
2.22802
1.55592
1.95995
0.8797
1.01447
1.80499
2.01853
1.94616
1.78683
1.92751
1.80819
1.19597
1.71733
1.6323
2.11969
0.939569
1.98265
1.61071
2.40702
1.91548
1.79395
1.21503
1.55901
1.64704
1.81584
2.30713
2.21469
0.795957
0.864227
1.27076
1.57974
1.54929
1.52309
0.90601
0.71279
1.88475
1.9408
1.85422
2.56455
2.68626
2.36832
2.20096
2.4816
2.71492
2.70277
2.91018
2.50144
1.67749
2.25891
1.52247
2.13025
1.50262
1.99688
2.15967
2.06574
2.3837
2.29947
1.78882
1.66417
2.77938
1.31393
1.19898
1.6348
2.10238
1.85834
2.63293
2.78394
2.86324
2.48359
1.29241
1.70237
1.91201
1.88326
0.794196
0.876789
1.91289
1.49702
2.33773
0.577761
2.2556
0.96468
2.49233
2.77179
1.7648
1.70006
1.74947
2.19865
1.78303
1.72628
2.48205
1.97369
2.98112
3.96328
3.37845
2.70133
1.48168
0.822141
1.48938
2.38507
2.43889
2.06732
1.16616
1.40885
1.66329
2.21724
1.786
1.14702
1.20951
1.92616
1.02765
1.51707
2.35131
3.16576
2.86068
2.48719
2.19341
2.20853
2.51537
2.58852
1.64636
2.03641
1.83046
1.68944
2.16915
3.62447
2.10157
1.65598
1.84059
0.620246
1.70123
1.70792
1.77874
1.38795
0.106677
0.658551
0.237212
1.55844
1.43498
1.21356
1.7897
2.14401
1.6594
1.6632
1.61184
2.14521
1.50604
2.17627
0.666658
1.41763
1.14292
1.32054
2.62728
1.92169
2.238
0.946877
1.359
1.46393
1.26242
1.59619
1.6701
2.32769
2.10029
2.33551
1.99938
1.70942
2.12029
1.2766
1.74483
1.69608
0.772418
0.503726
1.0051
1.07651
1.8821
2.11181
1.38291
1.67655
0.869087
1.41163
1.1677
3.32037
1.82912
1.18665
1.42057
1.43684
2.05507
3.10877
2.19634
2.25768
2.68293
2.5657
3.13765
2.61761
2.37833
2.35369
2.09319
3.01953
3.1039
3.33057
3.18534
4.38765
3.18891
1.82558
1.10066
2.12494
1.4143
1.66176
1.94571
0.983361
0.603348
2.29667
2.16774
2.41057
1.79815
2.04461
2.44168
1.99229
2.80293
2.33512
1.95562
2.59552
2.25142
2.3664
1.82293
2.75994
2.98538
3.43888
3.01998
2.43238
3.1462
2.69688
1.65443
1.67434
1.45765
0.519005
1.87759
1.52153
1.11304
0.523932
0.932791
1.21921
1.32201
2.12707
2.69691
3.03722
3.25516
2.55772
3.01657
2.46759
3.37289
2.93029
3.32983
3.04439
1.96629
2.75152
2.55642
2.20839
2.70562
2.25497
3.10175
2.53377
2.15372
1.94874
1.8929
1.9223
2.10139
1.79542
3.21375
3.02338
3.55583
2.43746
1.98485
2.39976
2.34543
3.05779
2.78878
2.22406
2.13294
2.17561
2.43219
2.03611
0.949154
2.09856
1.21295
1.29596
0.969216
1.90122
1.90208
1.59087
1.68836
0.459735
1.06792
0.761164
1.29854
1.31728
1.54593
1.49385
0.43862
1.9684
1.71845
1.73476
1.55182
0.273706
0.125141
1.59828
2.08535
1.81041
2.37961
1.77997
2.33266
2.65241
1.93859
1.0987
1.96896
1.74512
2.06223
2.69943
1.90457
2.35277
2.0009
1.9537
1.85472
1.91371
1.76879
1.10863
1.64249
1.81809
1.99961
1.99497
1.82527
1.62131
1.9509
2.15645
2.93332
2.48697
2.14485
2.73575
2.75899
2.71288
2.87998
2.74079
2.31953
2.28685
2.09926
1.47182
1.73493
3.13872
2.23013
1.15143
2.01486
2.2451
2.11344
3.48778
3.18096
2.74952
2.30138
2.45307
2.20487
2.87372
2.81285
2.51375
2.63046
2.54283
2.98992
2.81988
3.04894
1.81359
2.06507
1.39416
1.7816
1.31073
2.4886
2.68221
1.70208
2.36454
1.09448
1.14839
1.89774
2.14901
2.25833
2.25883
1.77622
2.35404
1.31698
3.04777
1.36592
1.57082
2.56482
1.83444
1.98053
1.55013
1.41255
1.72898
1.79156
1.48184
2.01103
1.89456
1.85233
1.59455
1.34789
2.23139
1.80986
0.4185
2.1013
2.0486
2.44364
1.92657
2.51032
1.8951
2.6403
2.45762
1.88224
2.708
1.13011
2.19924
1.58715
1.38851
0.953457
1.319
1.51073
1.46133
1.63126
1.14841
2.03695
1.9542
1.69261
2.55656
2.16361
2.19603
2.5541
2.16332
2.47417
2.01385
0.983335
1.17585
1.62688
1.6709
2.35317
2.48109
2.64679
2.92814
2.06565
2.92212
2.8442
1.9837
2.13501
1.51641
1.69593
1.50088
2.36012
1.55587
1.94997
2.15253
2.12575
2.25291
2.38136
2.22449
2.78711
2.45357
2.12248
3.06921
2.08424
2.02383
3.13181
2.12666
2.95094
1.63988
2.79368
2.98777
2.11218
2.3031
2.04418
2.57372
2.91628
2.907
1.5215
2.75141
2.15958
2.64997
2.45827
2.81364
2.27627
3.30594
2.81898
2.83154
2.90761
2.73313
3.20137
2.19418
2.06135
1.77638
1.9395
1.62931
2.50979
2.71209
2.59661
2.13651
2.11189
1.55882
1.87758
1.37406
1.93454
1.34322
1.80618
1.62909
2.36525
2.69538
2.631
3.01395
2.61151
2.17899
2.51363
1.39494
2.08029
1.38828
0.606537
1.77532
2.90622
3.40192
4.02275
2.66362
2.3304
2.22781
3.20102
2.56147
2.96373
3.03242
3.10588
1.92048
2.01046
2.65278
2.70554
2.29371
1.63433
1.47571
1.0931
2.79913
1.70495
2.31548
2.02277
1.54535
0.733048
0.768261
1.80485
1.73687
1.85431
2.59836
1.8078
2.69395
1.1816
1.93929
1.04014
0.142534
1.68769
1.33291
1.45015
1.43307
1.53107
0.817659
1.98718
1.15876
2.26237
2.12536
1.83507
1.81156
2.28946
2.72327
1.75286
1.73881
1.13662
2.53478
2.38738
1.6625
1.46884
0.947113
1.25863
0.578285
1.28196
2.26512
1.66769
2.14383
2.86083
2.35051
2.95054
2.76509
1.09739
2.00945
2.53789
2.70838
1.84144
2.56587
2.20169
1.23255
1.59775
2.8583
2.12683
2.67146
3.29039
2.93629
2.36563
2.34306
1.52878
1.52875
1.27482
0.971117
1.62342
1.88619
1.42358
1.63702
2.62968
2.79774
1.32783
1.68008
1.06822
1.80231
1.58012
0.827942
2.35234
1.47084
1.4879
1.07246
1.47683
1.84321
1.32939
2.16971
2.32439
1.89651
1.09448
1.87049
1.735
1.17081
0.761853
0.291649
0.427213
0.0234941
1.51095
1.21886
1.6187
1.24375
0.661131
1.2665
1.46637
1.70638
1.71207
2.07488
1.70581
1.59376
1.36629
1.42679
1.67947
0.944236
1.28219
1.69439
0.559967
1.58777
2.15787
1.8375
2.00497
1.76605
0.900895
1.625
2.06164
0.875488
1.17942
1.2199
1.24654
1.74958
1.67344
1.60659
1.30788
0.277751
0.386501
1.75284
1.1143
1.04609
1.11753
1.68549
2.13947
1.91897
1.73412
1.05407
2.07748
1.64282
1.58018
1.90961
2.30183
1.746
2.99199
1.87117
1.84207
2.83395
1.7525
1.44018
2.11922
1.07604
2.10607
1.69401
1.00241
2.07374
1.13819
1.03289
0.418989
1.42848
2.17415
0.60094
0.97474
1.26555
0.556235
1.077
0.556744
1.11835
1.20087
1.11743
1.69869
2.59425
1.69123
2.19165
1.38472
2.19404
2.19512
2.20995
2.67487
1.79195
1.41476
1.53724
1.39315
1.42939
1.85892
1.2037
1.86306
1.77821
1.19573
1.99982
2.87425
3.05797
2.40483
2.04878
1.96282
1.24501
1.53329
1.16935
1.49656
1.09748
1.28134
0.850669
1.57768
1.81114
1.12292
1.24822
1.71172
1.67054
1.12473
1.1181
2.59794
2.92157
1.57965
1.3731
2.72363
1.99033
1.00903
1.99666
1.97682
2.07584
2.42915
2.35118
2.79064
2.93776
1.66464
2.14222
2.60263
1.76858
1.33646
2.23698
1.94553
2.16365
1.76502
2.39478
2.27296
2.00811
2.05195
2.25582
1.77926
1.89577
1.8196
2.47352
3.06302
2.12043
2.34346
2.85285
3.38796
2.61759
3.22008
2.50841
2.80601
2.18196
1.61941
3.02487
2.60659
2.8191
2.66903
1.82691
2.20519
2.36543
2.73528
2.31705
2.86332
3.25788
2.28153
1.37979
1.67624
2.19578
2.22956
2.01741
1.34757
1.87364
2.025
2.2412
1.65648
1.44494
1.42567
1.33593
2.38098
1.74111
1.27098
1.20904
2.10539
2.28458
2.80692
2.29755
1.63483
1.02075
1.86494
2.41221
2.06797
2.24853
1.44102
1.36706
1.86047
1.63096
1.25875
0.891353
1.17913
1.34867
2.11493
1.52671
1.57232
1.63996
1.59937
1.87769
2.39407
1.6388
2.32479
1.81387
2.10385
1.33394
2.00699
1.87011
1.61804
2.30868
2.26887
2.64315
1.77345
2.25822
2.29813
2.75163
2.50619
2.31315
1.8352
2.55463
2.18455
2.57738
2.2175
2.23001
1.70895
1.24703
2.16492
2.21204
1.31693
1.20861
0.220323
0.520938
1.02865
1.59611
2.07165
1.02349
1.88387
2.31762
2.58518
2.25428
2.38048
1.30029
1.46191
1.86897
1.87179
1.80678
2.18997
2.22204
2.26953
2.17077
2.54422
1.42929
2.10007
2.26064
2.98861
2.52656
1.87499
2.28554
2.19447
3.42322
2.7959
3.45484
2.91076
2.31738
2.66249
2.38203
2.9717
3.02513
3.39988
1.88391
2.54289
2.51324
2.50534
2.79558
1.85109
2.60442
3.0492
2.84883
2.1133
2.87098
2.70946
2.4083
2.94784
2.3891
1.62723
2.64162
1.99564
2.62917
2.33496
2.14603
1.09517
2.40588
1.43975
1.94159
2.09421
2.36181
2.80339
3.41744
3.02822
3.37988
2.19701
2.03293
2.78831
1.89882
1.81506
1.70357
2.04111
2.65935
2.41363
2.0275
2.8778
2.74677
2.49049
2.32929
2.79679
2.74537
2.46042
2.47524
2.44762
1.8988
2.15351
2.91851
1.95026
2.28596
2.52817
2.4803
2.5091
2.76778
1.43687
2.70794
2.41731
2.27085
1.75595
3.08613
2.38956
2.53484
1.97327
2.45082
2.52119
2.37131
2.05814
3.74629
2.131
2.87069
2.52382
2.35342
2.9755
2.14773
1.47679
2.01548
1.6068
2.53801
1.38568
1.69927
2.63107
2.58496
1.96774
2.43987
2.62959
3.0302
2.66765
2.554
1.70691
2.88755
2.43764
2.34675
2.43907
2.55174
2.43017
2.50095
2.85916
3.42112
3.36276
3.11459
3.99742
3.59656
3.07862
3.43564
4.23361
3.10484
4.53884
4.11252
1.98999
2.13135
2.08317
2.22717
1.90944
3.01396
2.41585
2.32838
3.15152
1.43472
2.58487
1.98008
2.53976
3.12492
2.98543
2.75505
1.75259
2.87478
2.9051
2.962
3.83433
3.28792
4.40686
3.59633
3.54458
3.13019
3.82525
3.87825
3.68059
4.08314
4.0787
3.87972
3.26197
3.5827
3.42226
3.54264
3.4225
3.40535
3.25586
3.23101
3.23087
4.3167
3.70008
3.17052
3.32583
3.77041
2.58822
2.91366
3.23532
4.07245
3.92835
4.18024
3.45137
3.45789
2.63535
2.36245
2.9777
2.66366
3.5448
3.29187
2.47183
3.01031
3.49435
3.63528
3.36398
3.54387
2.44988
2.73882
2.79509
2.86235
3.17797
3.18771
2.19627
2.70496
3.0787
3.45501
3.74516
2.69003
2.60977
2.72079
1.6172
2.33864
2.81388
2.60729
2.65169
3.08389
2.66458
3.08917
2.50677
2.9376
3.05579
2.68811
2.53845
3.07779
2.70462
1.8742
2.50071
2.24306
3.39868
2.87288
2.42736
2.56323
2.00816
1.88008
2.64549
2.37253
2.78924
2.50671
2.91436
1.42298
2.47132
3.08811
2.65625
3.42528
3.73043
3.08087
2.82858
3.46108
2.85305
2.33388
2.90612
2.60477
2.68688
2.59468
2.61571
1.29965
1.89929
1.86417
2.75168
2.32046
2.18984
2.91547
2.69721
1.92104
1.6572
1.58544
2.39911
2.06221
2.25138
2.58595
1.9626
1.90345
1.93199
1.55033
2.30343
2.69133
1.41324
1.14288
2.32919
3.0884
2.76811
3.06981
3.24031
2.91844
3.13547
1.97301
2.54518
2.39906
2.13672
3.09253
2.12389
2.33574
1.97835
1.86945
1.30607
1.79113
1.8164
1.57699
0.926767
2.12747
2.37271
2.35907
2.36809
2.26099
1.9812
1.95394
1.7385
2.49493
2.65876
2.53631
2.47829
2.51377
2.57153
2.81682
2.594
2.50556
2.42164
2.34838
2.34143
3.34526
3.10308
2.90214
2.59121
2.68492
3.04042
2.25218
2.5855
3.05223
2.57189
1.95955
2.60325
2.48657
1.99119
2.24311
2.47751
2.6049
2.58205
1.71754
1.73339
1.23632
1.0216
0.564227
0.944695
0.528371
1.05489
1.46818
1.90596
1.82255
2.47154
2.75238
2.51937
1.97941
1.89523
1.89237
1.76408
2.65919
1.66369
1.97301
0.848671
0.866556
1.41905
1.3128
1.66434
1.81375
2.20929
2.84664
3.36378
2.49807
3.11624
2.88394
2.22535
2.56303
1.76332
1.37255
1.81715
1.45675
0.99173
0.37096
1.53349
2.39137
0.808597
0.647416
1.37638
0.657798
1.29184
1.21556
0.998284
2.04838
2.68043
1.9982
2.20212
1.47518
1.75628
1.5365
1.38574
2.15837
1.98143
0.986878
1.49654
1.44351
1.91822
2.06574
1.9733
1.41338
1.6376
1.28656
1.25559
0.143836
1.09441
1.69995
1.51137
2.35995
2.09497
1.42295
2.46531
1.64009
1.77257
2.77534
2.78148
2.18285
1.80785
1.81424
1.0786
1.88254
1.99635
1.72946
2.21115
1.65582
3.45205
2.41651
2.44829
3.07875
2.03454
1.76969
1.93441
1.15388
1.18971
2.26205
1.29133
2.67094
3.51263
2.48533
2.21524
2.38467
1.28624
3.31542
2.45786
2.98772
2.10815
2.72072
2.72281
3.48124
3.14231
3.56837
2.77175
3.36221
2.78145
2.65365
2.66672
2.51565
2.52905
1.66697
1.83598
1.55818
2.30538
1.76389
1.91119
2.5895
2.75138
1.75596
2.04921
2.25639
2.48316
2.04783
2.74103
2.45895
2.07541
2.44572
3.07934
1.9685
1.79687
1.63215
2.24472
2.0145
2.71327
2.3875
1.19884
2.44499
2.34554
2.89072
2.47631
2.42954
2.70922
2.61908
3.03071
2.29526
2.4132
3.1612
3.1332
3.59562
3.36998
3.60535
3.08476
3.87819
3.51596
2.74721
2.80976
2.7739
2.3091
2.45562
2.32753
1.78079
2.34937
2.86342
2.68712
2.9513
2.85103
2.89156
3.43385
3.47477
3.51759
2.48189
3.32399
3.11043
2.56251
2.8896
3.07795
3.46808
3.13339
3.16404
2.11249
1.49616
2.47427
2.11439
2.61538
2.98225
2.57228
3.13615
2.64309
2.89678
2.79929
2.38185
2.35894
2.57507
2.58389
3.24772
3.49942
2.54431
2.58961
1.43515
2.99342
2.77174
3.16012
3.4975
3.61087
3.26777
3.95696
3.00144
3.10454
2.62482
2.98935
3.11657
2.61698
1.99881
2.30632
2.284
2.57391
2.97497
3.19077
2.76292
2.59828
2.71108
2.01521
2.41025
2.8109
2.37428
3.68633
2.89042
2.42812
2.24455
1.98134
1.9683
2.79712
2.46541
2.0279
2.67839
3.5734
3.56054
2.97497
3.09004
2.96161
3.24358
3.16747
3.00071
2.93046
3.1302
2.5684
2.82569
2.90774
3.84963
3.74265
3.28798
3.76245
2.70408
2.22172
2.30073
3.24439
2.12684
2.43875
2.57166
3.1853
2.37251
2.1204
2.2817
3.20818
2.2619
2.96081
3.66015
1.77962
2.16441
3.19441
2.45436
2.78831
1.91275
2.01708
2.58384
2.87815
3.33638
2.60406
2.00306
1.62899
2.02564
2.00454
1.90795
2.05475
1.80172
2.44161
2.68287
2.13202
2.0459
3.43654
2.56292
2.32678
2.56639
2.13007
2.49569
1.64164
2.37774
2.6298
2.29687
2.6887
1.79975
1.89571
2.5699
1.89858
1.90038
2.11457
1.48959
2.12988
1.82737
2.87173
1.79679
1.55742
3.22969
2.87638
1.93809
2.39056
1.76316
2.21916
2.54212
2.23915
2.98664
2.08079
1.60545
2.32672
2.90762
3.10929
3.52786
1.93525
1.41468
2.40384
2.43296
2.63651
2.93378
2.10455
2.08698
1.82261
2.52498
2.00102
2.62948
2.12496
3.80285
1.53642
1.74653
1.89622
2.40365
1.77402
2.38174
2.3213
2.50037
2.13387
2.17927
1.95319
2.30721
3.10768
2.81763
2.6565
3.45773
2.83901
2.85437
2.58113
3.36426
3.33508
3.62288
3.29765
3.81833
3.40524
3.15907
3.71878
2.60103
2.64397
2.56167
3.12616
2.9071
3.15785
3.12389
3.60336
2.95692
3.09735
3.24989
2.95131
2.69927
3.18846
3.44833
2.32191
3.14298
3.33743
3.73177
3.53424
2.87134
3.59356
3.35449
2.60177
2.6711
3.18807
2.61456
3.27095
3.25904
3.54936
3.97286
4.05339
3.03871
2.64097
3.06175
2.88315
4.11918
3.38891
3.00654
4.97171
3.19697
2.65305
4.22061
2.31445
3.32654
2.91566
2.67481
3.257
3.09297
2.80159
2.78169
3.47706
1.71723
3.47317
3.78076
3.72474
3.38357
3.6874
3.74431
3.11289
3.25916
2.527
2.21307
3.24898
3.24857
2.89572
2.22122
1.67736
2.98876
2.62609
3.00355
3.29175
3.06323
2.50655
1.74766
1.90614
2.23982
2.4278
3.5802
3.58892
2.21947
3.59784
3.68783
3.30596
3.82029
3.80901
3.17482
4.01728
3.8137
3.12254
4.30154
2.89095
4.14555
2.91702
3.5292
3.97469
2.88051
2.9474
3.16235
3.24232
3.57966
3.07148
2.8784
3.15815
2.3555
2.09866
1.90848
2.49306
2.33683
2.83354
3.28026
2.74807
3.79546
2.7819
2.64059
2.76969
2.59744
2.97869
2.4949
2.28976
2.16928
3.33038
2.63177
1.92404
2.43167
2.73328
2.26164
2.65413
3.01975
1.51185
1.62806
1.25457
2.02303
3.00102
2.84343
2.23961
1.37182
1.9431
0.889038
1.04393
1.90933
1.77542
2.65684
3.10991
2.3359
2.36862
2.95424
1.42629
2.16548
2.55377
2.14592
3.23074
2.74631
2.42257
1.67133
2.13419
2.20283
2.4196
2.27413
2.98117
3.03288
2.09474
3.48581
2.84494
3.3721
3.41771
2.68475
3.27733
2.98308
3.00693
2.41691
2.395
1.2841
1.93134
1.24851
2.11065
0.578088
2.07413
2.16109
1.66277
1.64086
0.81242
2.29258
2.46734
2.82223
2.56597
2.88851
2.71631
2.81405
3.14791
2.43607
2.1613
1.97879
2.65637
2.88324
2.16696
2.50328
2.67795
2.15648
2.10881
3.27265
2.40216
2.70206
3.89061
2.48635
2.5108
3.03647
3.46189
1.65155
2.37567
2.09902
1.91895
1.7119
3.34948
3.10804
1.86774
3.05843
3.08372
2.26425
3.10403
2.48431
1.79396
1.5262
2.96355
3.16793
2.89834
3.30194
3.16551
3.89889
2.64184
3.15046
2.11885
2.26619
2.44974
1.75286
2.31588
2.77743
1.59287
1.90922
1.82649
2.11233
1.90016
2.46399
2.09305
2.11357
2.11872
2.00105
1.15413
2.36952
2.089
1.73179
0.855792
1.6633
1.30557
2.84682
2.63975
2.31441
2.95847
2.82537
1.71413
1.67747
1.61142
1.61585
1.94346
2.31629
1.98369
1.8214
2.26545
2.43026
2.30517
1.94621
1.82539
1.9622
2.49605
1.09457
1.09927
1.26
1.26928
1.41333
2.15485
2.31298
1.56923
2.36908
3.17294
2.41677
2.26084
3.0988
3.4253
2.66507
2.13147
1.01576
2.59782
3.55839
2.73127
3.43791
3.88341
3.80642
3.71476
3.4758
3.27753
2.82097
2.91937
3.29743
2.91645
3.34953
3.10856
2.16789
3.79603
3.43302
2.63423
3.59912
3.15546
3.15872
2.61885
2.79693
2.79422
4.50951
3.90653
2.4722
2.20143
2.77076
2.91791
2.15792
2.74359
2.01651
2.38737
2.62198
2.87986
3.48448
3.17337
3.29326
3.01052
3.22454
2.94555
3.58336
3.75358
3.08527
2.69379
3.80893
4.16333
3.41421
3.64859
3.79408
2.42962
2.04434
2.34679
2.16754
2.85049
2.42072
3.15002
2.53701
3.68836
2.72686
3.50049
2.29103
2.55113
1.46935
2.06424
1.99559
3.36354
2.42476
2.28971
2.65681
3.47544
2.55265
1.92936
2.62258
2.78443
1.76841
1.9838
2.59168
2.89716
1.85963
0.762034
1.41618
0.811497
1.88455
2.23475
3.22288
2.66335
3.10974
3.20478
1.4434
1.99174
2.6002
2.46883
2.20959
1.92089
2.57297
2.81751
2.19666
1.52389
1.87919
1.91593
1.76392
2.83325
2.57117
2.08895
2.5723
1.49292
1.38154
2.59984
2.73247
1.75332
1.65449
2.28829
2.5644
2.29912
1.80471
1.6894
2.67175
2.58125
3.20946
2.32492
3.06745
2.99393
2.92447
3.81669
3.21138
2.93944
2.84344
3.53182
2.83388
2.93984
3.54412
3.0391
3.24888
3.10734
1.60499
3.26879
3.0723
2.36347
3.21931
2.45541
2.909
1.95585
3.27037
3.58092
3.25241
2.83865
2.41717
2.65422
1.58965
1.6306
1.95057
1.98364
1.73689
1.75371
1.83177
1.601
1.92625
1.97904
1.64299
2.78827
3.34103
2.98284
2.4208
2.78615
2.76124
2.48897
1.96594
2.80333
2.43048
2.69311
1.97076
2.282
2.88504
3.23588
3.27105
3.15369
2.84761
2.70821
2.77273
4.26055
4.16741
3.41307
3.37384
3.13584
3.66056
2.94128
3.36077
3.04013
3.2899
3.80477
2.43807
2.51511
2.54076
2.06835
2.98862
2.93231
3.42379
3.70608
3.22436
2.9624
2.58825
2.19093
2.60301
2.3824
2.73151
2.41239
3.29009
3.87341
3.77678
3.0577
2.05423
2.94545
3.07589
3.28859
2.04867
2.19831
2.20258
1.99487
2.11438
1.0368
2.5756
2.79356
2.21216
2.17681
2.60827
2.52556
2.58824
1.6056
1.42814
1.49381
1.65349
1.7543
2.54037
2.99357
2.70808
3.11106
2.96824
2.03372
1.85101
2.04949
3.07341
2.26626
2.42902
2.37504
2.11493
2.7594
1.00314
1.82219
1.94392
1.42713
1.55693
1.5797
2.29425
1.87859
1.89794
2.50056
1.89514
1.94388
1.72345
1.74609
2.35653
1.9691
1.68226
1.75727
2.24332
1.5608
1.32625
1.69055
2.75251
3.3845
2.68348
1.51157
2.07844
2.47587
1.45609
2.11058
2.10474
2.04506
2.03701
2.007
2.23882
2.14234
1.53118
2.36725
2.68938
2.45369
2.47062
2.33053
3.06111
1.41108
1.84231
2.03075
1.83546
1.99425
1.64837
2.44692
2.04531
2.14405
3.09847
3.13789
3.22814
2.61343
3.76461
3.25432
4.1953
3.11245
3.05599
2.63645
3.81605
2.2604
1.83734
3.18985
2.14021
2.37172
2.53574
3.19228
2.36113
1.66445
3.11905
3.1961
2.46946
2.02257
2.09679
2.34637
2.17592
3.32357
2.69263
2.25261
2.34675
2.36464
1.86197
2.72898
2.33919
1.9522
3.26758
3.3723
2.35772
3.77372
3.1472
2.63977
3.23936
3.0425
2.85463
2.93164
3.40917
2.0469
2.69951
2.58842
2.15152
2.06438
2.6018
2.90524
2.90935
2.36544
2.95878
3.32358
1.82995
3.22247
2.07362
2.51045
2.99178
1.65677
2.63326
2.04478
3.16674
3.47293
3.02749
2.80381
3.47253
4.03315
3.95946
3.16072
2.87503
3.20681
3.17204
2.76943
3.25032
3.32104
2.50246
3.04095
2.85965
2.22946
2.50195
2.54458
2.34074
2.30487
2.23197
2.45949
3.1436
2.89587
2.04732
1.77921
1.9957
0.906077
0.999137
1.30055
1.72789
1.93031
2.22489
2.13825
2.13543
1.87586
0.810266
2.51353
2.3242
2.52098
2.37367
2.19153
0.6945
2.22804
2.45482
1.90699
1.84327
1.36717
1.77389
1.73158
1.9217
2.11003
1.83744
1.93799
1.02605
0.762606
0.41976
0.530313
-0.141449
1.33133
0.623445
1.78837
0.925038
2.515
2.84584
2.48559
2.71851
2.21014
2.64346
3.25853
1.97586
2.2369
2.63151
1.70225
1.74376
1.39226
1.51037
2.20541
2.02841
2.75042
3.43245
2.52921
1.81676
2.27264
2.87205
2.81857
2.11834
2.80189
2.98032
2.28762
2.6529
2.44526
2.33715
2.27245
2.28223
2.20217
2.1229
1.81459
2.2326
2.93693
2.91655
2.98308
3.11879
3.00452
2.61801
1.20298
2.86538
2.98812
2.79275
2.88087
2.36886
2.77652
2.78194
3.0423
4.02752
3.18343
3.05675
2.74937
1.68206
2.39975
3.28125
2.2437
1.84751
2.73302
1.33784
1.15049
1.91069
1.43452
1.73216
1.41274
2.4027
2.50964
1.36862
2.41088
3.17684
2.76539
1.91905
1.81818
1.93835
2.54381
2.41547
2.07391
2.17491
1.5903
2.56837
2.66369
2.22732
1.8705
2.69259
2.29272
2.6459
2.1695
2.30372
2.17025
2.05605
2.31501
2.29368
2.57293
2.25335
3.10098
2.9464
1.82812
2.18058
1.497
1.59251
2.48885
2.15839
2.20474
1.98781
1.00999
2.03079
2.73831
2.21522
1.52826
3.1484
3.29131
2.82112
2.97562
3.2198
1.83325
2.23424
2.09111
2.65001
2.30421
2.83404
3.13771
2.77217
2.46046
1.81616
1.74076
2.15619
2.90349
2.43223
2.53682
2.0331
2.92994
3.05715
2.7957
2.42537
2.49259
1.77263
2.54409
2.72788
1.82217
1.03364
1.77035
1.70837
1.64957
2.04828
3.12434
2.75912
1.21679
1.98083
1.69717
2.84447
2.57605
2.29976
1.22018
1.67634
2.80423
3.07742
3.33619
2.86001
2.58307
3.43067
1.76001
1.88102
2.48531
1.75455
1.61961
1.71522
2.28143
2.14582
1.7389
2.97539
2.23266
1.7447
0.333997
1.60089
1.15297
1.6207
2.03371
1.08376
1.13002
1.6151
1.59008
0.495385
1.01117
0.744009
1.50082
2.01887
2.35974
1.14745
1.08369
2.23275
1.90635
1.15547
1.2381
1.09507
1.13059
1.7961
2.3321
2.05257
2.17663
1.91994
1.11104
1.45016
1.53317
1.72318
1.31028
1.03136
2.0202
2.03236
0.763087
1.50001
1.77486
2.2476
1.08433
1.06548
0.203736
1.70594
0.939053
0.776087
2.23174
1.92908
1.61577
2.34059
1.94025
1.14081
1.96632
1.31222
1.51189
1.27801
2.03214
1.96756
2.45273
1.67051
0.937534
0.921448
1.88982
1.72751
1.56744
1.4566
1.20333
1.91187
1.48147
1.36825
1.02217
1.47339
1.17976
0.229112
0.711796
1.30007
1.42983
1.22181
1.83229
1.71802
1.72292
2.31531
2.1789
3.12758
2.72643
1.64031
1.46967
1.78204
0.972039
1.41059
1.35372
0.600132
0.708091
1.41967
2.59327
2.18843
1.354
1.11372
0.738545
1.20077
1.53341
1.6506
0.717972
0.434586
1.58337
1.54309
0.709014
1.35786
1.24707
1.03416
0.481468
1.0134
0.544175
0.934868
0.220296
0.969043
0.747403
1.16283
1.34574
1.78804
2.00542
1.59258
1.65694
0.921523
0.931858
2.14683
1.83413
1.30079
2.1248
2.99876
1.47187
1.45554
1.64062
1.90522
3.24232
1.41451
2.14725
1.18099
1.97246
2.03024
2.17137
2.26937
1.92892
1.37659
1.50016
1.97311
1.84372
1.61617
2.36669
1.8988
1.75244
1.1375
1.86962
1.4975
1.15687
0.858919
1.88297
2.1717
3.2015
2.12308
2.25852
1.57705
2.49733
2.95665
2.22526
1.91944
3.1236
2.39491
2.44807
2.22313
2.30124
3.263
2.16533
2.55717
1.50518
1.38323
1.91084
2.65881
2.50902
2.22876
1.3417
1.48848
2.39907
1.45824
2.55538
1.16821
1.65025
1.87614
1.89307
2.65745
2.19246
2.00665
2.14868
1.69327
1.2289
2.16464
2.04244
1.53216
2.12354
2.17372
2.59437
1.52797
2.60383
2.60311
2.51824
2.23479
1.65264
1.68918
2.49249
2.74968
1.93513
1.49884
1.66014
1.47433
0.936271
0.976116
1.81321
1.2047
2.33618
2.82583
2.39761
2.21216
2.30232
1.7222
2.65264
1.05471
0.781048
1.44411
1.1049
1.72677
2.10161
1.95603
2.34992
3.16358
2.62186
1.83022
1.73202
1.42315
0.938689
1.45555
0.680038
1.44719
1.65061
1.84845
2.05713
1.83876
1.84105
1.5239
1.07669
2.0301
1.74716
2.45537
1.7991
0.810507
0.575334
1.36296
1.23128
2.82523
2.38868
2.2495
2.30698
2.6149
2.78509
2.7527
1.69568
2.13486
2.47756
1.34477
1.2722
1.119
1.76399
2.657
1.32221
1.85746
1.83107
1.1073
1.53486
1.9232
2.22757
1.84483
1.48891
1.69434
1.406
1.47755
1.76284
2.20894
1.6774
1.9809
1.55516
2.2217
2.31384
2.05057
2.29076
2.28033
2.27743
2.57729
1.67575
1.35608
2.81933
1.72172
2.29235
2.39835
2.37468
2.08037
2.77686
1.58026
1.71074
2.09171
1.16104
1.03679
1.66552
2.07654
1.90789
1.51503
1.11708
1.6919
0.681152
1.30543
0.127135
-0.220285
1.01169
-0.0143183
0.692275
0.298988
-0.0894567
0.724989
0.215852
1.07143
1.41401
1.08438
0.482875
2.06785
2.01488
2.15301
0.876464
2.45633
1.55911
1.11656
0.699554
0.878772
1.10209
0.485458
0.276748
1.28356
0.998947
0.851424
0.103425
0.832398
1.98717
2.17181
1.68978
1.81096
2.04845
1.38226
1.46446
2.15102
2.34619
1.83651
1.32198
0.969191
2.47101
1.94578
2.28335
2.3679
1.52704
1.40131
1.52866
2.19909
1.38446
0.846613
0.85678
1.32925
2.16502
1.94685
1.4382
0.90978
1.84551
1.82478
0.685155
1.77616
1.49676
1.6276
1.4629
1.39417
1.85785
1.77018
2.08249
2.44395
1.87552
2.00048
0.881249
1.15062
1.36356
2.17351
1.3553
1.52097
2.10737
2.51978
3.33652
2.81964
1.75558
1.96943
2.62962
1.03755
0.896297
1.4367
1.698
1.48155
1.68942
2.31925
1.83687
1.79242
2.0258
1.80467
2.26815
2.19554
1.98411
0.77084
2.28165
1.01921
1.34013
2.16313
1.63622
1.51171
2.28343
2.46299
2.21233
1.52786
1.56331
1.25543
3.03929
3.19876
2.1741
2.27612
2.39732
2.42555
2.42264
2.10208
2.46879
2.83741
2.87927
1.70772
3.08492
1.81531
2.52915
2.61515
2.01711
2.37002
3.61885
3.13432
2.72204
2.30111
3.57348
2.62201
2.11329
1.95815
2.98325
2.77852
2.58538
2.19137
3.12029
1.85254
2.5062
1.61598
1.4514
2.45718
1.99585
1.1172
1.31943
1.71032
1.56009
2.04069
2.06558
2.82613
2.56352
2.00245
2.04233
1.50217
3.21635
2.92361
2.85647
3.13111
3.25337
3.0157
2.39655
3.31141
2.84562
2.07908
2.70403
2.89402
2.2932
2.22512
2.84532
3.03506
2.35534
2.52421
2.22108
2.56885
3.14089
3.10588
3.05328
2.51892
3.02618
1.83592
1.70468
2.95499
3.13064
2.96375
2.25913
2.55084
2.56731
3.15129
2.93947
3.33083
2.98105
2.58354
3.14028
2.80788
2.40485
3.02959
2.66592
2.83484
2.55192
2.55788
3.15698
2.16514
2.37394
2.42892
2.19176
3.07482
2.32927
2.62062
2.97163
2.06528
2.40175
2.85072
1.12241
2.46945
2.3493
1.56389
1.69079
1.83407
2.04041
2.89443
1.58296
2.62038
3.79324
2.45462
2.49721
2.15751
1.61071
2.74524
1.68807
2.93267
3.19248
2.81787
2.47459
2.74407
3.1884
2.19922
2.78893
2.70581
2.59111
2.55146
2.38263
2.51463
2.59272
2.64577
3.06137
2.4835
3.77892
3.52305
2.66289
2.92076
3.25696
3.68551
2.73731
1.91957
2.69383
3.18664
2.59866
2.81587
1.5662
1.9922
1.13466
1.76523
1.75372
2.28514
1.45716
2.31836
2.03558
1.57594
1.68724
1.6265
2.6583
1.88053
1.68489
1.87954
2.08229
2.28218
2.33996
1.94077
2.26037
2.80274
3.64826
2.6559
2.2581
1.01013
0.292344
0.890361
1.24573
0.714851
1.04809
1.741
1.30237
1.71389
1.66163
1.36235
1.79162
2.20478
1.82424
1.88316
1.63079
1.16042
1.44357
0.964453
1.16324
0.943925
1.76447
1.29962
1.53967
1.00292
2.57504
2.23121
2.51725
2.64841
3.47382
3.35751
2.64489
1.79261
1.76293
1.67231
1.97746
2.49614
3.49405
2.74333
2.88482
1.95187
1.72435
2.27024
1.57851
1.55723
3.43901
3.25663
2.81714
1.96049
2.42996
2.59301
3.19397
2.2975
2.79249
2.02796
1.35001
2.28211
1.74319
2.08474
2.4118
3.00945
1.91397
2.08039
2.50686
2.73843
2.68267
2.44575
2.16042
2.74987
3.8546
3.05234
2.86881
2.34174
2.18943
2.01541
2.06917
3.53894
3.25068
2.72828
2.90617
2.61346
2.8382
3.55478
2.96296
2.99507
3.13184
3.5556
2.63925
3.72238
3.00753
3.35805
2.939
2.9886
2.89816
2.18209
2.73001
2.31747
2.00162
2.72221
1.87104
1.97519
1.47061
1.95352
2.30394
2.03727
1.41936
1.6999
1.44649
2.24424
1.9456
1.91541
2.59504
3.35589
2.52875
2.43376
1.51358
2.22682
1.83896
2.64182
1.74922
2.72543
1.76726
2.34517
1.28022
1.36054
1.78776
1.58577
1.85584
2.89618
1.8883
2.36971
1.64723
2.30316
2.04795
2.62913
2.10409
1.79254
1.79387
0.85235
1.98064
2.51951
2.62649
2.50432
2.72131
2.5427
1.89127
3.1013
1.79328
2.16238
1.74923
1.77659
2.42506
3.2062
3.02817
2.73963
2.25457
3.24089
1.90758
2.79413
2.71899
3.04983
2.98663
3.49744
3.48797
3.0644
2.48178
1.71228
2.09488
2.3239
2.32321
2.08007
2.36009
2.95715
2.03348
2.79717
2.12526
2.05231
3.44362
2.28359
2.3592
2.96707
2.96517
2.94872
2.21854
2.37462
3.15942
2.01103
2.57537
2.75496
2.5427
3.00644
1.52155
1.97895
2.47654
2.54019
2.94057
2.68927
2.40958
3.14252
2.57095
2.96179
2.14354
2.26862
1.71943
1.88607
3.19241
2.85336
2.58198
2.2057
3.00654
3.19413
2.34653
2.74185
2.06116
3.28724
2.34561
2.30192
1.17305
1.21747
1.66853
2.35478
2.01883
1.04116
1.4315
0.640773
1.4569
1.44211
1.51184
2.34069
0.671307
0.980989
1.65613
1.31754
1.2274
1.80624
2.20203
2.13574
1.65609
2.75965
2.71317
2.29854
2.61315
2.36023
2.15483
2.61925
2.34209
1.72436
1.6295
0.517784
1.27102
1.84829
2.46037
2.19529
1.92194
2.42181
2.47742
2.01461
2.53792
2.51521
3.11198
1.72473
2.33398
1.99139
1.80261
2.43414
2.55795
2.10688
1.8652
1.74228
1.16274
2.66076
2.39459
2.17831
2.3908
1.83774
1.68259
2.08237
1.6955
1.95773
2.07667
2.27866
1.37321
1.14015
1.2612
1.99758
0.778792
1.51276
1.80256
2.46576
2.00488
2.22851
2.06474
1.40985
2.51439
1.71466
2.20008
1.58523
1.7287
1.66422
1.89647
4.1588
3.31094
2.30724
1.95616
2.73923
1.82654
1.95093
2.39402
1.34017
1.81035
1.93744
1.62132
1.19037
1.47441
1.61127
2.24244
1.39184
1.64381
1.89231
1.77957
1.84074
1.78096
1.14479
0.775441
2.2442
3.41974
2.27828
1.94938
1.90123
2.25507
2.88218
1.9728
1.60798
2.02819
1.82925
2.15371
1.695
2.13576
2.43805
1.4154
1.63507
1.72286
1.3583
2.09181
1.84676
1.79955
1.39311
0.913209
0.792208
1.83381
1.5013
1.91348
1.41683
2.15678
1.9209
2.27645
1.31265
2.11213
1.48766
1.08048
1.85179
2.65663
3.01621
2.63939
2.76561
2.43201
2.01744
1.715
1.12992
1.50092
1.32531
1.14237
2.50746
2.31253
1.65082
1.99632
2.16203
2.29751
1.369
2.00836
2.3865
2.79565
2.45828
2.43884
1.92703
2.31509
2.92261
2.11186
2.90499
2.63855
2.47449
2.28744
2.6278
2.55551
2.28248
2.20924
2.12336
2.85092
2.63964
0.992195
2.28214
2.05835
2.74164
2.08706
2.01332
2.55433
2.84139
2.0647
2.01858
1.90437
2.61957
3.07191
2.82679
1.93984
2.83003
2.88154
2.17196
2.10792
1.4216
2.28515
2.45707
2.05983
1.98229
1.79645
2.68795
2.49069
2.10186
2.69714
2.24551
2.50421
1.83847
0.968876
1.39035
1.45795
0.831652
1.92109
0.546785
1.00301
0.680438
0.72283
1.3303
1.66519
1.88567
1.38402
1.17473
0.249892
1.12522
0.00660114
1.24051
1.38698
1.51381
0.729099
1.48364
2.24864
1.03141
1.11001
1.76363
2.6606
1.79122
1.19204
1.72733
0.919149
1.51498
0.711675
0.372964
0.750121
0.890119
1.01984
1.08185
0.729774
0.966988
0.264241
1.67684
1.75841
2.06708
2.36442
2.69316
2.56513
1.87553
1.71291
1.89582
1.21236
1.92391
1.39851
2.10789
2.06728
1.3338
0.985175
1.5504
1.26567
0.508295
1.45966
2.265
1.32083
1.12443
1.87027
1.26118
1.12458
1.34773
1.12473
1.18614
1.47364
1.05898
1.64004
1.52388
1.11202
1.62966
1.44659
1.95425
0.939192
2.52227
2.85204
1.52905
2.05999
1.79561
1.94188
2.22171
1.75266
1.55915
1.7445
2.06271
1.00596
1.1233
0.815027
1.01966
1.33231
0.574327
0.726406
0.516858
1.45872
0.999443
1.31456
1.72782
2.40516
1.71312
1.98559
2.1001
2.49494
1.80297
2.24587
1.44884
1.24147
0.775873
0.719989
2.49859
1.11939
0.928598
1.56936
2.63459
1.96699
1.33693
1.92855
2.72026
1.5799
2.24233
2.09351
2.5475
3.95654
2.36771
2.79364
2.69462
3.33905
3.48213
3.11002
2.05986
1.90455
2.11263
1.84635
1.78434
2.03271
1.07515
0.905342
0.57565
0.876252
0.878387
0.685732
1.27302
1.22382
2.02242
2.24993
3.07597
1.67336
2.19085
2.58623
2.52802
1.50106
2.82257
2.56453
2.21103
2.57547
2.66334
1.44999
2.29618
2.60552
1.86659
1.41574
2.42898
2.28936
1.65354
3.23605
2.62343
1.19277
1.19949
1.17909
2.41113
2.60043
1.58439
3.03885
1.88555
2.43135
2.27065
1.32497
1.74819
1.91341
1.92107
3.30839
3.06729
2.49477
2.72637
3.74256
3.22555
2.89518
3.12747
2.7252
2.15465
1.28585
2.35048
1.4569
1.54736
1.56686
1.9323
0.180958
1.12161
0.789968
0.382743
2.31974
2.28552
2.17602
2.16896
2.79012
2.5241
1.36342
1.97051
2.12833
1.62605
1.05594
2.35568
1.71385
2.16092
1.45412
2.26147
2.37733
1.30544
1.78604
1.58027
0.632474
0.736487
1.88761
1.38002
2.25196
2.40271
2.08003
2.35387
1.89021
2.34772
2.41151
1.17569
2.45734
2.5395
1.50433
1.49595
3.02033
2.0148
2.35587
2.98242
2.48926
2.16667
1.21379
2.3505
2.1026
3.8245
3.59528
3.55065
2.38791
2.48307
2.58247
2.6241
2.25104
2.00179
2.23015
1.46813
2.43955
2.0853
1.96019
2.12441
1.74246
1.4087
2.09045
2.03097
1.5081
2.43573
1.86556
2.48082
2.37226
1.95494
1.86834
3.05235
1.91028
1.06508
2.13867
1.16774
0.67677
1.72751
1.40967
0.919616
1.53766
1.43485
1.61454
2.43064
2.60238
1.92265
2.54557
1.77452
1.94468
2.77787
2.84068
3.11307
2.91542
2.89196
1.18826
2.14285
2.05272
1.18962
1.53391
1.18111
1.81079
0.930766
2.80467
1.72001
2.48172
1.77777
1.86215
1.54964
2.46528
2.58083
1.61115
2.97741
2.87621
3.43358
2.83215
2.44499
1.79995
2.48621
1.99828
2.34826
1.95353
1.45163
1.19295
1.65209
0.773473
2.21547
2.34602
1.32997
0.920302
1.16615
1.47871
1.56864
1.41647
1.65352
1.53269
1.65809
1.5776
1.44518
2.4742
2.15601
1.87699
1.31548
1.13954
2.06318
1.90717
1.10123
1.14247
0.927449
2.09182
1.99295
1.39135
1.35293
1.34748
1.02052
-0.0669408
1.68879
2.22792
2.78823
1.96497
1.05366
1.49931
2.13571
2.08548
1.66146
1.7724
1.95711
1.85043
2.10967
1.70601
1.92646
1.98952
2.29239
2.05454
2.57841
2.59918
3.06528
3.08289
2.04032
1.58334
1.90556
2.41397
2.0484
1.72035
2.18965
1.75134
2.8058
1.96887
1.71956
2.11088
2.61436
2.41723
2.31899
2.66347
2.16734
2.3693
2.29715
2.74784
2.38687
2.74865
2.91596
2.65377
2.87113
2.10098
2.76121
2.53646
2.04544
2.81674
2.46105
3.43904
2.6299
2.81694
3.41078
2.20128
2.30041
2.87185
2.58354
3.26387
2.13525
1.39259
2.03872
2.96353
2.4336
2.85464
2.76991
2.83419
2.19246
2.88271
2.88129
3.64789
3.12545
3.13365
2.63335
2.73716
2.36926
1.43183
1.8687
2.29027
2.20692
2.98905
2.09249
1.63133
2.89186
3.06353
2.13212
2.31637
1.98253
1.88728
1.89874
2.23306
1.46889
1.93895
2.03331
2.52866
2.68443
2.47475
3.10048
2.83943
2.43057
1.73764
2.60398
1.71805
1.58083
1.95036
1.38843
1.66426
2.52428
2.66206
3.49983
2.3465
1.44724
2.03175
2.66591
2.41412
2.41491
1.82178
1.33739
1.52572
0.950716
1.88538
0.28524
0.950391
1.35165
1.31113
1.95664
0.85315
1.18567
2.07909
2.3277
2.06616
1.7124
2.08111
2.96999
1.52504
1.32665
1.51013
2.25428
2.62316
2.57213
2.62281
2.71854
3.10422
2.45688
2.79939
2.59918
2.06679
2.78045
2.75381
3.04035
3.77916
2.93052
3.40189
3.43889
2.18248
3.35011
3.47286
3.30359
3.62718
2.41107
3.46457
2.61314
2.27753
2.51018
1.73328
2.26473
2.44163
2.65301
1.76556
2.01176
2.91068
3.16961
3.21294
2.88347
1.99236
2.25598
1.37354
1.56233
2.53362
2.7786
2.51335
2.15353
2.2541
2.28287
1.97952
1.9898
1.58135
1.15546
1.88326
1.78447
2.10727
1.41207
2.81359
2.04462
1.73366
1.71539
1.99599
2.16302
1.26764
3.21473
1.96012
2.1076
1.95381
1.7833
2.4117
1.25662
1.6371
0.904091
0.851759
1.51642
2.23209
1.78024
2.17849
1.93409
2.22686
2.29133
1.42239
0.865484
0.940504
1.76901
1.50841
1.55061
1.26969
1.60258
1.51344
2.6089
2.03094
1.69287
2.14365
2.45383
2.54193
1.52955
2.32355
1.62547
1.25296
1.99479
1.47394
1.28468
2.09384
2.24836
0.898163
1.9412
1.58292
1.13117
1.91887
2.97677
2.18157
2.36162
2.50573
2.01478
3.60323
2.48744
2.71322
1.57653
2.07491
1.97462
1.55835
0.764028
1.32784
0.781277
1.39496
1.70943
1.03885
1.27476
1.34247
1.64212
2.12509
2.11664
1.8484
1.71106
1.87403
1.81938
2.17083
1.39559
2.61103
1.61391
1.84425
1.21962
1.28456
2.33234
1.0319
1.54169
1.25009
1.36804
1.35117
1.70979
0.864708
1.18562
0.998204
2.16109
2.17175
1.89379
1.59346
2.28927
1.72997
2.1695
2.71587
2.50373
1.61537
2.03476
2.25605
0.756602
1.92329
2.07216
1.34378
1.82339
1.70714
1.87308
0.537133
1.11464
1.22647
1.94504
1.87412
2.0575
1.99554
2.03092
2.19332
2.35046
1.27839
1.85897
2.13807
1.967
1.81684
1.92355
3.40817
3.44081
1.81835
1.65938
1.77235
1.51311
2.08553
2.3321
1.94387
1.40955
2.43125
1.9512
2.76999
2.56414
1.95661
2.48997
2.19063
1.22738
1.13376
1.74127
2.22662
1.58379
1.24544
1.45658
1.42994
1.87013
0.853608
1.85233
1.13073
1.63252
2.29531
2.07417
1.3282
3.05732
2.41807
1.943
1.56791
1.67444
2.1917
1.47639
1.61008
1.82724
3.25197
1.64938
2.75699
2.95725
2.09832
2.53271
3.1908
1.29696
2.98731
2.76839
3.87126
3.07343
2.19347
1.78267
2.42104
2.39484
3.05982
2.1299
1.48676
2.1731
2.19663
2.8692
3.25784
2.0379
2.70097
2.48282
3.23538
2.17579
1.64519
2.78134
3.26773
2.86539
2.43243
2.39281
2.61568
2.32062
2.32001
2.50559
2.89261
1.71387
1.60472
1.40721
1.77471
1.44237
2.20091
2.1756
1.73194
2.77505
2.60365
2.54399
2.61986
3.32875
2.56198
3.15006
2.65196
1.74298
2.34724
2.44216
2.68305
2.41785
2.12829
2.30731
2.59663
2.36711
2.69975
2.4551
2.14515
1.69538
2.83141
2.48443
2.58205
2.33827
2.93209
3.49851
1.96407
2.77669
2.47007
3.12192
3.12459
2.56856
2.65772
2.6157
2.77862
2.57759
2.42933
2.35801
2.23928
2.37437
2.24828
2.21475
1.86681
2.71589
2.93266
2.50272
3.27558
2.71655
1.94918
2.545
2.63358
2.54064
2.71451
3.59231
4.05123
3.14232
3.44627
1.89826
2.48665
3.00411
2.87157
3.37383
3.59392
3.87648
3.17389
3.84273
2.1976
3.077
2.92866
2.64956
2.2224
3.26395
2.52388
3.73165
3.77038
3.81287
2.55196
2.03782
2.3091
2.86947
3.20983
3.42781
3.62398
3.2782
2.93036
2.27678
2.00552
2.81501
2.44826
1.97108
2.76954
3.82865
3.06724
2.98798
3.1669
2.61809
2.47595
2.48703
2.57717
2.3238
2.35648
2.76015
1.6199
2.10467
1.88227
1.88323
2.12131
3.14949
3.29926
2.52513
2.41671
2.62486
1.25076
2.77344
1.26665
2.24353
1.90633
1.37238
1.65427
3.03183
2.29387
1.78538
1.87642
2.16947
2.72084
2.24424
2.97867
3.24963
3.09071
2.52859
2.22409
2.71665
2.08914
2.00777
1.90149
1.96164
1.58025
1.65659
2.85742
1.77445
2.05989
1.86365
1.20399
1.73258
1.64727
2.2815
2.86064
2.42023
2.06951
1.30979
1.57326
1.89755
2.23678
1.2273
1.60568
1.03025
1.12907
2.03911
2.3861
2.37069
2.23236
2.95194
2.89739
2.77775
3.84075
2.2962
3.17667
3.05612
2.06004
2.55366
1.15457
1.76595
1.35516
1.89756
2.32468
2.94779
2.20254
2.62365
2.3663
2.70938
1.40562
2.26206
1.50055
0.235363
1.89887
1.37395
1.43301
0.718367
1.73095
2.24489
1.55513
1.42939
2.42197
2.20704
1.60135
1.80331
1.71661
1.87023
1.49576
1.2962
1.26811
2.12804
1.65302
1.48474
1.60231
2.31552
1.39955
0.995558
1.67062
1.86716
1.45169
1.74191
1.64452
1.36624
1.40987
2.2623
2.71161
2.16712
1.40894
1.7317
2.44369
2.14627
2.15117
2.17588
1.84633
2.219
1.53617
1.57366
2.45633
2.03103
1.24274
0.80989
1.37184
1.60421
2.1995
0.302594
1.0255
1.63724
1.75968
1.59219
1.49475
0.917188
1.01075
1.91584
1.18879
0.746044
1.34478
0.274384
1.5531
2.18059
1.96881
2.25442
1.19788
2.30921
2.42516
1.63739
1.79068
1.3414
1.68615
2.98463
2.06454
2.1911
1.01391
1.91718
1.75937
2.02872
1.99926
2.72838
2.55136
1.7682
2.29121
1.9671
2.69779
2.56153
1.1786
2.83776
2.01854
3.1511
2.74107
2.90606
3.32492
2.48333
2.81972
2.17175
1.55986
1.80586
1.68538
2.24288
2.28677
1.75708
2.20149
1.26107
1.15889
0.650901
1.89447
1.74439
1.86647
1.26291
0.612713
1.55269
1.00986
0.86213
0.443041
1.01549
0.767871
1.4531
1.12241
1.30148
1.69116
1.31491
1.64882
1.8935
1.92303
1.23092
1.41884
0.378912
0.998774
1.64956
2.05005
0.89093
0.874397
1.24582
1.58874
1.6502
0.540178
0.377617
1.71265
0.459404
0.703012
0.332551
0.777677
1.65937
0.554152
1.4162
0.535415
0.831633
0.850375
1.08374
1.35616
0.935
1.12367
1.16352
0.951324
0.279264
1.41106
1.59289
1.28141
1.6824
1.71304
1.49798
1.5206
1.42722
2.02369
2.31166
2.08927
2.68237
1.15252
1.08674
1.91827
2.78611
3.19896
2.34514
2.98231
2.81484
1.34204
3.06251
1.64543
1.12075
2.00159
1.42475
1.44238
0.83131
0.873644
1.74402
2.70662
2.19912
1.51603
1.4194
2.41064
2.08435
2.46441
2.03017
1.77662
0.505527
0.312976
0.443598
1.55674
1.40025
1.56283
0.950351
1.49017
1.45505
0.84539
1.27185
0.499835
1.10973
0.146804
1.44086
0.0609015
1.33522
0.566069
1.122
0.268172
0.552456
0.802379
0.957286
1.62827
1.46842
1.03874
1.61482
0.571682
0.4232
-0.111358
0.550646
0.968489
1.71163
1.26557
0.810605
0.860787
1.45684
0.868453
0.0289992
0.311378
0.145135
0.421412
1.46054
1.6711
1.91857
1.38019
1.41965
2.3279
2.73479
1.76134
2.64493
1.85094
2.21314
1.09225
0.469568
0.472027
0.401755
0.77355
0.926543
0.614658
1.85096
1.59045
0.619088
1.01693
0.977828
1.86859
2.44377
2.13282
1.89891
1.97144
1.95216
2.36872
2.12891
2.01079
2.2076
1.41364
2.39157
1.54955
1.73345
1.85637
3.11329
1.98791
2.79442
2.19641
3.61597
3.10754
2.67628
2.41421
1.96851
2.19975
2.55167
3.16931
2.23415
2.20462
2.37137
2.37494
2.37733
2.44699
2.60701
2.79628
2.10141
2.72449
2.76392
1.96905
2.30699
1.60633
3.01154
2.39549
2.55906
2.24697
2.56239
1.5861
1.45621
2.36093
2.48671
3.06917
1.94126
2.42723
2.50977
2.46268
2.43847
1.83202
2.93929
3.61082
3.35014
3.55669
3.02177
2.23266
2.6624
3.08678
3.29695
3.21468
3.3763
3.33514
3.05501
2.94162
3.01706
2.34677
1.8049
2.01066
1.82792
2.23456
3.18655
2.01905
2.96186
2.81768
2.42329
2.15792
2.94859
2.69045
2.0157
2.87696
3.44683
1.62547
2.62982
2.3578
2.66434
2.34944
1.78842
3.03143
1.74404
1.75138
2.90443
3.2402
3.04032
2.86062
2.72282
2.18874
2.11808
2.37309
2.69259
2.85543
2.75868
3.20145
2.84968
3.19635
2.82947
2.54177
2.58324
2.31532
3.11477
2.62135
2.18578
2.42723
1.89717
2.41294
2.70974
2.46747
1.58291
2.68297
3.2814
1.59986
1.83502
1.55461
2.43909
2.82632
1.90589
3.24367
3.32255
3.64718
2.51129
2.75769
2.12202
2.58127
2.86146
2.48264
2.88043
1.56749
1.88853
1.40779
2.13984
1.46785
1.01566
2.27749
1.43877
1.6739
1.11996
2.486
2.57319
2.68952
2.11632
2.18641
1.95891
1.68738
2.46149
1.30135
1.64391
1.49022
0.475537
1.52059
1.80328
0.447527
1.46404
1.0994
1.31069
0.757564
1.09434
1.18072
1.7436
1.99469
1.65652
1.83245
1.23974
1.71013
1.16403
2.20013
2.41133
2.32982
1.92444
1.82526
1.57387
1.61254
1.66591
1.64738
2.44069
2.9344
1.21867
2.01433
0.684901
2.52175
2.38944
2.01521
1.94079
2.61011
2.2852
1.72035
1.41252
2.19838
1.6146
1.33372
1.80521
2.77607
1.96811
1.0075
1.62536
1.76875
2.41312
0.99501
1.39725
1.72611
2.8093
2.34762
2.29655
2.50262
2.03652
2.67963
2.44775
2.44081
2.08017
1.91568
2.19049
2.74786
3.82692
3.19899
2.6912
2.51202
2.44334
2.59483
2.86535
2.98639
