1.76808
2.01405
1.97828
1.92106
3.1089
0.796152
3.04988
2.28728
1.81395
2.31803
2.51535
2.10017
2.37101
2.38304
1.65255
3.87148
2.12044
1.72283
1.18643
2.72765
1.47653
1.83362
1.26391
3.00263
2.29766
2.82693
1.91692
2.10953
1.26183
1.81459
2.80651
2.74196
2.8688
2.51054
4.68241
0.575842
0.951301
2.92624
1.80995
1.9456
2.60266
2.68833
2.77193
2.94559
2.50292
3.39472
2.54512
1.98257
1.83871
1.36585
1.789
0.594717
2.30649
2.7118
2.91374
1.92206
2.66889
3.98041
2.59281
2.87894
2.31553
3.45307
1.65074
2.13507
1.79799
0.472203
1.22145
2.87746
2.00901
1.38039
2.43834
1.57852
2.18738
3.95126
2.45113
2.36698
2.97528
2.86268
1.56173
1.36521
1.12473
2.29623
3.14685
2.1592
2.70982
1.44304
1.92613
2.19663
2.74288
2.28393
2.09929
2.16812
1.34499
2.92888
2.07945
3.08705
2.55656
1.96897
3.49451
2.56626
1.64221
2.89107
2.32199
2.30347
2.53689
1.23079
1.67166
1.98018
2.37344
2.95106
0.815399
2.43423
1.88182
2.56573
1.20362
2.34542
1.44366
2.72453
1.86514
1.41862
0.744456
2.23537
0.74739
1.97444
2.44032
2.67655
1.00429
0.91863
2.27032
1.35947
2.97753
2.06324
2.55737
2.53192
2.44901
2.47204
2.37672
1.70894
1.86889
0.610711
1.506
3.27092
2.60102
2.59997
1.54307
2.14767
3.39738
2.56434
2.18266
3.15157
2.28886
2.76319
2.71228
2.69827
2.08192
1.2383
1.52319
1.79518
2.68798
2.80866
2.61891
2.67442
2.70962
1.44656
2.49292
1.52458
2.36179
2.63638
3.18156
1.41423
3.52805
2.17257
2.56702
1.47226
2.43253
3.02974
2.17884
3.3567
3.13187
1.39681
3.9388
3.26693
1.6276
1.60632
0.610073
1.91017
1.89264
3.61506
1.37108
2.06323
2.59974
1.73355
2.73666
3.16354
2.42456
2.0888
2.11456
1.14315
2.19363
2.31283
1.73626
2.81581
2.32956
2.11002
2.41841
1.19211
3.10366
2.19336
1.09471
1.86917
2.43154
2.27958
1.52893
2.99523
2.61352
2.12496
1.74485
1.1476
2.31178
1.07111
2.0474
1.13885
3.53701
3.37807
2.05484
2.11606
2.30569
2.19081
2.06698
1.67499
1.74267
3.81121
2.00691
2.5288
3.63243
1.88179
2.69046
0.846507
3.06983
2.44607
1.29953
1.8158
3.37609
2.57712
2.03314
1.39594
2.73954
2.71641
2.24236
1.4713
3.33402
2.23127
1.7752
1.23626
2.41155
2.7831
2.18917
0.951093
2.45649
2.11775
2.20575
3.03209
2.32783
1.48765
2.34268
2.16562
3.48316
2.12675
3.37347
2.42794
2.95339
1.56584
1.26202
2.1268
2.58241
3.51115
3.46094
2.44671
2.57173
1.51658
1.85392
2.09367
2.98491
1.81658
1.7806
2.01935
3.82726
3.84591
4.53812
2.43509
2.30295
2.19908
2.49541
1.04496
2.39196
3.71962
1.90121
3.63661
1.83106
2.73809
2.04698
1.45597
2.72746
1.62608
1.75469
2.63365
1.65635
2.69459
1.83831
1.86813
2.13532
2.54983
1.63504
2.1768
1.9732
2.83006
1.80859
1.12045
1.479
1.09787
1.83603
2.56399
2.70302
2.65333
4.10308
2.54859
2.725
3.48666
1.86137
2.09873
2.17307
2.32009
1.43863
1.65459
2.50405
1.7093
2.24944
1.19563
2.27701
2.87378
1.77925
2.12059
1.38135
1.03106
3.25902
2.50152
1.52581
1.34908
2.85694
2.8963
3.20264
3.21729
2.68015
2.90042
2.13543
2.696
0.959129
2.12537
2.01883
1.62691
1.61855
2.37643
2.43775
3.65367
2.44504
1.8429
2.50297
1.9551
1.42132
0.975683
1.85465
2.70205
1.38815
0.806601
2.34811
1.64741
0.092085
2.85525
3.38774
2.61607
2.02077
3.4796
2.49174
2.51409
1.98843
1.04197
3.61167
3.28212
2.10883
2.0115
2.88952
0.139236
2.87609
2.1565
2.20144
2.54121
1.94048
1.35737
2.16636
1.29141
1.08624
2.62073
3.01503
1.20245
3.45626
3.17547
3.70613
2.5721
2.14328
2.80359
1.651
3.01155
1.88116
4.44129
2.11507
2.65856
3.77628
2.2914
1.40931
2.97676
1.49233
1.29638
2.67572
3.73427
2.75323
1.80478
2.16536
1.72486
2.15436
2.21297
2.62329
2.95102
0.993293
2.74592
2.28163
3.18973
3.33864
2.74239
2.08839
1.99227
1.84249
2.49343
3.58948
2.30168
3.64343
2.45695
2.32861
2.16254
2.72443
2.97528
0.965418
1.76681
1.93956
1.94019
2.9055
1.57188
2.4471
1.4119
2.09633
1.80372
2.95832
1.7534
3.07705
2.50092
2.41682
2.5893
2.02736
1.60272
0.962983
2.34806
2.52274
2.31913
2.12811
2.89816
2.78761
2.7261
2.22226
1.77563
2.14753
2.49833
1.60277
0.992287
2.21184
2.47181
2.74569
2.15237
1.76338
1.93257
2.48956
3.57281
2.24155
1.6953
1.1751
2.92901
2.2085
2.15024
1.80846
2.30748
1.43516
1.95842
0.836748
1.2101
0.942993
3.34235
2.26149
1.62376
2.92322
2.40854
1.95054
2.74722
2.50778
2.47358
2.17124
3.96927
2.95373
1.91935
2.17628
1.77296
2.73567
2.88579
0.885335
1.84897
2.4197
3.69176
2.04557
2.95026
1.98034
2.50858
1.261
3.57222
2.85953
2.56379
2.64302
1.31197
2.38057
2.84425
2.77869
1.83982
1.71324
1.71933
2.16207
2.08461
2.6568
1.44304
2.1631
2.81794
2.64339
1.93172
3.05966
2.20786
1.65551
2.96271
2.44818
3.06304
3.30316
2.32896
0.379527
2.78999
2.32095
2.76406
1.08379
2.33636
1.62841
2.53583
2.71975
2.34433
2.03147
2.05663
2.92923
2.14272
1.5982
2.37861
1.49809
1.9733
2.49469
2.34753
1.45839
3.25702
2.68546
2.8476
2.69345
2.57821
3.26742
2.66269
2.45334
1.32565
2.8595
2.00308
1.49655
1.99264
1.47769
3.52166
1.47439
2.54356
4.36963
3.96742
3.15155
1.2153
2.94171
1.51032
2.95735
2.29874
3.50421
2.461
1.99531
3.16457
0.882729
0.593198
3.29267
3.70957
1.89713
2.58765
2.29112
1.32242
1.60322
2.84466
3.22713
1.89771
3.54822
2.06248
1.3193
2.12023
3.71854
2.33401
2.27134
2.70059
1.81219
1.84942
2.49941
3.11192
2.31029
2.33458
1.45512
2.95327
2.78628
2.07744
1.33046
3.0776
2.42441
2.5657
3.52126
1.60925
1.9066
1.26994
1.64358
1.50665
2.58244
3.1825
1.96924
2.52423
1.70172
4.04063
1.87973
2.17646
3.15837
2.19141
2.03084
2.06821
3.07125
3.02593
2.35289
2.71278
2.3308
2.38718
2.24744
2.55747
1.00937
1.75454
1.67754
0.769272
2.0826
2.03539
2.24999
2.97657
1.93251
3.21663
2.06544
3.08997
0.871932
2.28923
1.64843
2.45094
2.27129
1.58403
3.20868
3.27289
2.49097
2.32609
2.75767
1.59241
2.89366
2.518
1.83808
1.75428
1.71878
1.42269
2.22522
2.06901
0.439971
3.19048
2.32922
2.98894
1.00014
1.85822
0.890846
1.80176
2.36774
1.41629
2.06939
2.7287
1.8144
2.20411
3.09384
2.74552
1.85276
2.26486
2.08475
1.07226
1.90032
3.67577
1.47862
2.72535
3.24154
3.49964
1.95618
2.1238
1.48922
1.90847
2.03017
2.40192
3.173
2.8066
1.1966
0.225832
1.85322
2.82944
2.87224
0.338236
1.97403
3.1074
1.88479
2.98212
2.14787
2.75954
2.94282
2.42206
1.45426
0.517141
1.98087
1.99172
2.84513
1.59868
2.97451
1.47293
3.17571
2.81604
1.07683
2.03672
0.665375
1.17416
1.07909
2.29607
2.41459
2.11519
2.85964
2.06892
2.49668
1.70656
3.48429
1.92496
3.10273
3.02682
3.49264
2.78914
1.77131
2.56327
3.17878
2.38147
1.15471
1.344
2.69102
1.07417
2.12818
1.46834
2.80826
2.23676
1.07132
1.26262
1.6538
1.91964
1.853
0.309382
2.40646
1.33714
3.27022
0.873022
2.47753
2.1015
1.60468
1.3632
0.718082
1.4567
1.6869
2.64957
2.23403
1.89227
3.21497
2.85109
0.952235
2.86427
2.00635
2.94373
2.52055
2.64036
2.99169
2.45154
1.71768
1.54981
3.15788
1.47242
1.00442
2.01188
2.26205
2.63808
1.92712
2.62296
3.35043
1.31317
1.4114
2.0443
1.57771
1.47282
0.998175
2.40186
2.24088
2.69205
1.96118
2.60186
2.17675
2.87131
1.73807
3.15375
2.1724
2.73971
0.867216
1.35167
0.940375
1.9885
3.37981
2.29732
4.03975
1.40893
2.03289
2.39209
2.50866
3.11549
2.06012
3.20142
1.26641
2.55004
0.70425
1.96002
3.65187
2.53507
1.97747
1.9313
2.57859
1.89282
3.53777
1.6327
3.11663
2.48217
3.32633
1.8155
1.43676
1.77113
2.00047
1.50604
2.89184
3.2809
2.62222
2.79657
2.3958
2.3363
1.53993
2.48773
2.92438
1.17868
1.0286
2.56253
2.23832
2.24795
0.794843
2.38248
2.36307
2.60372
2.63759
2.02395
1.47212
2.38758
0.934359
1.95116
2.27611
3.05986
2.7356
2.31428
2.3029
2.1658
2.2109
2.4446
3.17503
3.46687
1.98548
1.86884
2.00186
2.8022
3.03623
2.32979
1.9614
1.55757
3.20083
3.16986
3.42142
3.41716
2.66389
2.25304
1.661
0.813049
0.803929
2.55617
3.66117
2.55421
1.50681
2.37958
1.16013
2.45702
1.82785
1.71887
2.77015
2.22086
2.03362
1.73456
3.28843
1.69493
1.56933
1.78524
2.59227
2.90803
2.37097
3.82408
2.8169
3.72074
2.1762
3.2146
3.00521
2.67556
2.8228
1.79978
2.17551
2.58192
2.22561
1.6245
2.73741
2.41449
2.5476
1.83296
3.68179
1.61509
1.81911
3.01824
1.86742
1.58289
1.21774
1.4165
1.97316
2.12868
2.65338
1.44308
2.23779
1.10168
2.67843
2.93465
2.13183
2.09363
2.58593
2.66277
2.11848
3.14031
2.43475
2.48045
1.62964
1.93293
2.58651
1.74251
1.08527
2.60946
2.07861
2.41303
2.56663
2.15938
3.167
2.31815
2.65362
2.29003
2.32283
0.645553
3.23911
3.13308
3.16086
1.7173
1.65977
2.20747
2.33639
3.7101
2.33253
2.92296
3.30529
1.46006
2.50974
2.5132
2.41972
2.51099
2.81292
1.99129
2.06107
1.85292
1.97139
1.60727
2.00308
2.66165
2.26673
2.38351
2.30791
3.50358
2.02902
2.73224
3.12351
3.63034
3.22944
4.47943
3.14836
2.1509
0.991569
2.56667
2.02776
2.76026
2.14363
1.91206
1.89939
3.39064
2.10841
1.81479
3.39269
1.65853
2.8795
3.56389
2.22562
3.0604
2.56757
3.04876
1.8259
4.41325
2.07059
1.19586
2.51899
1.92316
2.24435
2.86329
2.2826
1.21845
2.03167
1.95277
3.03914
2.12588
2.53816
2.12795
3.11202
3.19923
3.95513
3.49793
1.69769
2.59917
2.52046
2.20548
0.344975
1.2295
1.8046
2.18635
2.68147
0.406295
2.96562
2.83838
2.70082
2.51768
1.57306
0.929725
2.73608
1.04613
2.04859
1.78099
2.46141
2.29122
0.738225
1.72941
3.14609
1.39722
1.11501
1.67407
1.66691
2.71769
2.51013
3.8457
1.96779
1.87784
2.60049
1.58855
2.28259
3.10935
3.28744
0.568686
2.14476
0.899242
2.58112
2.79251
2.43534
2.58119
1.7435
1.3505
1.73352
2.01596
1.13239
2.67947
1.08115
2.16515
2.60239
1.72277
0.730003
2.33014
0.877173
1.8895
2.45541
2.10723
2.54449
4.40638
2.80338
2.14006
2.07392
1.89247
2.32641
0.178643
2.13587
1.95488
0.360668
3.12804
2.00811
2.31084
2.513
2.08645
2.44089
2.6928
3.23589
1.19854
1.53247
2.52368
1.48029
1.76027
0.934808
2.60122
3.4281
1.4798
3.06472
2.09031
1.27659
2.57732
3.16804
2.74348
0.890109
0.413507
1.17749
2.48331
2.25012
2.49638
3.31673
2.99011
2.16045
2.40405
2.73617
2.06676
3.3163
2.63613
1.47078
2.21551
2.65364
2.12666
2.95799
2.4867
3.05189
1.81395
0.993389
2.37903
2.12206
2.53562
2.19097
2.80935
0.849512
2.3172
2.05375
1.85347
1.10702
3.44989
1.65126
1.99662
1.86103
2.01927
1.41538
3.36663
2.50547
1.57185
3.85101
1.81804
2.99921
1.59484
2.15639
1.5831
0.712509
2.54433
2.17788
2.40166
2.17889
2.38526
2.22314
2.02303
3.22363
2.60132
2.14248
1.62384
3.31997
2.13593
1.91513
2.97525
2.41924
3.51951
2.33856
2.38195
2.51639
2.03193
1.40282
2.26428
3.43226
1.85369
0.928368
2.16649
3.08483
2.50634
2.06913
1.84885
2.6715
2.59758
2.69009
3.01712
2.31673
2.15227
3.02066
2.19105
2.10427
1.57018
2.25739
1.82188
1.37943
2.22272
2.47387
2.41962
2.83898
4.23285
1.61938
1.22394
1.7459
1.1521
2.22066
1.22771
1.80851
2.17898
2.94761
1.85494
2.13862
2.8715
1.3724
1.55558
2.51355
1.82259
1.75159
2.83741
1.6786
2.99314
1.55987
2.38995
2.25627
2.06333
2.16937
3.08674
1.70898
3.94868
1.38798
1.95451
1.64207
0.695646
2.13483
2.88986
2.86217
1.83128
2.66911
1.36064
2.89864
1.66466
1.83599
2.38231
2.07665
2.4493
1.03663
2.70485
1.04384
1.13041
1.00642
2.43814
3.74192
1.91429
3.71089
3.34671
2.28078
2.95183
1.73445
1.97637
2.66649
2.55313
2.34248
1.29183
2.29756
1.28606
4.12924
1.90147
1.08223
1.45
3.04697
2.4994
3.77576
3.27278
2.18493
2.5557
2.67417
2.32148
1.63596
2.58449
2.81185
1.97505
2.2721
2.63081
3.72235
1.7911
1.66448
2.16445
2.22807
1.76346
2.18709
1.87783
1.97614
2.21132
2.13095
1.03738
0.292285
1.88053
2.80459
2.31986
0.961945
1.14883
2.3867
3.66941
2.35976
1.75719
3.45527
2.15677
2.01101
3.57389
2.56619
2.31141
2.37644
3.35161
3.04421
2.35268
0.872639
3.27638
2.20464
2.24281
1.06389
1.19159
2.06688
3.15258
1.92869
2.77047
2.0367
2.01913
1.24517
1.55925
2.06183
3.25517
1.94564
0.565222
2.36048
1.82844
0.96926
1.97642
3.16964
2.1824
1.73882
2.45398
1.34999
2.12148
2.10647
2.14397
2.30465
3.33015
1.79199
2.5014
1.73444
3.38277
2.08195
1.57386
2.24537
1.38588
1.56839
2.45352
2.45184
1.58135
2.67332
1.5448
2.83207
1.29492
2.21241
2.5289
2.1233
1.83129
3.80916
1.4432
1.63484
1.41155
2.62405
1.70237
2.70878
2.06701
0.837565
2.15472
2.54933
1.8303
3.47903
2.67475
3.39146
2.33235
2.1352
2.37946
2.84414
4.66501
1.31748
1.63218
2.31306
3.32108
2.35628
1.85831
1.66802
1.29876
1.78858
1.20298
1.22356
2.06412
2.61553
1.13876
2.8773
0.198236
2.52963
2.12571
1.66594
2.17476
1.18558
2.71767
2.49288
2.76105
2.02511
1.10693
1.62558
1.52511
1.23043
2.25391
2.46992
2.48125
1.81296
3.41834
2.71
3.33615
1.43668
2.14755
2.15408
2.5134
2.60233
2.74932
2.58958
0.950061
2.99267
1.21132
2.22009
1.39004
1.6405
2.32179
3.68417
2.96047
3.88381
1.81228
2.2253
2.09205
2.03445
1.68078
0.957209
1.97643
0.803965
1.20882
2.20426
1.42753
2.48176
2.52478
2.92713
2.3392
2.15707
1.50401
1.68606
3.31922
2.54046
0.588208
1.29039
2.55187
3.2361
4.15617
1.50677
1.45705
1.70507
1.90334
2.58716
3.07184
1.53666
2.22274
2.22572
2.28137
1.58452
2.13056
1.62498
1.98378
1.39672
2.4128
3.06215
2.95602
2.93465
2.10984
1.82258
2.58903
1.99972
2.35641
2.99931
1.31807
3.09324
2.82738
2.97797
3.52683
3.48459
1.96406
2.78429
3.33855
3.00919
2.19883
1.32156
2.08678
2.81473
1.65688
0.893976
3.07223
1.03604
2.7431
2.287
1.48429
2.19402
2.07246
1.50965
1.71278
1.88168
3.10754
3.6301
3.26436
2.43832
2.12775
2.39927
2.27289
3.40306
1.04137
1.88982
1.76938
3.06653
2.26965
0.796962
2.21841
1.71236
1.82774
2.79019
2.32053
2.79044
1.18802
2.38961
2.35
3.10427
2.34009
1.10905
3.07768
2.01286
1.62458
1.816
1.68794
2.31594
1.67783
1.59781
3.82816
2.70099
2.27315
1.71089
2.07537
1.26477
1.58272
2.08544
1.17862
2.43515
4.00487
1.77916
2.0985
1.84525
0.740195
2.20554
2.86422
1.83869
1.71936
2.68473
2.02033
1.64932
1.29469
3.01147
2.32023
1.10614
2.93305
2.26795
1.85405
2.48444
1.18351
3.21124
2.48671
2.51161
3.57333
2.10591
2.62509
1.54074
1.87089
2.38654
2.1734
3.96324
1.21351
2.70782
2.85229
1.65963
1.73161
3.36454
2.87604
2.09938
3.58998
3.9572
1.94692
2.74367
2.46282
2.52211
1.83935
1.31557
2.18139
1.90484
2.2221
2.90548
2.25674
2.74824
2.24865
2.07302
2.09968
2.18097
2.56749
2.21305
1.65652
3.30578
2.0067
1.5095
3.14063
2.21788
2.10251
1.20912
3.42686
2.0559
1.29145
2.00464
2.23555
2.97554
2.25016
2.27535
1.17135
1.92898
3.02195
2.1115
1.30928
2.9546
3.04323
2.20045
2.98672
1.48127
2.50067
1.96869
2.94781
1.67681
2.88059
1.9543
2.97651
1.64556
1.10418
2.93106
2.11965
3.40357
3.12494
2.11255
1.80695
2.52435
1.31409
1.21639
1.29035
1.31248
2.47895
2.37869
2.33586
2.8576
2.27737
2.81915
2.92264
2.37187
1.39502
3.35878
3.80601
1.36855
2.39366
1.68755
2.54782
2.53064
3.76029
2.39299
3.14732
2.14362
3.13393
2.83603
1.62769
2.18496
2.72775
2.5017
2.3881
1.48942
2.27306
2.91268
2.72197
3.1691
3.11783
1.80906
2.81847
0.626979
1.4821
2.15207
2.08108
2.5186
2.397
1.70438
0.503851
2.37099
0.927233
1.41259
1.78195
2.4274
2.72918
1.64826
2.41186
2.58546
1.96241
2.25895
2.03767
1.84275
2.29768
2.38404
2.55718
3.88347
2.03421
2.60965
2.34801
3.18252
3.06708
2.27759
1.72201
2.93596
2.70627
2.08605
2.62304
2.90902
1.87863
2.82891
2.78842
3.5842
2.25021
2.91318
3.72128
0.918216
2.33343
2.75429
2.67082
3.37269
2.89739
2.90177
2.87909
2.30629
3.99726
1.33366
1.40007
3.36771
2.88033
2.82832
1.26725
3.04607
2.45605
2.20933
2.04587
1.65094
2.58194
2.18644
2.37505
2.86076
2.13546
2.13664
2.64894
0.954892
2.29831
1.8577
2.78246
2.65039
0.636543
2.30593
2.70387
2.09628
2.13712
1.25758
2.63246
1.05234
2.56558
2.4021
2.20978
2.38905
2.40348
3.30492
1.2984
1.50511
0.961276
2.69366
1.52629
1.0126
2.24061
1.02914
0.584661
2.97078
3.18357
2.88219
0.799015
1.49635
3.20804
2.80687
1.99103
2.67678
3.0514
1.32032
2.20869
2.38541
2.93962
2.06478
3.45733
2.65519
2.96329
0.320606
3.21291
3.8235
1.22151
2.87035
2.6289
2.81683
2.51139
1.55973
2.07843
2.32164
1.39287
2.9186
3.37624
4.55688
2.37825
3.55326
2.25639
3.38078
2.57396
2.94227
2.6514
1.31094
1.73127
2.1031
2.71447
1.74883
1.84978
3.06512
1.8595
2.79598
1.59902
2.41059
2.77434
2.17778
2.73396
4.04306
1.08971
2.33516
1.48184
2.67473
2.19483
2.47125
3.12221
1.38473
2.4233
1.86951
1.95112
2.15137
1.04377
2.60632
1.31822
2.25164
3.43117
3.33085
1.72163
2.24403
3.04622
3.2184
2.39096
2.24616
3.1638
2.76562
1.52439
1.75038
3.16653
2.3758
1.80714
1.40984
2.64179
2.16708
3.89673
2.92462
2.69729
2.57092
4.29389
2.57983
0.934414
1.3743
2.81096
2.51259
2.7791
2.03002
2.18318
2.29651
2.30877
2.33058
2.88346
1.78801
2.11172
0.758323
2.2274
2.68237
1.71081
2.45917
2.22542
3.66906
1.69712
1.98138
2.20195
1.71264
1.60782
3.11872
2.51571
2.86693
3.52131
2.41074
2.09199
1.48127
1.40731
1.6594
2.0589
3.09879
1.81081
3.62571
1.80585
1.53755
2.63159
2.34441
2.673
2.59023
1.07354
2.25115
3.4424
2.55601
3.36011
1.80106
2.47592
3.18237
1.9628
1.19596
1.95471
3.50882
1.86655
2.32085
0.96166
2.04858
1.91405
1.02966
2.15594
2.70368
1.38572
1.97267
2.37395
2.19551
1.97171
3.52166
1.27984
1.84785
2.44877
3.72457
0.798021
1.64704
3.0047
3.16595
3.75694
1.27913
1.70328
0.692205
2.08808
3.22277
2.37719
1.57345
2.19364
1.92413
1.60329
0.661677
2.34028
2.37325
2.11075
2.28507
2.26206
1.98519
1.10105
1.95149
2.01764
4.19194
1.23619
2.75697
2.54171
1.81616
2.90232
1.66768
1.53469
1.84412
3.31655
2.55182
1.03584
2.29847
4.41521
2.50839
0.934982
2.66217
1.23426
1.22274
2.64638
1.16932
1.62869
1.46252
1.46471
2.68104
1.91383
3.02367
1.17156
2.9846
3.36262
2.72296
3.29453
1.25932
1.72172
1.93946
1.95317
0.889826
2.75252
1.73803
1.96376
1.92792
3.12465
2.54179
2.74378
3.06559
1.80868
2.49189
0.0930758
2.95443
1.87868
2.65588
2.86023
1.19121
0.10433
1.91441
1.97602
1.98884
2.93336
2.52853
2.81634
1.27057
1.38683
3.27141
2.85797
2.74483
1.52763
2.47942
2.01135
1.69967
3.20933
2.63475
2.30876
2.82539
1.81059
2.16566
1.85887
2.7985
2.06572
1.65378
2.17574
3.39665
3.11899
2.57886
3.4052
3.4426
2.24518
2.26057
2.73022
3.62429
2.16287
1.10579
2.01266
2.46912
0.69487
3.23659
1.55209
2.0871
0.686045
2.79266
1.74744
2.47875
1.78688
2.68804
2.15588
1.92066
1.97569
0.796391
0.245218
2.20561
3.55361
2.49477
2.11215
2.3184
2.68774
1.34279
2.33086
2.60445
1.69699
3.00146
2.73669
2.14107
1.51064
1.72201
1.69621
2.72992
2.27549
2.72499
1.816
2.73506
1.9755
2.80024
2.51472
3.64585
1.38739
2.92361
2.06902
1.49837
3.06367
1.68446
2.08221
3.08204
2.38913
1.08694
2.40793
2.13639
0.501918
0.842684
2.41666
1.89991
2.78657
3.05698
2.30429
3.01454
2.41193
3.53294
1.90227
1.2911
2.22576
2.65791
2.73678
2.23536
3.03569
3.94939
3.07244
2.43083
2.55644
1.52216
3.25676
2.65202
2.29696
0.8891
2.70901
2.32755
1.44164
2.16167
2.89032
2.55469
1.4393
3.50575
1.8248
2.73897
1.01292
2.08908
2.13311
2.79903
1.56673
1.76204
0.991996
3.71727
2.61992
2.1421
2.37551
2.08751
1.61769
2.38134
2.52578
3.56459
1.5143
1.83083
1.38497
2.16307
3.16903
2.19983
1.54692
2.66509
3.73112
2.2805
2.72383
1.9887
2.33072
2.15786
2.63585
3.93677
2.61862
1.77131
2.31677
2.33726
3.12597
2.79767
3.23133
2.08746
3.22508
2.61043
2.64563
0.644116
2.5661
3.09017
2.37885
1.72227
3.17528
1.55082
0.872367
0.891772
3.45383
3.07935
2.56963
3.48261
2.37414
2.4841
2.49297
0.350003
2.56274
3.31376
1.89772
0.507816
1.20985
2.26545
1.27375
2.76855
2.65076
2.75167
2.4103
1.03515
1.36661
0.446793
3.23431
1.67863
1.95921
3.04064
2.47344
2.37261
2.75762
1.46844
1.41749
1.33533
2.26809
3.60774
1.27125
1.39294
3.25322
2.43723
2.24533
1.24615
1.97059
1.72448
2.80596
2.29314
3.11913
2.62091
2.19931
1.4625
3.42623
2.67427
2.60998
3.48192
3.19602
2.95671
2.50123
3.34221
2.86314
2.09503
3.40338
1.76802
3.53416
2.05806
2.15466
1.06205
2.55448
1.99856
3.02738
3.08206
3.76217
2.73237
1.90955
1.55106
1.58372
2.25934
2.1033
1.88785
2.30269
1.9134
3.46599
2.56631
2.22521
2.25539
2.9769
3.10389
1.48432
3.20866
2.58043
0.330868
1.35895
1.74504
2.58064
3.51119
2.71665
2.38522
3.11186
1.9399
2.10123
1.1165
0.831165
2.15746
1.98974
1.72516
2.54583
2.64888
2.84303
2.61539
1.80266
1.3542
3.03544
2.36941
0.539094
1.66474
0.970236
2.70982
1.90217
1.62905
2.00216
2.61032
2.80197
2.09721
2.18693
0.66137
2.78977
2.0776
1.36975
2.07177
1.90554
1.8763
2.42798
3.7228
2.37742
3.58697
2.57175
0.766807
2.20157
2.08051
1.69868
1.97972
1.30469
1.14643
1.78496
1.06058
1.87058
2.08137
0.3751
0.766256
1.55074
1.60165
0.37326
2.03807
1.80505
0.920307
2.97408
1.41405
2.46895
3.20559
1.83431
1.92627
1.86033
1.66783
3.83149
1.20201
1.4041
2.12136
2.33548
3.29104
3.04173
3.01506
2.43223
2.073
1.96126
1.46443
1.2506
1.50887
2.24947
3.63782
2.51134
2.88227
3.0613
1.58115
2.60401
2.66617
2.29902
0.871621
2.84227
1.74693
3.06054
1.5277
1.30597
2.29857
2.49218
2.96783
1.99632
2.03699
1.75907
3.4476
2.37204
3.40274
4.51113
2.92605
2.50628
3.24531
1.56035
2.73079
2.53841
3.09965
3.06967
2.74107
2.25743
2.066
0.72656
3.21713
2.62143
2.32187
1.83355
1.77642
1.60609
1.45742
3.49815
1.4685
2.27002
2.0044
2.66038
0.754468
1.9851
0.913083
2.86012
2.83337
3.96699
2.39451
1.52704
1.87222
1.41297
3.0916
2.79621
2.0096
3.39366
2.38645
2.34617
3.01303
2.03626
3.65639
1.74419
1.27326
2.26912
1.6002
2.68818
2.65579
2.18114
1.55945
1.7503
2.00946
2.78278
2.92664
1.37648
2.79544
1.55349
1.46706
2.80919
2.64971
1.84329
1.33384
-0.0780634
1.01906
1.79969
1.786
2.15012
1.22513
0.985781
1.93994
2.41413
4.19272
2.41826
1.89205
1.26016
0.860176
1.56964
3.61645
1.09313
1.50391
1.76719
3.15696
2.37319
3.80545
3.01246
2.62235
2.38303
3.13629
3.35639
2.33499
2.36118
3.67595
2.48338
3.43699
2.37266
3.85855
1.85859
1.28184
2.86115
1.62838
0.940356
1.60716
0.953505
1.66339
0.850844
2.07642
1.35803
1.68034
1.95255
1.86338
1.61764
1.5328
2.80037
3.71238
2.24415
2.49737
1.43851
3.07539
1.63747
2.9672
3.07234
2.31533
1.47132
2.1639
2.01219
1.35014
1.40687
1.41384
2.13066
3.7647
1.12872
2.94914
3.20878
1.75503
2.13354
3.24735
1.18487
1.32418
3.22978
2.11518
2.216
2.16955
1.8547
1.61334
2.23324
1.47357
1.73292
2.6947
3.40579
1.7489
4.14582
2.48486
1.99102
1.61227
2.99543
1.84152
3.19581
1.93872
0.922298
2.6862
2.2793
1.41695
2.69394
1.65065
3.03014
2.32265
1.86523
2.60278
3.52165
1.87651
1.46429
-0.153549
2.55088
2.05712
1.60905
2.58712
2.15253
1.48347
2.12767
1.8726
2.29939
1.88535
3.48506
3.39725
2.56676
2.63288
2.07223
3.13752
2.57518
2.69789
2.68887
1.99691
1.50064
2.20663
1.86692
2.32921
1.83072
3.48921
3.05943
2.4247
2.52556
2.10054
1.79129
2.03936
1.91535
2.77928
1.31196
3.27251
1.23063
0.99003
1.11113
2.95723
2.0296
1.91127
2.72209
2.34616
3.18432
2.5411
1.98021
2.6578
3.78924
1.46287
1.82509
2.86477
2.88453
0.969266
1.38515
3.77064
1.05682
2.41951
2.50201
1.74556
2.87468
2.59338
3.12802
1.81198
2.23224
0.940761
1.74169
2.16153
1.2173
0.799677
1.39496
2.42878
1.50092
1.86765
2.30026
2.00918
0.681717
3.06322
3.3815
2.14853
1.73666
3.32473
3.14575
1.37872
2.54665
2.1555
2.47529
2.05404
2.28696
1.0432
3.31823
3.37773
2.92029
1.551
1.04915
2.35987
2.77911
1.93586
2.93123
1.59765
2.01228
3.07801
3.89401
2.76831
2.62263
2.50094
1.30114
2.62275
2.62154
0.211667
0.701874
1.80269
1.87061
1.82401
2.78914
0.71544
1.95413
3.05893
2.92776
2.76966
3.41768
3.00413
3.26525
2.95321
1.58447
3.05615
2.51959
1.87222
1.80997
2.46281
2.36655
2.25525
2.82889
3.55111
3.22832
2.58247
2.59717
2.6615
3.26075
2.90546
2.23784
3.06995
1.59304
3.7697
2.88657
1.48741
2.19281
2.35208
2.51941
2.43589
3.06462
1.78727
3.68597
3.10072
1.63537
3.04333
1.77345
2.06147
1.45216
1.30464
1.83804
1.42297
1.5041
3.42776
2.03285
2.30853
1.73592
1.25263
2.102
1.79932
1.72076
2.79735
2.95878
2.90016
2.69479
1.77962
1.8548
2.92236
2.47932
1.57305
2.22547
3.38834
2.06887
1.13369
3.68169
1.7376
1.45267
1.11145
3.30606
1.90274
3.20821
2.47112
2.40883
1.08022
2.67745
2.88349
3.02662
2.58276
1.9015
2.61379
2.72084
2.98494
1.83773
2.52546
2.04012
1.69025
2.88482
3.77391
1.8344
0.592092
2.74381
0.941388
1.25564
2.14877
1.62921
2.34339
1.21041
2.9461
2.81339
2.18475
2.78929
3.23635
1.9451
2.66436
1.86786
2.16156
2.32548
1.61946
3.25774
2.46161
1.57378
1.29096
1.59155
1.85971
1.72795
2.07241
0.469517
2.5402
1.40193
2.30034
1.64585
2.48514
2.58305
3.04144
2.13692
1.79104
1.5425
2.42932
3.41928
2.54058
1.43316
1.33402
1.64161
2.60472
2.75359
2.90061
2.20197
2.06044
1.83894
3.17205
2.56897
2.39348
1.98135
2.41023
2.64512
1.12327
1.83568
2.78512
2.72101
2.29379
2.19196
1.32232
2.9281
2.79328
2.49133
2.49193
2.06015
2.32098
3.62145
2.35116
2.62141
1.08238
1.80059
2.43985
4.57101
2.63318
2.71185
1.50216
2.32982
1.52824
2.94593
2.24404
1.85
2.21429
2.38883
2.10858
2.51738
3.10027
3.80605
1.89967
2.22762
1.91487
3.03953
0.72607
1.53975
1.17426
1.92838
1.47439
2.77463
2.22863
1.78101
2.8883
1.89483
2.6975
1.22039
3.01428
2.35726
2.91703
1.31222
2.6285
2.35651
2.74091
2.65948
2.51555
2.89124
3.08426
3.97807
1.28083
2.69482
2.61482
1.99823
2.43827
2.21056
1.54054
1.2305
2.0856
1.92596
2.48968
1.65714
0.181735
2.38172
4.19977
2.45969
3.2239
2.68085
2.90501
1.76037
2.14095
2.60921
2.83691
2.09124
2.85285
2.05586
2.66983
2.32176
3.76194
1.92048
1.55935
1.98337
3.38792
1.08539
2.53992
0.80379
1.47508
2.15137
2.05528
1.84197
3.78194
2.32353
1.66311
3.33368
1.31515
0.689571
1.33075
3.35747
4.7006
2.65375
3.79742
0.923706
2.06963
2.45331
2.42156
3.41361
2.45936
1.66468
2.31473
1.64294
1.81835
1.24408
2.65918
2.8965
1.95966
3.01713
2.94697
1.82943
2.87678
2.8007
3.3023
3.1088
2.74184
1.84036
2.99668
2.76786
1.85676
1.85279
2.3249
2.61005
2.36841
1.80591
1.97034
1.01596
2.66313
1.79443
1.328
2.74721
1.66736
2.07907
1.93002
3.05679
3.60583
3.62747
2.2142
1.95106
2.01921
2.85887
1.82766
1.51813
2.5204
2.55327
1.70234
1.61385
2.63517
3.11174
3.05382
2.51953
1.67658
1.44382
1.71253
3.48512
2.03164
0.831956
1.96289
2.31242
2.83419
2.4718
2.82694
0.729384
2.43775
2.26688
2.96868
3.76993
2.38244
2.29795
1.50025
2.36978
1.6728
2.43126
3.88581
2.20361
2.89096
4.00682
2.50478
4.33905
2.82888
1.54306
1.79057
2.05668
2.85998
3.16022
3.40077
1.63378
1.9289
1.51497
1.62264
3.92471
2.72394
2.61932
3.05478
2.20361
1.28921
1.40644
1.71919
2.97996
3.30204
1.764
3.04064
1.11976
2.49715
1.64958
1.57337
1.85759
3.56168
2.08491
2.07484
3.58005
1.03114
2.44402
-0.25161
1.63014
1.83328
3.24655
2.1937
2.43119
3.46661
3.18458
1.47589
2.43839
3.79975
1.8766
2.37176
3.78002
2.5926
2.0503
2.3816
2.03089
1.48747
2.29326
2.66615
2.6551
1.9912
1.58629
0.121442
1.56755
1.83531
1.59667
2.72795
0.595179
3.33024
1.85388
2.79768
3.01955
3.27293
2.75027
2.81242
2.20279
1.36364
2.08541
0.498893
1.65267
3.21978
1.63649
1.74373
2.03648
2.24177
2.70327
2.0192
1.93481
2.72826
1.54547
1.35112
1.07613
2.57833
2.48006
2.09861
2.21235
2.93434
2.08516
2.84446
3.17333
1.91102
1.35516
3.46091
2.24231
1.30079
2.56535
1.33367
3.34889
3.02712
2.52156
2.53382
3.10911
3.32832
1.68715
2.78225
2.64823
1.62006
1.91182
2.40019
3.3547
2.88544
2.16466
1.10711
1.51072
2.69562
2.18174
1.94356
1.36377
3.34054
1.1206
2.95017
2.53028
2.9937
1.8597
1.97944
1.45874
2.30354
2.19551
3.07203
3.51219
1.70654
3.6943
2.5475
4.09632
3.43316
3.13704
1.37351
3.017
2.94589
2.77836
1.75709
2.32065
2.70593
5.02263
1.1498
2.76769
1.13758
0.894258
0.620686
1.80557
0.00692731
3.15218
0.291129
1.39324
2.12144
1.40149
2.04987
2.20764
2.91268
2.31529
3.0326
2.0548
2.42657
3.02092
1.82508
2.10578
1.9328
1.75277
2.97438
3.23019
3.48579
2.09817
2.95824
2.46173
1.10643
2.08865
1.54557
0.629961
2.05755
2.99736
2.71976
2.26096
1.36771
1.89294
2.45874
2.06602
1.73438
2.98339
3.35568
1.88555
2.0671
2.01796
2.61127
1.9937
2.04345
2.26401
1.88605
2.64116
0.589535
0.424943
1.4458
1.95058
1.34497
0.903338
2.60491
2.40399
2.20113
3.59942
2.70132
1.51227
2.89652
3.76498
2.51718
1.8079
0.959164
2.94048
2.28243
1.71202
2.52941
2.17035
1.53461
2.9879
1.8237
2.10006
2.70552
2.37531
1.9462
2.77948
2.9845
2.98823
3.28368
1.76535
0.393651
1.92594
2.40324
3.35571
3.42254
1.90769
2.43328
2.67581
3.97658
3.72128
1.09607
1.52391
2.89665
3.25469
1.73104
1.15927
2.48516
1.55634
3.69013
2.18399
3.36282
2.53898
1.63135
2.76867
3.60736
1.11914
1.67585
0.958221
2.2702
1.05223
2.55469
2.13396
2.28375
2.19163
2.17794
2.5583
1.62755
1.84526
1.66053
2.1841
2.22355
2.42386
2.16566
2.49928
2.54357
1.86285
1.7187
2.55328
1.79602
2.65803
3.09594
3.18443
2.32619
2.26961
1.88499
0.447477
0.839413
1.6895
2.87718
2.78624
1.51679
1.76732
1.23988
1.7443
1.53302
1.86847
2.92593
0.82716
2.02202
0.938012
1.82434
3.22344
2.585
3.27302
1.8134
2.73162
1.73199
2.42303
1.7926
0.440712
1.705
2.27763
3.54981
1.64052
4.41981
2.46281
1.61472
1.03616
1.68671
0.910544
1.71826
1.36429
1.67156
0.785745
0.997814
2.50208
0.975418
2.46095
2.17239
1.51388
3.47188
1.42676
1.70576
0.80456
1.54627
2.6287
2.48838
3.10764
1.7105
1.18936
1.93933
3.34635
1.92428
2.19653
1.51577
1.49055
1.08509
2.22596
1.84957
2.64657
2.25662
2.69602
2.42416
0.908244
2.79426
1.14343
0.274492
2.66165
3.62929
1.40061
2.88988
2.07423
2.81667
1.70127
2.3909
1.95304
1.64933
2.42202
3.83805
1.11896
2.79483
2.18487
1.22342
0.183904
1.63223
2.564
1.95876
2.79288
2.92468
1.18808
1.46777
2.6794
2.79287
1.92312
1.76985
2.31857
2.84017
2.14316
2.9629
0.908694
3.07957
3.4108
3.05569
3.37513
1.7657
1.30018
1.59476
1.97216
3.3327
2.50175
2.86251
2.91432
1.04811
1.9513
2.26131
2.47897
2.4283
1.81962
3.07756
2.76784
2.44862
1.13099
2.16011
2.26404
3.33953
3.6234
1.51146
2.0346
2.65417
3.47433
2.57152
2.6453
1.4083
1.2672
1.70946
2.99913
1.95382
1.77702
1.91635
2.32553
3.14125
1.87706
2.21911
3.23216
2.75759
1.50102
2.56337
2.40055
1.50699
2.76765
1.46133
0.717752
2.81091
2.63158
3.09984
1.45415
3.23353
2.50775
1.32483
2.16107
3.28717
1.91303
2.25075
3.53453
2.36391
3.17479
2.43328
1.16347
1.9182
2.35607
2.96263
3.05514
1.81742
1.22855
1.45496
3.52651
2.10139
1.36657
2.47849
1.72939
1.50257
1.54718
2.29304
2.31452
1.74972
0.925486
2.57433
1.13549
2.6126
2.92383
3.47051
1.35053
1.51331
2.03455
2.79138
2.07395
2.63059
3.16708
2.13639
0.19717
1.48059
2.2806
2.37562
2.13528
2.81476
2.88046
2.4267
2.71707
0.833273
1.50569
0.812176
0.551783
2.48674
2.61612
1.52565
2.0319
2.47244
2.91694
1.64073
2.82091
2.7068
1.31764
2.60383
1.23473
1.48815
3.4786
1.02063
2.28993
2.46431
0.659063
2.39157
2.33629
2.75557
2.07495
1.2267
1.42334
3.35661
2.50666
2.13452
1.5605
2.11477
1.62708
2.8037
0.0384597
3.00176
2.12522
2.09929
3.55385
0.669435
3.25116
2.18379
1.974
3.19341
1.88973
1.68114
3.21666
1.18239
1.56024
1.64842
2.75001
3.73812
2.54824
3.13559
1.04286
2.92074
2.03389
0.427458
3.29436
2.03314
1.76952
1.81218
2.72906
3.11104
2.23081
1.40278
2.18505
3.91669
3.39352
2.74337
2.78101
1.90538
2.33533
2.76319
1.41582
2.44005
2.17075
2.74957
2.52038
3.21543
2.34263
2.29083
2.44267
1.82906
2.66862
1.54779
0.992879
3.56894
2.82559
1.7975
2.35453
1.68366
2.81599
1.58056
2.27866
2.68619
1.75427
3.43331
0.708344
1.11562
1.42249
2.06601
2.34955
2.88206
3.41746
1.47445
3.06784
2.41178
2.46724
1.69928
2.16747
1.12421
2.089
2.28143
2.13425
2.22437
1.08876
1.49246
1.59052
2.34225
4.13275
3.46779
2.57419
2.7656
0.179785
2.64366
0.996706
1.29951
2.37326
2.0751
1.84522
2.83858
2.0603
2.85374
3.28258
1.00648
0.317542
1.11783
1.85272
3.15083
2.00776
2.67841
2.48682
1.82534
0.484501
2.50819
2.22159
3.01933
2.04842
1.48775
1.13116
0.66996
2.40327
2.16544
1.93333
2.78317
2.32557
1.80451
2.82884
1.76324
1.21552
1.51878
3.70559
1.02633
2.60448
2.66871
2.00656
2.56539
1.51732
2.42019
2.79822
0.835738
2.12768
1.83438
1.79783
1.12147
1.93331
1.84167
2.35437
3.21503
2.44187
2.46422
2.01527
1.67638
2.43063
1.7741
1.95994
2.26767
1.57814
2.17258
2.15872
3.22669
2.48448
1.73198
2.5213
2.18827
3.18573
2.54317
2.98362
2.2838
2.79418
1.91489
1.75014
2.42777
3.03574
2.68807
2.49528
1.35727
2.61044
2.89318
2.31564
2.72688
1.61157
2.63052
2.39254
1.56875
0.942033
1.66466
2.33017
1.73857
2.07448
1.38285
1.77586
2.05462
2.24011
3.08754
2.94653
1.71541
2.18401
1.18092
1.85196
1.55222
3.13216
2.57779
2.45914
1.42333
0.944915
1.83383
2.08726
1.38648
2.20438
2.94942
2.83423
2.64819
0.833901
1.82681
1.82727
0.927471
2.60543
1.11249
1.28285
2.42168
2.14906
2.89548
1.61022
2.01746
2.87916
1.73343
2.57961
1.51146
3.59888
2.66502
3.37494
1.856
2.66994
2.71183
1.54701
1.91402
1.40882
2.28124
1.61681
2.068
2.89765
3.87081
2.51463
1.7039
1.82992
1.97948
2.8782
1.9206
2.32535
1.14108
2.40861
1.39929
2.163
1.10603
3.14901
2.31092
3.05848
0.68596
1.95311
2.82056
1.63457
1.40978
2.16191
1.57344
2.43148
2.59148
4.61606
2.71897
1.50461
1.78773
1.29872
1.86139
2.861
2.24139
2.09072
1.37322
2.36767
2.19796
3.63377
1.24566
2.20842
3.6625
2.2456
3.09338
2.87088
1.8017
3.07819
2.31388
0.841848
3.26262
0.62732
1.19109
2.30825
2.27756
1.4203
3.01191
1.65794
2.19164
2.49728
1.82608
2.29367
3.43041
2.94856
2.66852
3.35712
1.76839
1.90249
0.9716
1.33485
1.54355
2.0419
3.03755
2.88332
2.24515
2.79923
2.14448
2.47375
3.98281
1.09469
2.19882
2.25857
2.43399
2.59913
3.93993
1.51952
2.45663
0.620058
2.38449
1.88385
1.14006
2.05579
2.05869
2.75993
3.33845
2.8601
2.37728
1.28873
2.40004
3.45671
2.67636
2.99378
2.14617
3.13843
1.30624
1.35638
1.75746
2.29409
1.31955
1.74892
3.09009
1.23766
2.64905
2.03401
3.9672
2.46882
2.03227
0.311844
3.4721
1.90296
2.06552
0.789048
2.74414
1.8298
1.77804
3.27311
2.53011
2.36668
1.46864
3.12751
1.79088
1.19542
2.37479
1.02258
2.59431
3.11722
2.38819
2.81291
2.73014
3.3792
1.4329
2.38996
1.81973
1.67275
2.63345
2.55209
1.78943
2.23768
3.75637
1.46079
2.12922
2.77761
3.2777
2.36224
2.82386
2.8465
2.16522
2.34085
1.2024
2.01558
2.22492
1.70683
1.01362
2.54181
3.4498
0.648003
1.38757
3.02466
1.72355
0.928607
2.24994
0.490837
2.12254
2.07028
2.76807
3.20608
2.58902
2.6419
1.86065
1.85418
2.82516
2.48871
1.96207
3.41427
1.97402
2.7985
3.04603
2.7757
2.23452
2.37535
2.39096
0.413448
2.59757
3.76369
1.79869
1.26423
3.89328
1.21747
1.20979
3.95226
3.13893
3.58826
0.806155
2.22401
2.71379
2.60023
2.48507
1.80302
2.23503
3.08188
2.29696
1.90014
2.41834
1.95278
2.46303
1.42692
2.93622
1.39242
1.85486
1.67404
2.1588
2.64364
1.75692
1.57232
2.12855
2.19739
1.61114
2.34139
3.54156
0.939453
3.20377
2.38886
2.66231
1.19948
1.68333
1.80148
1.99444
1.30346
0.934475
0.766296
1.31244
1.35593
4.03704
1.07492
1.25558
2.71685
1.75948
2.82783
2.90652
2.51363
1.35783
2.83667
2.10337
2.13702
2.47655
3.16744
2.0003
2.29377
1.93965
2.88759
2.30046
2.94369
3.53279
2.25149
3.41264
3.97968
1.69403
1.86529
1.28752
2.20871
3.01093
3.48478
2.31246
2.20447
1.99448
1.52701
1.10178
1.60555
2.92583
3.45878
1.54481
1.90252
2.83608
1.97383
2.73945
2.7625
2.53987
2.35127
2.61927
2.33045
2.90846
1.99212
0.766323
1.88714
1.85336
0.736353
2.79631
1.83894
1.9673
2.1512
1.88743
2.5796
1.79559
1.82838
2.41968
1.736
2.55058
2.02657
3.10175
2.25507
1.31354
1.86191
-0.377353
1.27707
1.00727
1.71903
2.43514
1.92765
4.1323
2.45718
2.75417
2.25407
1.20938
2.28732
3.02718
1.26992
1.52285
1.04951
2.09751
1.76925
2.62441
3.86771
2.86983
2.18588
2.83823
3.04992
2.37734
3.7734
1.46182
3.16182
2.27975
2.63882
2.36799
2.59265
1.99553
1.28003
3.19935
3.34939
3.40732
2.53158
2.68198
2.62718
2.23298
2.93483
3.42291
2.38314
2.86013
2.26861
1.69631
0.540514
1.9947
2.93312
1.97555
3.79617
2.44741
1.19384
2.70064
1.73809
1.97084
1.32266
1.10977
1.99714
2.71858
2.04256
1.0946
1.35675
3.75779
0.738458
1.2004
0.884799
2.9625
2.60506
2.57308
2.57376
1.27983
3.19238
2.65345
3.07366
2.50988
2.0446
1.06765
1.83297
2.93797
3.13504
2.44065
1.44414
0.921001
1.68199
2.57151
2.02761
2.39323
1.46854
2.79626
2.63757
2.54859
2.93392
2.9233
0.946879
1.61731
1.57019
1.83606
3.02147
4.3772
2.98633
3.29162
2.67631
3.23981
2.47289
1.91994
3.03455
1.02894
0.329555
1.58063
0.99874
1.75227
1.10715
2.94
1.10833
2.04838
0.56575
1.44659
2.48634
0.877285
2.52359
1.50147
1.4837
1.76343
3.09508
2.92139
2.48748
2.53544
2.2949
2.13003
2.22368
1.8801
2.52461
2.33514
2.54789
2.45899
2.28281
1.39935
1.44247
1.79033
4.00652
1.86347
2.52702
2.46303
2.25968
2.03463
1.86124
1.29938
2.13567
2.12755
2.54662
2.87103
2.92437
2.05791
1.80411
2.29981
3.03453
2.85534
2.31105
1.80256
2.4259
0.864569
1.65722
3.05122
4.23676
2.93659
3.02668
1.40669
2.04337
2.50684
0.749043
2.3266
1.72822
3.69012
3.20134
1.50847
0.947501
1.94663
2.46206
1.81645
3.15134
2.04802
2.15268
0.734938
2.00303
1.55055
4.13986
2.40649
2.30043
2.1329
0.901178
1.44791
1.56046
2.73863
2.54353
2.80696
2.77371
1.56974
2.13866
2.38961
2.45221
3.49141
2.14334
2.75946
2.89131
2.72065
1.80876
1.85609
2.20879
2.40391
2.35345
2.24849
1.39967
1.75632
1.50186
1.77519
2.10063
2.758
2.11087
3.28559
2.32073
3.66133
2.4617
0.857372
1.36933
1.54695
1.36374
2.91055
3.14394
2.43273
2.36051
2.5155
1.52959
1.96725
2.19044
3.13062
0.478917
2.07696
1.27108
0.854014
0.680828
1.72242
1.7219
1.69195
2.07559
0.814109
2.86122
2.61193
1.76514
3.29103
1.89059
2.05784
2.06625
1.97714
2.2096
3.37994
1.68458
2.46333
2.1826
2.77827
2.08431
1.63294
2.04994
0.781081
2.10042
1.31496
2.28183
3.05905
1.78532
2.69348
1.9372
1.8875
2.89237
2.54436
2.73567
1.99119
2.55675
2.10643
2.95407
2.49216
2.43042
0.788587
2.04394
2.26666
2.85524
3.04302
3.35535
3.0099
1.60176
3.25227
2.87764
4.21455
2.80604
1.23859
2.18954
2.90578
3.07325
3.07866
3.12879
1.32446
3.46787
3.74305
3.18661
2.95781
2.64524
1.91253
1.13347
3.02677
2.0318
1.37229
2.77312
2.08597
2.3311
1.63636
2.61436
2.82152
3.16318
3.1316
1.57678
2.03192
2.31912
2.49398
3.48521
3.13128
2.73978
1.83868
1.93765
2.81051
2.88866
2.79087
1.16998
2.30044
1.48461
2.39532
1.52648
3.33054
3.17415
2.37759
2.29304
3.88362
2.22495
2.8378
1.64311
1.10107
1.21458
0.960527
2.26818
2.2866
1.23929
2.1873
1.73048
1.82498
1.61104
1.18998
2.61215
3.96209
2.20737
2.30744
1.41738
1.06738
3.14093
3.01982
3.25108
1.75309
1.31094
2.02183
3.12753
0.0357691
1.36897
2.82381
2.79009
2.9471
1.15319
0.87133
3.64162
2.22823
2.88977
2.37026
2.35373
1.1587
2.11144
2.79554
2.47362
3.45252
1.18636
1.67628
2.8624
3.62222
3.45418
1.10735
1.51056
1.50513
2.14083
1.70728
3.28595
3.06539
1.35728
1.91151
3.34039
2.49545
2.36017
1.49794
1.60411
2.1304
3.26115
2.68184
1.31811
3.53606
3.35568
3.22599
1.5672
2.9137
2.67489
2.16959
1.71864
1.61309
1.03586
1.12953
2.18559
0.849824
1.97919
2.63646
1.42967
2.82364
2.80694
2.36423
2.60248
1.16661
2.87019
1.7121
2.04242
3.01975
3.49079
1.81263
2.05252
1.25788
1.93996
2.12451
1.74176
0.658834
2.63514
2.81584
2.95189
0.893167
1.37468
1.34781
2.60158
1.40808
3.9116
2.99906
2.95599
2.96712
2.48029
1.67464
2.99946
2.9811
2.415
2.24969
0.690294
1.14639
1.84049
1.82781
2.06376
1.65732
1.69027
3.44777
3.67713
2.63176
1.50448
2.94161
2.14864
1.71246
2.01001
2.53273
2.06793
2.26903
2.83523
1.42568
2.32299
1.89116
2.43348
3.45805
1.50688
3.6128
2.80412
1.52817
1.44633
2.09767
2.66922
2.003
0.552329
2.7878
2.48481
2.51205
2.07714
2.47917
4.53383
3.15089
2.85516
0.720451
1.53231
1.97713
2.73527
3.12896
3.10352
2.05683
2.91799
2.58814
2.87251
2.07651
2.34477
1.97749
3.07828
2.90213
2.94692
2.47237
1.33408
0.150628
0.917675
2.35408
1.13442
2.88325
2.18565
3.56839
0.715433
2.15228
1.3771
1.77297
1.44908
2.43533
2.70273
2.15176
1.65251
2.24429
2.13653
3.06209
2.70144
2.589
1.2315
1.66851
1.44987
1.83055
1.3286
2.47541
2.11147
3.17466
2.06832
0.7977
2.6872
2.86523
2.67379
2.08088
1.61576
2.36873
3.2771
2.11806
1.73783
1.63742
2.50547
2.78714
3.99902
2.60283
4.54992
1.72102
2.11332
2.08165
2.85626
3.31475
1.41209
1.01951
1.55932
2.6921
2.35753
2.26118
2.54069
1.62661
0.135931
1.52528
2.45276
1.8183
3.83124
2.96323
2.29083
2.26396
3.1476
2.67285
2.30138
2.6577
2.34787
3.10969
2.98164
3.08518
2.95657
2.1749
2.43157
4.13148
1.95614
2.05512
1.54225
1.79266
1.72785
2.07053
1.71773
1.35469
2.53938
1.90306
1.36468
2.03798
2.44829
1.18093
-0.185426
2.63657
2.66682
3.07687
1.85367
1.8785
1.44427
1.72655
2.03851
3.50109
2.13062
2.52133
1.6208
2.89789
2.35189
3.21686
1.59209
1.99362
2.47562
2.37096
3.13516
2.91838
3.03364
0.596893
1.48154
1.16951
1.085
1.87727
1.1452
1.4751
3.85878
1.82791
1.38831
3.7753
3.20603
3.07704
3.17672
1.44199
2.72787
2.16138
3.25756
2.01833
1.94226
2.02347
1.124
1.91715
1.38887
3.6325
1.28582
2.59989
1.237
2.23408
1.65913
1.56816
3.0274
2.19225
2.07591
1.68646
2.21262
1.8463
2.76037
1.42307
1.85698
1.52826
1.35466
1.50984
1.13654
2.31899
3.31408
2.3564
2.79881
3.6462
2.3518
1.81405
2.06984
1.98532
1.8048
2.86495
2.5007
1.46446
2.00728
2.16597
1.99639
2.71464
1.72376
1.95425
0.618477
2.39023
2.42716
2.59637
2.36511
3.08094
2.93322
2.89609
2.63009
2.12545
1.84651
3.34749
0.73392
1.62748
3.5459
1.98292
2.46229
2.60979
2.05134
1.45077
2.06928
1.80527
1.24661
1.99201
3.18587
2.50396
2.51064
2.95587
2.51404
1.32218
2.72838
0.498104
2.22352
2.04255
1.51694
1.37656
1.11203
2.72692
2.04866
1.35481
2.73093
0.39095
2.16084
1.51917
2.15117
0.736843
1.73106
1.20346
2.5143
2.64126
2.83158
3.7005
2.74989
2.41142
0.713501
3.44569
1.7591
2.3861
2.43877
1.67846
3.0515
0.966434
1.48655
1.31671
3.49779
2.59095
1.94252
2.78512
2.86193
2.6625
2.14062
2.79208
2.41615
2.00815
1.5005
1.87084
2.81501
1.31063
2.08354
2.24997
1.90378
1.61377
1.67993
2.25484
2.82018
2.52061
1.30067
2.60198
1.76035
1.25641
0.462572
2.5213
1.83556
2.49969
3.50324
4.28316
2.46361
3.66979
3.73406
2.55881
3.0743
1.19526
2.0845
3.58524
1.94077
2.82278
2.65961
1.94122
2.21328
3.90892
2.88314
2.37104
1.70118
2.17833
1.8388
3.78479
3.31084
1.83918
2.54084
2.75282
1.8166
2.88721
1.15686
1.85901
2.48142
3.58571
1.3448
3.40822
2.76355
1.84684
2.12523
2.54563
3.25219
2.30363
2.38991
1.56367
3.32796
0.931987
1.29377
2.57732
1.49098
1.41613
1.63518
2.46232
2.6388
1.3042
1.25827
2.8923
2.04556
1.97861
2.67305
2.35357
2.81864
1.02967
2.46692
2.2339
1.79919
2.76597
2.56161
1.83281
1.51973
1.5426
2.09903
2.7934
1.36896
0.972922
2.2717
1.28877
2.48716
2.09719
2.54491
1.99585
2.24319
2.54146
3.04097
2.40664
1.88921
3.45101
3.05444
2.09746
2.2805
1.12722
3.30372
2.48006
1.79665
2.57863
2.74138
3.0378
2.89801
2.49129
1.90451
2.72923
3.25932
2.94647
3.08252
2.07385
2.45494
2.42423
1.99169
3.09209
2.90255
3.17083
2.23401
1.63399
1.01825
2.25365
2.26055
1.73026
0.910989
1.42601
2.71161
2.58126
2.91713
2.12756
1.6288
2.35564
1.71007
0.577488
1.90239
2.26797
2.67942
1.82145
2.70766
3.01394
2.26263
2.43481
1.93602
3.42499
1.01913
3.11646
3.10932
0.879879
1.61452
1.6729
2.4242
2.65195
2.13182
1.96294
2.26317
0.413435
0.757521
2.26075
1.53601
2.8371
1.965
2.51747
2.28963
2.01721
2.75275
0.868015
2.39587
2.62945
3.83272
1.64317
3.384
2.06362
2.52525
2.54184
1.16862
3.32177
3.30855
0.218658
2.72273
1.21972
1.32044
1.02807
2.01911
2.75683
1.77206
1.60504
2.65392
0.573587
2.35751
1.22942
1.64252
1.7912
2.91036
2.25178
3.41158
2.07267
2.37517
2.64231
2.62723
3.76031
2.54256
2.13235
1.86754
3.15167
1.68964
3.08069
3.66433
1.59439
2.09176
1.87744
3.62026
2.4127
1.87454
2.97152
3.8211
2.06702
2.08521
1.85675
2.03272
2.28246
2.99483
2.86122
2.78098
2.05461
2.1749
2.60369
1.74304
2.44696
2.57784
3.21219
0.975679
1.13891
1.65272
1.72013
3.04615
4.67107
1.98993
1.9119
2.28534
1.5934
1.65969
2.14994
3.06832
2.80155
3.06425
1.90835
2.52983
3.28594
2.22056
4.00133
2.92514
1.48189
3.00675
2.69121
1.27491
3.95144
3.08684
3.66044
2.83183
2.00372
2.67015
1.87293
2.26472
1.99632
2.7834
2.25942
2.18607
1.93335
3.32415
2.69526
2.4826
2.27854
1.83024
2.50823
3.00809
1.81181
0.781065
3.21069
2.90917
3.02388
3.35242
0.127786
1.25601
2.61242
1.30196
2.1174
1.19059
1.38731
3.12024
2.59579
1.62131
3.10237
1.43827
1.56126
2.51292
2.53701
2.32582
2.71502
1.96081
2.26629
0.997367
1.66639
2.45651
2.27651
2.10763
0.976348
2.71084
2.56259
3.6677
2.09342
2.60357
1.64116
1.44074
2.32864
1.98247
1.29578
2.91262
3.16791
2.80616
2.36849
3.55097
3.79326
2.60392
1.98439
3.22229
2.66737
1.47517
1.81208
3.37009
1.53954
1.65045
2.78879
3.25835
2.09234
1.37724
2.59264
2.11447
1.69135
2.75268
2.30877
4.04187
3.15717
3.10593
2.2537
1.86049
2.29619
2.43322
1.94244
2.36869
3.81317
2.41155
2.52061
0.262767
1.90024
3.33768
2.1202
2.61036
2.1774
2.3429
3.78241
1.86774
1.7999
0.756168
2.13002
2.202
2.28245
2.46006
1.75378
2.81589
3.10453
2.3965
2.90808
2.07967
2.90923
2.11326
0.569958
3.24992
1.23639
2.47732
2.55974
3.75485
2.65683
2.33676
2.24014
2.18386
1.16111
2.05331
2.3094
2.60667
2.14759
3.13508
0.970141
1.46427
2.05261
2.57933
2.23485
2.54532
2.00305
3.01602
2.90412
2.11753
2.04064
3.91043
2.14603
1.39614
2.29722
2.66438
3.14342
2.34761
0.509462
3.0218
2.01962
1.34734
2.59077
2.93738
2.4941
3.14912
2.80753
1.10772
2.79217
1.29154
1.60934
1.17958
2.33809
2.13353
1.80454
2.32126
1.77379
3.15537
1.81068
1.4266
1.9745
2.72326
1.99005
1.92827
1.46985
0.723556
1.10464
1.87878
1.41551
1.76953
2.44741
1.75384
0.822145
1.66563
2.74304
2.03179
1.29331
2.06499
0.280018
1.2126
0.830535
2.98518
2.19108
2.27702
1.97699
2.90188
2.76278
1.93502
2.19596
1.42853
2.39277
2.94071
2.91683
2.72417
2.24136
1.85081
3.14724
1.45371
1.50303
1.86817
3.01813
1.54364
2.53228
1.58178
4.7833
3.605
2.52044
2.74403
2.25194
3.56159
2.65119
2.27687
1.5227
2.41981
2.45281
1.87852
1.88854
1.88086
2.4461
2.22999
0.795771
1.84716
1.75195
2.73365
1.87959
2.0845
2.77536
3.1598
1.38113
2.0302
2.22148
1.51098
1.99453
2.59908
2.44649
2.75955
2.51956
1.86929
1.22965
3.04892
1.47672
1.39924
2.72128
1.47197
3.02471
1.75508
2.49546
1.75668
3.72254
0.599243
0.946625
1.79703
2.74616
1.67151
1.24601
2.01761
0.732862
1.53413
2.84161
2.49413
2.78773
2.12099
2.18347
2.76219
2.62982
2.09496
2.26483
2.08812
1.05401
1.57973
2.52549
2.89011
3.22045
1.76409
3.07879
1.82262
2.5334
1.76075
1.22814
4.085
2.4199
2.49103
2.21112
2.55778
0.621253
1.06569
2.79116
2.50334
-0.210318
1.3006
3.37352
2.51725
1.50112
2.4816
2.03107
2.00927
2.70364
4.11038
1.80853
1.57611
2.98149
1.93993
2.61702
2.72608
1.75192
2.04009
2.70791
3.32432
1.88083
1.72799
1.8095
2.94872
2.79488
3.60769
2.73898
2.38118
3.19229
1.96242
1.64599
2.00335
0.853579
1.74704
2.40437
1.61376
2.02608
1.42863
2.87788
1.93333
1.816
1.47174
2.2688
3.57431
2.89663
2.28311
1.41127
2.93091
3.33165
2.31166
2.28578
1.44209
2.95906
0.335418
1.67082
1.53581
1.74568
2.263
2.27846
2.93092
1.45239
2.84271
1.51916
2.24232
3.59646
2.0938
1.62482
2.29124
2.7065
0.637341
-0.0598192
2.45263
2.65497
3.02142
2.2616
2.58013
1.70727
2.30032
1.8824
1.13858
0.815021
2.12397
3.25623
1.9318
1.90113
2.81452
1.11949
3.39089
3.0928
1.8509
1.7174
0.926686
0.996635
2.46767
2.54065
1.63958
1.95907
1.10622
2.79231
3.50962
2.95405
2.70214
3.53054
3.32343
3.59906
3.40814
1.78468
2.45972
1.88393
2.22397
1.7045
1.60187
3.9875
2.49509
3.46524
1.75978
2.64525
3.09208
2.06581
2.42563
2.49332
1.86621
1.64898
1.79444
3.01349
2.97603
2.93101
4.0233
2.77185
3.06304
1.45916
3.64779
0.631132
2.40319
3.95123
2.89565
2.33526
2.71519
3.52081
2.35694
0.856627
2.388
2.60661
0.95808
1.6322
3.42689
2.38333
2.6212
3.96693
2.73184
2.34085
2.26428
1.58002
2.17095
0.473633
0.664353
1.62317
1.46325
0.317463
1.46792
2.43994
2.26072
3.22278
1.61348
0.578987
2.90467
2.58236
1.95213
2.29575
0.447707
1.11268
2.21514
2.32518
0.193206
1.40225
2.08234
2.12713
1.59392
2.75296
3.56861
2.9384
2.9986
2.61299
1.85572
2.4635
1.70201
2.54928
2.32931
2.61917
2.72764
2.07861
3.49226
3.4039
1.33835
1.13567
1.01039
1.20017
2.87695
1.71276
2.77748
2.78873
2.60327
2.97134
2.10619
1.85108
2.04829
2.00176
2.70945
2.53225
1.22199
1.80691
2.50362
1.97795
2.24828
2.5223
2.18115
-0.0775044
1.45465
2.58086
3.00094
3.21417
1.7161
2.04189
2.28222
4.02788
2.99276
2.9563
3.18901
2.01489
0.938624
2.85135
1.56554
3.02233
1.85594
2.13643
2.08097
2.3917
1.47046
0.29157
1.58711
1.21969
3.26605
2.03319
1.03167
1.17731
1.70491
1.92574
1.04306
2.7269
2.74163
1.67421
1.50671
2.29588
2.00758
3.75199
1.60376
2.70405
2.73928
2.45457
2.45967
1.01249
1.93636
2.47218
2.6909
2.83023
1.98197
0.401996
1.24723
2.45238
2.58408
2.27377
2.05328
2.84873
1.6738
2.43965
2.38239
1.96785
1.7906
1.42844
2.42883
2.64821
2.77073
1.99902
1.30415
1.80143
2.63127
1.67789
2.94068
2.43363
3.58064
2.26601
0.908271
1.98177
0.666951
1.11112
1.6964
1.70506
2.15704
2.06573
2.36606
1.15201
2.7544
1.82718
1.33402
1.4487
3.22648
3.4959
3.13935
2.13658
1.16182
1.94228
2.05073
3.46184
3.75753
3.50897
3.11133
2.78827
2.03454
3.00625
2.42973
3.36896
2.85623
1.65317
1.87107
3.48054
1.79727
2.70352
1.89612
0.965716
3.75641
2.5125
1.38175
3.40891
4.31172
0.85053
2.8544
3.55295
3.60307
3.0587
3.93253
1.9311
2.28596
1.87109
0.880286
3.14963
1.47202
2.77621
1.87299
1.36643
2.11532
2.86508
2.21622
1.78295
2.40204
2.88059
4.17878
1.81293
1.8653
3.55656
3.11579
2.19649
1.28709
3.57109
1.09385
1.52873
1.49864
1.53826
1.49567
1.58172
2.92333
2.16222
3.87641
2.32139
2.81277
2.29449
2.72748
1.31892
4.26424
2.02369
1.55131
2.10587
4.58358
1.64276
2.42345
3.23737
2.27436
3.17117
2.55435
2.3803
2.94172
2.9033
2.49073
3.47614
3.65973
3.04204
2.51661
3.35599
1.39671
2.08346
1.86414
2.01193
2.67752
3.47846
2.14965
2.45132
2.45878
2.08894
2.53355
1.9533
2.65634
2.02601
1.58243
2.25296
1.89792
1.23685
2.36353
1.71317
1.67992
2.31979
2.36613
2.48968
2.08661
1.34105
3.05357
3.92828
3.59628
1.12905
1.22679
0.964292
1.82135
1.68089
1.97723
1.88165
3.40214
1.8581
2.54994
1.28299
1.62931
3.72568
3.78885
3.47689
1.22821
3.33449
2.85919
2.6984
1.8665
2.44223
3.34106
3.4373
2.34503
4.24497
3.01522
2.28871
3.03834
0.634749
0.581
2.96282
1.92979
3.53325
2.7834
2.38696
2.63124
2.6852
0.949324
2.97714
3.24371
2.87122
3.24325
2.49166
2.14223
2.32895
2.64723
2.51532
1.0877
2.29001
1.32779
1.37046
1.89105
1.62974
2.85368
2.4504
1.91405
0.996597
2.68936
2.86991
1.293
2.34026
0.785481
2.17281
2.67493
2.12305
1.60017
3.47383
1.69433
2.13661
2.68067
1.80042
2.39369
1.63042
2.17056
1.79453
3.6042
1.92237
3.72694
1.60078
2.03019
1.98734
2.06814
2.46035
2.66896
1.79364
1.77668
2.04913
2.11789
3.23279
2.7066
1.53377
1.43437
3.13624
1.14529
2.01168
2.44827
2.84263
2.17241
3.43586
1.91463
3.57678
2.30142
1.83045
2.9355
2.96554
1.54091
2.90571
3.45054
3.589
3.99127
1.35278
2.20078
0.987125
3.34256
1.70942
0.898392
1.57799
1.83135
1.79233
1.63711
2.87225
2.02809
2.05995
2.56644
2.54713
2.51742
2.1772
1.90203
2.38672
2.60224
2.34442
2.61565
2.58959
1.27996
3.13715
2.03564
0.909763
1.4918
1.93966
2.85045
2.44978
1.7682
2.59342
3.0089
1.78365
2.5242
2.52756
3.29622
2.71968
1.22544
2.82202
1.90182
3.23643
2.18492
2.54068
3.53703
0.398841
2.08499
1.24152
0.530596
3.32304
3.61574
2.84686
2.18153
3.56417
2.18562
2.33318
2.76474
4.72999
1.97474
2.43712
1.45037
2.61494
1.82576
3.64163
2.84237
1.62089
1.59249
2.68305
0.996741
2.59245
3.09622
2.50287
1.92964
1.22952
1.9273
2.73685
2.42886
0.732361
1.02717
2.02026
1.88694
1.12827
1.31505
2.90321
2.10822
2.61225
1.98217
3.26241
1.27501
2.39803
2.7558
1.3761
2.62056
2.20723
0.765305
3.03395
2.56526
2.89874
2.36535
2.28242
1.69808
3.46333
2.1928
2.38706
2.60187
1.64261
2.22547
2.92997
0.904885
2.13945
1.52775
2.26751
0.307092
2.32606
2.90605
1.50512
2.19166
2.93209
1.72188
2.54366
0.412131
2.94733
0.928883
2.56537
1.93758
1.89784
2.29506
1.67109
1.24162
1.46218
1.18605
0.954725
1.59905
1.68572
2.62166
2.61418
1.77855
1.88687
0.924712
1.60581
1.36301
3.18318
2.84301
2.42549
3.05963
1.89401
1.4712
1.75713
2.45552
3.69085
1.72386
2.22056
4.16754
2.35819
2.94842
1.8805
2.18591
1.63051
2.39418
2.78927
1.74284
1.44932
1.54927
2.47861
2.95077
2.52181
3.18668
1.89267
2.18719
3.47548
2.86497
2.96306
3.51056
1.53637
1.96108
3.87708
1.78241
1.40771
4.2453
2.53765
2.98716
0.781544
2.353
0.855851
2.20401
1.8838
1.72043
2.38674
1.56544
1.99266
3.28188
1.62573
1.08095
2.96733
2.33373
1.44526
3.73744
0.734865
3.17127
1.8765
1.922
1.96466
1.44909
0.495672
2.89944
2.5583
2.08909
0.698939
2.64652
1.4299
3.43706
1.4279
1.24438
2.97823
3.40085
2.6511
2.08912
2.08188
3.93818
1.82812
2.23848
2.76104
2.45483
3.3425
3.04184
1.65323
3.10619
2.65678
2.12591
2.26479
2.41206
1.44593
2.24469
3.4276
3.09363
1.43818
2.53895
2.15694
0.810501
1.42296
2.19981
1.46603
1.8942
1.94007
2.81025
1.37771
1.40891
3.25508
3.45528
2.75511
3.08924
1.94356
2.89158
2.02264
1.99916
2.41883
2.26663
1.4172
0.882387
2.4846
1.07785
2.56372
2.47217
3.63301
1.43611
1.53481
2.91754
2.99197
3.61593
2.23678
1.97754
2.33
3.76855
2.14547
2.45721
2.79742
1.74051
2.18881
1.59339
1.27083
2.58618
2.52516
2.23707
1.46826
1.54604
1.48462
2.60955
3.45291
1.03594
1.94493
3.37453
3.2553
2.37574
2.13584
2.9994
2.43293
3.04275
2.40625
3.26025
2.09048
1.50123
1.85939
2.93468
1.90375
1.83171
2.23928
2.86618
1.46852
2.55049
3.49984
3.31767
1.69764
1.95244
2.04473
3.49884
3.18863
3.05741
2.9359
2.94458
2.13024
1.97225
3.45851
2.2207
1.0424
2.25975
1.70701
1.05493
2.55911
2.48454
2.40418
2.13226
2.10941
2.74828
2.10035
3.33975
2.9052
2.09615
3.73301
2.63706
3.05394
2.79909
3.03866
3.05745
2.53905
1.77624
2.11051
2.97535
2.46157
2.52887
2.28615
2.75786
1.32827
2.5729
0.862035
-0.0859922
2.47205
2.36837
2.63223
2.31034
2.64085
3.18842
3.12018
3.26624
1.22855
2.02727
2.88421
2.23201
3.11287
1.27808
2.19628
1.97916
2.75828
3.14382
1.24896
0.947832
2.00726
2.78384
0.659796
2.85517
0.183385
3.09588
2.46244
3.0561
0.649134
1.12229
2.18224
1.4877
2.27252
2.66334
1.46289
3.04589
2.52213
1.10512
1.51788
1.5655
2.33024
2.07289
3.24877
3.48005
1.79218
2.8009
1.57772
2.27217
0.774697
1.34498
2.03005
2.66668
2.15191
2.22552
1.74806
1.07253
2.76337
1.36078
1.75379
2.15995
1.83552
1.84597
2.81316
1.12222
0.809383
2.07191
0.790935
1.15505
2.40717
3.22328
2.14086
3.013
1.22422
1.74715
2.25754
1.54046
2.2629
0.379629
2.4196
2.69616
2.21256
1.87646
2.0894
2.84273
2.83369
2.06838
2.95578
1.87581
3.35683
1.9262
2.51782
2.79249
2.24057
3.17616
2.5378
2.30435
2.033
2.78547
2.56755
3.0038
2.02067
3.52159
2.72362
2.17474
1.97787
2.37272
1.86893
2.68515
1.75878
2.45043
1.20956
1.88991
2.65994
1.9266
2.36817
1.74485
2.31311
1.986
2.48984
2.36134
2.5351
1.02251
2.70603
2.09503
1.09833
3.22007
2.82156
1.9036
3.13944
2.75568
2.94991
3.6309
2.15577
2.59742
2.2733
1.37482
2.04592
2.00199
1.2536
2.34797
3.18079
2.15297
2.89538
2.40568
0.888934
2.50365
2.17705
3.31707
3.0889
2.77943
2.24584
2.19273
2.88362
1.5057
2.05003
2.22353
2.37113
1.76591
1.98736
2.63849
2.36506
1.90422
1.34801
3.12212
2.63834
2.97893
3.57888
3.65007
2.57816
2.90146
3.61827
1.60773
2.66589
1.61353
1.52628
2.38059
3.11297
2.76953
3.32977
2.47135
1.32422
2.40543
2.81379
2.83232
2.14851
2.04477
2.12657
1.75571
2.24018
1.51585
2.263
1.59896
4.28201
3.57162
2.23363
1.55986
1.12444
1.73536
1.90743
2.51134
1.89125
2.29313
2.59499
1.36472
3.27576
1.62474
1.9864
2.40304
4.03893
2.44236
2.05807
0.646352
1.6564
3.51778
2.20486
2.15319
1.48782
1.80907
2.12846
2.36721
2.06179
3.13715
1.77578
1.62611
2.44113
3.41419
2.56948
3.02308
2.23749
1.86158
2.89129
2.3229
1.66878
3.12439
2.15675
1.14694
1.23083
1.16076
1.04292
1.3118
1.58459
1.74275
1.88297
1.14969
2.91603
1.77121
0.503684
2.181
3.19673
2.95132
2.49377
0.458646
3.27968
2.34201
3.13957
3.57439
3.28047
2.84012
2.9831
1.54158
0.718544
1.62107
0.882684
2.20193
3.21704
2.51835
1.64094
2.86191
2.52193
2.08882
1.89686
3.06286
2.14727
1.5609
2.34924
2.07973
2.96473
3.03686
1.61814
3.59367
2.56208
1.09283
2.42557
1.8717
1.59821
3.35852
2.60142
3.2141
3.13381
2.6739
2.32233
2.8699
3.80159
1.09169
1.9023
2.00799
2.7179
0.882444
2.72493
1.77934
2.53034
1.53372
2.20795
2.43958
1.51327
2.52402
1.77429
2.04692
2.96978
2.97529
3.37945
3.13685
2.77178
3.80551
2.60002
3.137
2.34762
2.40386
0.969292
2.74806
2.94997
3.21907
2.11702
2.11605
3.10506
2.58077
2.76346
2.3014
2.42624
2.3134
2.19307
0.634113
3.41736
2.28875
1.80331
2.89554
1.26252
2.2748
2.27974
2.07664
2.70611
2.33117
2.58151
2.88494
2.70284
2.90126
2.78601
1.82076
1.68494
2.57128
2.96374
3.77366
2.10509
3.48724
2.2724
2.84753
1.94798
1.90591
1.16266
2.95107
2.645
2.88008
2.69195
2.2889
2.58872
2.06634
2.68921
3.24548
2.41815
2.68875
2.23685
2.31657
2.36173
2.86026
2.21959
1.83029
1.71825
4.33457
1.69345
4.00197
3.68964
1.77057
0.915553
2.89894
3.10347
2.42827
1.32906
2.65165
3.01021
3.02073
3.62472
2.2723
2.38556
0.880947
1.54611
2.84407
2.18079
3.47479
2.69926
2.307
2.56198
2.38096
2.06387
3.14817
2.42049
1.74191
2.29999
3.89087
2.89187
2.65349
1.6523
1.81316
2.06078
2.10623
1.64746
1.91925
2.70222
3.14036
1.74822
2.69483
2.0511
1.89558
1.79274
3.4771
1.52772
2.58905
1.22399
1.75942
1.24232
1.2982
2.88377
2.87585
2.56233
2.35591
3.32505
2.64204
2.19694
2.71213
0.934782
2.86027
1.64489
1.82918
2.1127
0.899889
2.85754
1.99388
2.56504
1.65442
3.12953
3.09841
1.83303
0.857517
2.35647
-0.144555
2.31764
2.48041
2.06682
1.99152
2.78971
3.27596
1.51301
0.928477
2.82205
1.78639
2.85346
0.649184
2.86386
2.29854
1.67465
1.64228
2.78855
2.32799
1.75192
1.70073
1.52042
1.67789
2.05223
2.37447
2.10779
3.21746
3.28707
3.12039
1.24542
3.67462
3.32951
1.39656
2.2429
1.42214
1.90142
2.87893
3.07492
2.22386
2.12828
3.20123
1.87728
2.8758
1.01398
2.73704
2.19588
0.809211
2.00555
2.36199
2.80836
1.9351
3.56434
2.82081
2.56221
1.94034
2.34019
3.46777
1.28118
1.86965
2.51484
0.796337
1.8099
1.91255
2.82766
3.03064
2.20304
1.1131
1.73671
2.76625
1.07149
1.30665
3.04918
2.45773
2.57162
0.617286
1.35093
0.436009
1.51554
2.11792
2.86225
2.23913
2.23783
3.10207
2.75537
1.69814
1.86049
3.62717
2.0424
2.68537
1.74864
3.64174
2.81465
2.02602
1.84385
1.51432
2.42287
2.5899
2.42098
2.02157
1.96341
1.85694
2.35294
2.92118
1.66943
2.2625
2.60719
2.36772
0.966574
3.01176
2.44027
2.76858
1.75959
2.5453
1.65898
2.81745
2.23303
1.62373
2.29177
1.50086
2.06764
3.72005
2.96049
1.72117
1.86491
2.09187
2.17267
1.80024
3.27044
1.76471
2.10771
1.57918
2.09275
1.50894
0.919436
2.39086
1.73914
0.0991205
3.11489
2.8029
2.52155
2.4318
1.09279
3.23622
2.47761
2.43363
2.36709
2.47253
1.25243
1.89859
1.91385
3.27715
2.53153
2.08381
2.18969
2.59434
1.90769
2.32195
2.04321
3.31834
3.27154
1.52863
2.64022
1.50745
2.36007
2.7873
2.85399
3.64326
2.7792
2.05076
3.14057
1.23767
1.71605
3.31949
2.48505
1.77032
2.23283
1.75309
1.61958
1.7504
3.36518
2.42833
1.59239
2.33017
3.4438
2.29282
1.93367
2.14451
3.2515
2.43347
0.78637
2.3353
1.84497
2.60024
1.99639
2.80941
1.87824
1.58967
2.43451
1.947
2.94567
1.47052
1.50428
1.72719
1.41997
1.7143
1.88987
0.858867
0.848592
2.45007
2.07426
2.34209
2.39754
2.47532
3.25756
2.10808
2.27943
3.10465
2.16218
1.71139
2.30759
1.88387
1.2731
2.94612
2.6514
0.761573
1.24225
3.33472
3.28953
2.94613
0.990113
1.71685
2.53619
2.6883
2.82631
1.43892
0.624333
1.63836
2.29225
2.03479
2.53311
2.48868
4.2657
2.52827
2.36012
2.36736
4.79618
1.39479
3.995
2.52898
3.41877
3.17964
2.84778
1.7295
2.38456
1.04572
2.43741
2.20779
2.73168
2.04474
3.46401
2.71316
2.72556
3.51848
2.11114
2.9898
2.5578
1.48559
1.69357
2.10554
2.91296
3.83135
2.78409
2.14142
1.66318
2.2958
2.68724
2.16297
2.18608
1.19936
3.13855
3.30535
2.88469
3.09081
2.39395
2.7502
2.69895
2.43521
2.13269
2.99736
2.04087
2.23604
2.57782
1.53532
1.77435
2.95874
2.77174
3.21424
2.58386
1.87641
1.95042
3.53795
3.14748
2.00701
3.06634
2.53963
3.14336
2.21115
3.80326
3.55053
2.79301
2.23417
2.46334
1.7675
3.48526
2.07408
1.86312
1.56121
2.00029
3.38924
2.21222
1.26333
2.73466
1.82196
3.38436
3.09261
2.40283
2.70781
2.37492
2.93839
3.16856
3.75445
2.73337
2.49026
2.42311
2.98877
2.67862
2.16058
2.02148
1.89907
2.65281
1.92756
2.26999
1.10028
2.40655
2.28968
1.84847
3.11622
2.68835
3.10704
3.22781
2.40827
2.6364
0.621869
1.63296
1.74401
2.61199
2.24332
2.06374
1.79745
1.75326
1.36053
0.77105
3.04577
0.810494
3.70374
2.377
3.5115
2.60582
0.707861
1.56908
2.03166
2.22529
1.50983
0.903484
2.56051
1.64511
2.48308
1.43861
2.30075
1.42002
3.62994
2.84229
1.42953
1.62238
3.25706
2.78311
1.93131
1.51735
2.18478
1.75507
2.03487
2.89648
1.84396
1.9937
2.60345
3.61382
1.29479
2.50594
1.48421
2.48041
2.95276
2.29292
1.3656
2.02994
2.97289
2.96983
1.8364
2.53853
1.69251
1.80774
1.67678
2.10782
1.96584
3.47815
2.99754
2.41102
2.62151
2.09529
3.29829
2.31328
2.70843
1.75568
2.10058
1.50549
2.34639
2.17666
1.50891
1.74271
1.73636
2.24845
3.07706
1.87634
2.15409
1.6234
2.07332
2.81659
1.52248
1.75284
2.57186
1.4384
2.23885
2.16898
2.83406
2.70578
2.68833
2.53267
2.09866
2.06377
3.45558
2.55303
3.12392
1.07476
1.61827
2.11428
2.50757
2.05784
2.12523
2.0476
2.10953
1.34047
2.3522
2.46832
2.96499
3.17304
1.96103
3.36964
2.33664
2.35754
2.75066
3.27605
2.5947
2.16083
2.92104
1.90942
3.15071
0.316322
2.79722
1.55108
4.06057
1.1654
1.02561
2.59114
1.27176
2.35049
2.60065
2.08607
3.07846
2.6408
1.91429
3.23476
1.29683
2.09243
3.15409
0.8974
1.64356
2.35378
2.67559
2.20836
3.10112
2.69799
2.36914
1.62021
2.33842
1.94906
1.16186
3.1592
2.32619
1.73732
2.6811
1.78489
2.28298
1.075
1.62231
1.5879
2.40224
2.4774
3.39674
2.11311
2.12146
2.57226
0.929557
5.05812
2.98888
2.09812
0.63013
0.938114
1.9231
3.07756
2.1959
1.97024
1.77263
2.60809
2.86925
0.954877
3.40438
2.59104
1.60331
2.25524
2.57911
2.40151
1.77775
3.19859
1.90608
2.60916
1.37953
2.88011
1.22455
2.33675
3.3806
1.96603
1.43869
2.18932
3.61459
2.77166
2.73494
3.00936
2.06921
2.90056
0.932417
2.27632
3.49993
3.75866
2.68115
1.98907
3.01502
1.08674
2.97822
3.56311
2.72168
2.32107
1.82748
2.7449
1.55666
2.5622
2.5717
1.51876
1.58979
1.60437
2.39054
2.86574
2.03698
1.96341
1.81602
1.34626
1.36807
3.64709
1.92226
2.80265
2.19112
2.34193
2.63548
2.30544
2.85329
2.34047
1.09277
3.01269
2.69751
2.12331
1.33396
2.10916
1.70816
1.95584
1.86096
1.30851
0.35455
1.67162
1.52442
2.95881
1.6154
1.53944
2.30718
1.16932
1.88155
2.35454
1.73965
2.71299
2.16411
1.29654
2.00294
2.03228
2.20874
1.40209
2.26715
2.1896
2.19857
3.65963
3.42758
2.59241
3.75047
3.01477
0.931893
2.01954
3.49524
2.87432
2.50598
3.22512
3.29535
3.35733
2.33043
2.14507
2.35717
1.8786
1.69761
1.36885
2.09259
0.297229
2.08536
2.05407
3.35478
0.900047
3.08041
2.02343
2.52884
2.33711
2.19916
2.775
2.38688
2.10405
1.42934
1.75555
3.42097
0.99258
1.09781
1.41696
2.62257
2.25688
2.13081
1.95105
1.91216
0.634699
4.52025
1.20773
3.41769
1.54487
2.37528
3.70176
3.44892
-0.18431
1.53847
2.63057
3.35072
1.98513
2.952
2.42398
1.24056
2.64372
2.71483
2.42212
2.67073
1.788
2.42022
2.783
2.00565
2.28584
1.69773
1.76265
2.78296
2.10247
2.13397
1.91187
2.49359
2.0852
2.43212
2.08535
2.44484
2.29997
3.16624
1.60692
1.65223
3.51268
2.43306
1.78764
2.36568
1.80004
2.26881
1.08413
0.822852
1.92586
1.96152
1.51432
2.06106
2.6276
3.42969
1.34925
2.56778
2.56389
4.14479
2.3141
2.292
3.88923
2.21318
1.82952
2.09294
2.49264
2.64843
1.89895
1.51847
2.04879
3.2251
1.40429
2.91361
2.8767
2.01774
3.31949
1.49866
2.77352
2.97294
3.40052
0.194092
2.66779
2.63855
1.11593
0.977272
1.77161
3.10761
1.98951
3.53849
2.27909
2.73905
1.69311
1.86144
1.4752
2.51957
1.82066
3.00348
3.82891
2.48016
1.77105
1.67871
1.21848
2.56572
2.84412
2.64488
2.07793
0.961702
2.52761
2.02979
2.2501
2.85511
2.87422
2.37026
2.85681
2.0909
1.74143
3.33612
2.20411
1.00301
1.17337
1.53843
3.35136
2.59397
2.15211
2.30115
1.32067
2.43623
3.85539
3.06124
3.14336
3.27722
1.59931
2.70337
2.24251
2.45605
2.49711
0.904275
3.01675
3.14358
2.5215
2.49743
2.2915
3.28788
2.61256
2.19991
2.87613
1.25584
2.92963
2.38945
2.05305
2.60517
3.10609
1.94869
1.77814
2.05805
1.90247
2.63878
2.69173
3.33186
1.36964
1.87781
2.95091
1.92768
3.46685
1.24851
2.28833
1.25495
2.83224
1.82984
3.63718
2.50315
2.79959
3.3439
2.8747
1.44786
4.10977
2.6399
3.27831
3.39469
0.578331
1.56919
3.8572
1.88221
1.99314
2.50986
1.7729
2.02082
0.91949
0.786893
1.96689
1.70711
4.75279
2.68283
2.9355
2.53136
1.63974
2.30638
2.28015
1.22826
1.77105
2.8408
4.15938
2.03694
2.315
2.10051
2.73962
2.0406
1.91563
1.01986
1.76377
2.5374
1.71137
1.19115
3.15365
3.45752
2.83192
2.6053
2.78346
1.76177
1.37999
2.77628
1.76269
1.11539
2.23982
1.02012
3.67773
1.66664
2.51689
1.37152
3.03759
1.74265
3.64878
3.5247
2.45261
3.49107
3.8579
3.82856
3.04938
2.43736
2.96923
2.97708
2.40165
0.410783
3.04761
0.695422
2.35907
2.33553
2.94788
2.25506
2.26098
3.44735
3.06432
3.67958
2.41128
1.64509
2.04477
2.42256
1.86715
0.770235
1.59412
0.99945
3.09431
2.116
2.46812
2.6925
2.10656
2.42744
2.12034
1.57814
1.77113
2.69076
1.91442
3.3088
1.74115
3.11342
1.66152
2.98513
2.98445
1.51382
3.25352
1.3416
2.4685
3.03793
2.13202
1.71206
1.09169
3.56343
1.62982
1.32294
2.41358
1.93038
1.56103
3.55099
2.87472
3.0414
1.64799
3.42781
1.87138
2.03498
2.80258
3.4052
2.85127
0.965976
2.35729
2.71046
2.63652
2.23201
1.79165
2.87369
2.12918
2.54623
2.02539
2.1572
2.14861
2.02919
2.47135
1.77394
2.12229
1.66388
2.05595
2.6166
2.70017
3.29749
3.20938
2.23234
0.627487
2.86026
1.90598
-0.0492099
0.669804
1.61349
1.49642
0.786717
3.20325
1.81532
2.08065
1.14638
1.921
1.96478
4.02
3.38628
1.30173
1.76154
2.37771
2.01538
2.18824
1.41799
1.61461
2.47121
2.01211
2.32567
1.34388
1.0404
1.65872
2.50957
2.74573
2.50513
2.68733
1.89013
2.29698
1.68712
1.90338
2.64319
2.36331
1.05307
1.21348
3.07768
1.63458
2.95372
4.11281
3.19659
2.58408
3.20544
1.99365
2.51746
2.75858
2.52861
2.27754
3.1282
2.66395
2.74674
2.5898
2.09053
1.93354
2.37197
2.94256
3.39374
0.644485
3.59959
3.20588
4.06127
0.791616
2.23152
1.93939
1.68579
2.89763
2.27713
2.48841
3.13144
4.25338
2.04488
1.62124
1.43677
1.6282
3.07255
2.5075
1.92306
0.40628
1.39875
3.12935
2.54941
1.36451
4.70145
1.98995
1.70652
1.6974
1.27393
2.12849
1.14469
1.40354
2.19216
2.54709
1.25325
2.52311
1.13875
2.24128
2.25138
3.10096
1.69624
2.85569
2.97057
2.42962
2.3044
1.95761
2.95731
0.880016
2.22726
2.07655
2.16009
1.99553
2.32074
1.26434
1.35147
2.45408
2.30368
0.756066
3.6964
3.80533
2.57232
2.81363
1.79901
1.03736
1.19118
1.04957
1.57539
1.0967
1.51382
2.78461
1.9855
1.02046
1.10144
1.54924
1.30329
1.81771
2.09327
1.68157
2.76249
3.03997
1.73647
3.08076
2.17652
2.1569
0.877821
2.53942
2.28039
2.04974
2.00935
2.13984
3.33082
2.46146
2.63036
0.902439
2.75371
3.43208
3.52082
2.86905
1.94079
1.57727
2.48623
4.211
2.01364
1.71447
1.99927
3.2843
2.69796
2.33129
1.71007
2.13053
1.30825
2.42046
2.27298
2.43236
1.51757
0.502537
2.10074
1.60582
3.91873
2.5236
1.51313
1.78498
0.347248
2.25761
2.04269
2.97949
2.0048
2.7922
1.7992
2.89059
1.38351
0.944307
2.9687
1.38593
2.37299
2.44036
2.79078
2.49489
2.51311
2.18081
1.49281
2.36897
2.63029
1.04144
2.24575
2.44791
2.05176
0.986402
1.89877
2.5982
2.58003
1.17873
3.48175
2.25602
1.98681
2.82893
4.47502
1.14051
2.46267
2.62657
2.52869
1.37753
1.31963
2.13562
3.1513
1.43936
1.28422
2.42767
3.19333
1.91065
2.84958
1.95619
1.8858
2.40079
2.30726
2.65933
2.44794
3.07205
1.95114
0.981674
1.49371
2.16033
1.95606
1.83949
2.33488
0.877407
2.37321
2.21937
3.14513
2.05807
0.980521
2.11425
3.32731
1.96412
1.36692
1.85547
2.44204
1.73044
2.61238
1.57334
3.12619
2.70506
1.8965
3.0922
2.66142
1.91452
2.50244
2.50009
2.54809
1.98634
1.71243
2.8347
3.7473
2.99344
1.4201
2.78032
2.00614
2.91406
2.75545
3.54907
1.79175
2.0043
2.31671
2.30246
3.92285
2.69443
2.5891
0.625473
2.26257
2.35207
3.2334
2.09336
2.25401
3.82845
2.78392
1.98356
1.54972
0.503023
2.36246
2.75368
3.43851
1.696
2.34287
2.21838
0.529812
1.28961
2.7523
3.16045
1.63085
1.95712
2.12767
3.55319
2.39776
2.49083
1.93679
2.77527
1.69083
2.92745
1.46353
1.75046
2.64623
2.65755
2.64089
2.01727
1.90969
3.2511
1.6725
2.55293
1.39846
1.44812
1.51254
2.28872
1.44895
2.7743
2.40774
1.83179
2.55675
1.36939
2.36909
1.92438
2.67556
3.04825
3.16565
2.37574
2.21546
3.01321
2.701
1.6698
1.07244
2.49616
0.837087
0.460871
2.17683
2.30326
2.68711
2.22848
2.65602
2.7241
3.31013
1.51426
2.59341
2.84852
2.114
2.84989
2.77458
3.04494
1.30592
2.13444
1.82327
2.5449
1.64914
2.24139
2.327
2.21769
1.46963
1.80671
2.58245
2.03323
1.51001
1.39696
3.36899
1.62576
1.64775
1.94798
2.62754
2.17702
3.4823
1.73928
2.88622
2.34713
1.24361
1.83494
2.94636
1.16348
2.55444
0.620959
2.55307
3.07152
2.16716
1.65154
2.517
2.63326
3.02365
1.88362
1.4059
0.746782
2.23215
2.86057
3.13154
2.27138
1.82195
2.82544
3.33358
1.56663
1.31514
2.03457
2.57882
2.48093
3.03372
2.43509
1.36982
2.23721
1.20139
1.43689
2.01014
1.99158
2.85813
1.48793
3.0283
3.01217
1.72904
2.87881
2.28352
2.75896
1.21367
1.47475
3.21056
1.50794
2.03519
2.89228
1.57181
1.50382
1.12927
2.68506
3.55017
2.3604
2.81338
3.59105
4.66873
1.73031
2.58611
1.57005
1.44876
2.01206
3.67693
2.57069
1.35408
2.78891
1.5589
2.59882
2.15755
2.25474
2.50977
3.12126
2.33045
2.61359
2.22643
0.987771
1.69193
2.55997
1.29568
1.4527
2.90175
3.22914
2.56799
2.81974
2.06173
1.31183
1.4312
2.48348
2.73276
2.69035
2.19509
1.37741
1.03596
2.37154
4.28075
1.83439
2.42804
3.81486
2.85567
2.36627
2.77315
0.922547
2.74434
2.12458
0.736167
0.613299
0.697128
2.04575
2.87907
1.32511
3.11359
1.83489
2.21418
0.963174
1.90341
2.27344
1.49218
2.06914
1.18149
-0.122393
1.93088
2.07856
2.82246
2.73789
3.0465
2.3142
3.28849
1.98144
3.29157
1.53481
2.79465
2.76449
1.96721
2.63184
2.64471
2.01568
1.19415
1.55253
2.05186
2.75418
1.4191
1.3193
0.961399
1.37284
1.86643
1.20442
2.56113
3.15025
1.66868
1.61548
3.33538
1.62096
3.31362
2.89516
2.43021
2.15084
1.26299
2.09508
1.81973
2.7712
3.65722
1.80364
3.5421
2.80329
2.26391
3.18978
3.246
2.46717
2.73449
1.61267
2.84191
1.14917
2.37523
1.27894
2.5882
2.64671
0.85197
2.26364
1.85968
1.57852
2.09901
3.27757
0.816352
2.89618
2.5187
2.37975
1.05201
1.09212
3.43698
2.75589
1.07375
2.3504
2.23123
2.53952
2.47003
2.76705
3.53021
1.3698
1.43885
1.82686
0.999207
1.76003
0.180272
1.39648
3.18299
1.59025
2.9174
1.92796
3.04599
2.25624
2.2681
1.95708
2.26672
2.70186
1.40635
1.23726
3.18045
3.0283
2.46155
3.28421
3.56795
2.5973
2.50712
1.55259
2.91178
2.04851
1.62475
0.792761
1.70269
1.9644
2.59712
2.44728
1.00215
2.08035
2.42262
1.54779
1.75876
2.75666
1.32045
2.90439
2.61377
2.71732
1.58569
3.30946
2.18147
3.19676
1.8299
3.13386
2.46673
1.40402
1.403
2.09664
2.76878
1.67547
3.201
3.71095
2.57919
2.08342
1.76027
2.98779
3.18249
2.48512
2.75902
0.960535
1.70941
2.10831
3.49599
3.56652
2.23942
3.15009
2.10573
2.62561
1.29009
2.75238
2.36035
1.95252
2.86577
2.10615
1.33244
0.665242
2.52913
1.95606
1.67897
0.85824
1.36283
1.46732
2.59164
2.76846
4.53423
2.68381
2.06767
2.04651
1.86029
1.89646
1.00271
2.61824
2.58581
2.33734
3.7046
2.30207
1.7191
3.3262
2.12271
1.27987
1.98625
3.62419
2.45447
1.75218
1.09216
1.32203
1.32568
1.36703
2.45988
1.54321
2.85624
1.88759
2.24106
0.844575
1.46099
2.98163
1.90508
1.70071
1.10685
3.10217
0.649463
0.642624
2.7347
3.19727
2.13922
3.67203
1.97157
0.433749
3.03628
2.09562
2.8563
3.32176
2.63309
2.18297
3.63559
1.5788
2.63538
2.27398
2.9411
3.07675
2.66969
1.83429
2.83233
1.89862
2.95172
1.76107
2.40833
2.09872
2.14747
1.92965
3.55192
1.9427
1.81999
1.58565
2.4046
2.84986
3.05248
0.859567
2.50292
2.55252
1.408
2.74943
3.02931
2.25913
2.80052
1.23778
2.78127
4.04002
3.25906
1.35005
1.91121
3.06422
2.28364
1.79831
2.21704
1.89388
2.3865
0.979787
2.51633
2.22278
2.00403
2.76029
2.84299
3.64304
1.83183
3.10435
2.94702
2.37675
3.06024
2.6011
1.04514
1.1342
1.85987
1.27648
2.72629
1.99791
2.35132
1.60341
2.81859
1.97943
2.70937
2.61745
1.45071
1.18327
3.20435
2.15422
3.27558
2.71468
1.55169
2.40324
2.11933
2.18939
2.88773
3.19553
2.44862
4.07581
3.90961
2.41561
2.28404
2.27289
2.98839
1.62862
1.87802
3.35377
2.79828
2.07134
2.65329
1.70844
3.15075
3.54606
0.0629465
1.71982
0.98407
1.75362
1.72937
2.92507
0.788087
2.7823
1.95509
2.23826
2.00498
2.21704
2.0962
1.66582
2.45948
1.97882
1.55201
1.37947
0.703792
-0.031293
1.65825
3.15111
1.46963
1.39628
2.87671
1.78057
0.695577
1.34431
2.18823
2.37331
1.88865
2.39804
2.22669
2.85845
3.03976
1.47892
2.6829
3.15097
1.09556
1.12837
2.78853
1.95228
2.63819
3.52795
3.21896
2.22197
1.10131
1.55705
1.00779
1.78468
1.66737
1.6828
2.70146
0.686631
2.04135
2.64237
3.83183
2.06365
2.63343
0.86371
0.924186
2.22026
1.39289
0.510427
1.5831
2.24429
1.60295
1.55614
2.96755
1.81633
2.09745
2.20249
1.91988
1.68781
0.962519
2.57725
2.06617
1.75103
2.12919
2.19621
2.63212
3.38572
3.29653
3.74947
1.71348
2.83288
2.39759
1.46665
2.26065
1.92203
3.59268
3.66607
3.6034
4.42546
2.48095
2.14215
3.31766
2.67605
0.918403
2.08822
1.7291
2.43721
3.19975
1.32304
2.07861
2.33064
2.02158
3.2638
2.46483
2.14756
2.8902
0.262836
2.96724
2.69058
4.36804
2.34891
2.11547
2.50286
2.72582
2.17853
1.70596
2.49677
2.27172
1.0136
3.30519
0.988113
2.15535
0.632987
2.68341
1.57257
3.00099
2.54347
1.11495
2.04102
3.58707
2.95936
3.47398
3.63108
2.89866
2.4
2.17959
1.96165
3.33968
1.84081
3.22
2.15947
3.76176
2.99317
2.17563
1.87828
2.38014
1.72921
1.63493
2.91608
2.05911
2.05373
1.23556
2.06209
3.38192
2.66915
2.2701
2.06362
2.61903
2.46869
1.29047
1.19688
2.68591
1.38312
1.06096
2.28428
2.16225
2.48223
3.2931
1.05221
1.49474
1.94428
2.0026
3.43168
3.24614
1.80533
2.36521
3.21204
2.72202
3.32664
1.93084
1.83434
3.08839
1.03727
2.05786
2.89935
2.44195
0.464586
1.23118
2.1953
1.07969
1.79098
3.07527
1.15279
0.967911
1.06008
1.82384
1.77748
1.98419
2.99456
1.02135
1.60152
1.99631
1.30504
1.95498
2.18966
2.95823
3.38182
2.01232
2.94135
1.94144
2.32576
1.28188
2.95895
1.58866
3.04835
3.19875
2.18557
1.49169
2.3908
2.74714
1.74948
2.60841
2.07974
1.04793
2.49101
3.27599
2.75931
3.73131
1.41936
0.677796
0.798399
3.11133
2.67505
2.51482
1.80391
3.00687
2.42246
1.494
2.30686
3.05914
2.20473
1.75409
4.05527
2.62651
1.9803
2.42155
1.58253
1.62626
4.21468
1.55391
3.44533
2.76296
1.2803
2.09056
3.59879
2.26595
3.15521
2.21252
2.19931
1.77759
1.73168
3.96685
4.19159
2.96994
2.03739
2.58418
2.40646
3.29194
3.07598
2.08944
2.02385
1.05086
2.25585
3.04936
2.06206
2.07654
1.94821
2.81262
2.04893
2.26558
2.1865
2.6847
3.57559
3.64608
1.64547
2.36714
1.6273
0.611199
2.50659
2.52185
2.72211
2.53574
0.644777
0.465303
1.16775
1.8071
2.29951
3.5015
3.68695
2.19098
2.38551
1.47736
2.12934
3.94491
2.28611
2.50874
1.84772
1.05396
1.64181
1.64546
1.79051
3.01716
0.5274
1.93885
2.16495
1.61722
2.54819
2.14126
0.466124
3.75852
2.75878
2.00254
4.1258
2.32236
2.43291
1.94289
2.78951
2.82267
2.55249
2.79469
3.15669
2.3927
0.635531
2.80735
2.54088
2.48169
2.53007
1.95859
2.67508
2.25284
2.96895
2.714
2.90952
2.5957
2.29331
2.7268
2.46978
1.82603
1.46562
2.34719
2.96151
2.33798
1.03159
1.91834
1.59963
2.0959
3.49044
1.36744
2.87539
1.27863
2.20979
2.93032
1.25066
2.93079
2.64203
1.18464
2.33405
1.85015
2.10564
1.55434
1.62272
2.00675
1.08353
2.76062
2.93784
2.1647
2.04079
3.15196
2.60204
3.88576
1.76981
1.36389
1.01034
0.368566
2.16016
2.35504
2.00144
2.5388
2.38724
2.48827
1.35098
2.56853
3.1477
2.16708
2.16613
2.08047
0.813743
1.92253
2.17627
3.38519
1.55562
1.67997
4.06627
2.31804
2.52362
3.14685
1.60779
1.5622
1.65335
1.92335
1.5803
3.06694
2.5345
3.06495
2.83898
2.07621
1.00309
1.65968
1.68195
3.29737
1.63519
2.00824
3.65792
2.09649
1.273
1.70693
3.13637
1.06073
2.15119
1.94847
0.478413
2.07383
2.65702
1.99842
3.06228
2.60746
1.54672
1.88939
1.93316
1.82137
3.1096
2.35445
2.08859
2.63923
2.71469
0.638189
1.96648
3.62517
3.09076
2.79554
2.27055
1.97258
3.18923
2.62032
3.00972
2.71721
1.41888
1.90278
1.49127
2.36742
2.24382
2.72937
1.20435
2.27568
1.02038
1.57329
2.97897
2.90823
0.937512
2.2011
1.41283
2.82566
3.00321
2.67933
1.27377
2.39821
1.37772
1.41208
2.66177
2.06553
2.49788
3.97708
1.50316
2.13244
3.52785
1.31827
2.37789
2.34719
0.143239
3.26881
1.69557
1.58783
2.54125
2.03656
1.72768
2.51958
2.77869
1.73237
1.74178
2.43349
2.59137
1.64245
1.65648
1.61142
2.11457
2.49443
1.49702
1.95898
2.95096
2.27957
2.41553
3.55019
3.07253
2.97312
3.6099
1.33188
1.5975
-0.0647371
2.67493
1.98796
1.2555
2.10859
2.25794
1.02435
2.07209
1.33877
1.16202
2.25406
2.33195
1.80774
2.52482
1.31854
2.47097
3.39875
2.77734
2.62141
2.4501
1.44634
0.661436
2.74505
2.82242
3.06413
2.26534
2.6317
2.8818
3.00354
-0.305121
4.64005
2.24816
2.71442
4.2245
1.86077
2.42117
1.11362
3.42527
2.44377
1.68869
4.43074
0.9797
3.53089
2.32726
1.53441
2.02697
2.27412
2.03685
3.10821
2.58469
1.65949
2.97483
2.03659
2.04085
2.71684
2.87457
2.43971
1.99328
1.51926
2.89867
2.74159
2.42351
0.60313
1.82535
1.75895
3.05884
1.22392
2.25883
2.3206
0.721415
0.234361
1.8704
1.57605
1.78237
1.4378
1.725
1.81084
1.38967
2.76117
2.39813
2.58359
4.17755
1.61172
1.43805
1.26562
2.57477
2.45659
1.75518
2.70206
1.95722
2.73953
2.57094
3.2727
1.67241
3.74614
2.25899
0.907698
2.31726
2.05667
1.51769
2.0588
2.71524
3.53659
2.63758
1.19474
2.32536
3.23249
2.26563
2.55141
3.46394
2.11344
1.9456
3.3412
3.49048
3.15004
1.56311
1.49043
1.15039
1.86452
2.12675
1.28426
1.17072
2.68358
1.60399
1.29735
2.70202
2.32926
4.00239
1.77515
2.85066
1.82564
1.67504
1.81566
2.34598
1.39416
2.94647
2.61358
2.50252
3.0655
2.73784
2.78067
2.21997
1.79078
2.28405
1.82977
1.55301
1.85039
2.13134
1.59725
1.50783
3.0801
2.71665
1.84804
2.06843
3.13649
2.05972
2.53293
2.18788
2.70064
0.71905
2.71071
1.68162
2.96434
2.57483
2.43106
1.76712
2.42177
0.855953
1.99367
3.99727
2.22023
2.97346
1.84529
0.801175
1.02848
0.686487
3.57176
1.26536
3.11219
1.81453
2.88572
3.59482
2.83312
2.20546
1.2459
1.93257
2.99954
3.39416
1.73861
2.16066
1.99065
2.84312
2.7045
2.73545
3.06046
1.83131
1.24327
2.8239
1.85079
2.06647
2.58513
2.1446
3.14949
2.34033
2.50563
2.82419
4.39243
2.13614
0.820206
2.30467
1.21402
1.93546
0.808689
2.37902
1.4928
2.03987
2.68581
1.65699
2.46138
2.32296
1.38238
1.13139
1.25395
2.94102
2.42108
1.91342
2.28518
1.9875
1.92126
1.91606
1.84156
1.25537
1.65556
1.76855
1.15618
0.936854
2.14388
1.75502
2.77752
1.41629
2.26448
2.0831
2.08308
1.64166
2.73977
2.44849
3.57766
1.85634
2.41831
1.94338
2.54279
3.13001
3.31564
3.83317
2.32087
2.47783
2.24144
1.73693
2.22529
0.213292
3.40054
0.763286
2.12306
2.52921
1.96877
2.09327
1.60789
0.783174
2.59981
1.13955
2.60529
3.00605
2.12506
2.64113
2.10904
1.57539
2.82866
2.44415
2.76182
1.9759
2.14071
2.09845
1.07365
0.734331
3.59545
2.88879
1.83602
0.124686
2.82835
2.56167
2.69997
2.33989
2.1451
2.3383
1.66023
1.4363
1.60181
1.71671
2.79875
2.30144
1.50516
2.80669
2.56008
2.37608
2.9244
2.32992
1.76357
2.20776
2.52854
4.16571
1.19599
1.70417
3.59332
2.03166
1.91808
1.40597
0.685154
1.72646
2.53066
2.44003
2.69914
3.24386
1.70973
3.11672
1.54539
2.23381
2.70346
3.33346
4.50898
1.94801
1.75723
1.56378
0.897101
2.01008
1.84692
1.38932
3.5586
2.78548
2.35653
2.45898
2.53944
2.0685
1.69847
1.85438
1.72618
1.33396
1.45508
2.05136
3.25871
2.41682
1.9825
2.39048
2.60403
1.40435
3.9159
3.40049
2.44879
2.0336
3.14877
0.505015
1.53549
2.3096
0.933641
0.3919
1.11737
2.56003
2.84236
2.64616
2.89673
2.90598
1.61419
2.43516
0.945427
2.90132
2.61462
2.05432
2.25501
2.53354
1.356
2.61069
2.0533
2.3438
1.29387
2.61917
1.49355
1.16278
1.86833
1.84511
2.21475
1.70663
3.18353
1.32039
3.88482
1.83693
2.54111
3.01615
3.71184
2.58261
2.70763
2.91632
1.17263
1.30994
1.75027
1.64409
1.51327
2.90931
3.12834
1.94458
1.79436
1.3134
2.34421
2.24194
2.29548
1.3044
2.61185
1.10314
0.793841
2.38163
3.66605
0.750321
1.40497
2.11516
2.59996
1.69696
2.76147
2.3671
2.46986
2.85256
3.37372
1.97463
2.25469
3.76818
3.03768
4.0441
3.14342
0.8037
0.608884
1.88611
2.52194
2.97184
1.5994
0.364507
2.71424
1.13866
1.91835
2.05205
1.85648
2.10023
2.83482
2.52686
2.1927
2.13124
3.34854
3.60385
1.9354
0.781985
2.47131
1.67788
2.83732
1.70561
3.92473
2.67791
2.55683
2.14512
1.73091
1.45463
1.99421
1.33206
2.10767
2.46787
2.40841
1.9118
2.5978
2.79223
2.85722
1.24235
3.74149
2.77546
2.45706
2.33324
2.82623
3.04415
1.99059
2.07695
2.3393
2.4116
1.60947
1.90073
2.3348
2.32466
2.30367
3.12818
2.46178
2.33794
1.3363
1.04319
2.98426
2.88035
2.63268
1.77334
4.29224
2.64626
3.17754
1.99507
1.24908
2.4624
3.23991
3.97694
2.51812
4.59101
3.31352
2.30701
1.87665
1.43489
2.87849
1.63531
1.59502
2.44206
1.25161
1.71183
1.39151
1.78383
1.37508
2.41481
2.72666
3.04217
0.30834
2.46384
2.12985
1.53867
2.67652
3.14726
1.96923
2.5972
2.01176
2.16309
2.49636
1.87844
2.66481
3.09907
0.864883
3.72543
1.31466
1.35785
1.49378
1.19902
2.932
2.15375
2.428
2.33441
2.98781
3.27455
3.69865
2.03272
2.76171
2.73203
2.10223
2.9839
3.47077
2.80904
3.15571
3.42248
2.63438
1.66888
2.45973
1.89446
2.26159
2.82513
2.07118
2.13313
1.60032
0.421251
2.69958
3.29922
3.79417
2.66677
1.89172
0.379283
3.11486
2.56019
3.00134
3.21699
2.60191
1.17093
1.47349
1.05392
3.34918
2.66256
2.77031
2.6662
2.20406
1.63728
1.05944
1.80161
2.07449
1.37696
3.647
2.72778
1.08617
2.01758
2.16513
2.1863
2.83061
2.6726
1.68074
2.15871
1.85642
2.64208
2.87273
3.00198
1.67146
2.23938
3.52358
2.78871
3.06767
1.46603
2.47954
4.0661
2.75825
0.755898
2.68835
2.70961
2.70462
2.63969
2.37472
2.80874
3.03603
1.61587
2.48039
2.1062
2.23617
1.74823
2.44
1.98427
2.34632
1.89616
2.43722
1.55265
1.34932
3.04368
3.77453
2.35818
3.46174
3.6473
2.86822
3.08376
3.1107
2.82245
1.70152
1.19902
2.02116
2.91567
1.77674
2.24849
3.48494
2.23847
1.92538
1.52385
2.87586
1.36911
2.88662
1.82494
2.7254
2.07961
2.85684
2.68255
1.15617
1.81126
1.83921
2.79679
1.5939
2.05248
2.75448
2.24574
2.75764
2.12124
2.43802
2.79019
1.00484
2.68114
2.33816
2.61899
2.61282
2.36881
2.19431
1.20479
1.92235
3.0532
1.66382
0.561857
2.54834
1.98612
0.379844
2.71539
1.64141
3.00713
1.3315
2.88065
2.31627
2.0126
0.98205
2.39346
1.00543
1.98905
1.47314
3.55082
2.71479
3.56935
3.65973
2.49604
2.39875
4.18134
1.53811
1.31132
2.18454
1.66722
1.84795
1.80872
2.76381
2.4012
2.16703
2.57386
1.40527
2.52576
0.681663
2.50327
3.3869
1.9302
3.47489
3.24122
1.51148
3.04496
2.32919
2.33367
3.0053
1.79464
1.94545
2.72891
1.822
1.97438
0.875671
2.43818
2.50682
2.15314
1.6819
