2.13544
2.04849
1.52425
1.7581
1.69174
2.42528
3.37565
3.09947
3.53608
2.28573
2.74359
3.17127
2.50886
2.18324
3.36957
3.77234
2.80397
2.44402
2.73622
3.34277
2.16592
3.17094
4.02417
2.4804
2.16
2.52165
2.30817
2.41033
2.91782
2.59416
2.72848
2.44749
3.36153
2.5957
2.94161
2.00451
2.25497
1.28642
1.82256
1.8588
1.40675
2.16273
1.43522
1.78699
1.72961
1.66275
1.61522
1.61329
2.0605
2.14534
1.75673
2.24528
2.48342
2.38681
2.22249
1.94846
2.47744
1.15651
2.03876
2.51888
2.10697
2.59809
2.99384
3.34643
1.77647
2.08747
1.21742
0.95378
2.39189
2.17929
1.82933
2.55758
2.41674
3.43517
2.16613
1.68217
2.66112
2.67761
2.96179
2.69412
2.74705
2.58442
2.75752
2.52424
2.75557
2.73996
2.6963
2.93357
2.16765
2.03936
3.18022
2.54962
3.00824
3.63198
2.39635
2.67997
3.46703
1.53693
3.08573
2.81349
3.02526
2.47751
2.49789
2.24609
2.5561
2.85149
2.12974
2.77247
2.58217
2.17492
3.28845
2.01652
2.97141
2.80118
3.60987
2.99504
3.26305
3.10906
2.65389
2.2609
2.3037
2.37357
2.72075
2.93785
2.48151
2.02801
2.34511
2.00922
2.30637
2.45451
3.37019
2.37801
3.09296
3.23921
2.19424
2.57203
2.40821
1.9477
1.58546
3.39395
2.53977
3.31024
3.98033
2.92046
3.04796
4.21792
3.5232
3.31875
2.77967
2.04862
1.86587
2.12062
3.23488
2.81851
2.84209
2.66703
3.02053
3.60994
3.75738
2.60385
2.64681
2.94488
3.55427
2.99101
3.24314
2.54816
2.4158
2.44577
2.61963
1.91177
2.9352
1.52211
2.50656
2.68111
2.39241
2.32874
2.36364
2.53048
3.21294
1.11818
3.15964
1.82254
2.78326
2.17256
2.56174
1.59773
2.744
3.12747
3.29194
3.69017
2.4337
3.2878
3.37615
2.60787
3.11489
3.55158
2.12422
2.6363
2.63633
2.70398
2.5445
3.47279
2.62506
2.31446
3.7834
2.7759
2.20141
2.99418
2.61194
2.18529
2.65455
2.3104
2.86708
3.28014
3.46372
4.46612
3.30877
2.74745
2.51509
2.64918
3.44022
3.00257
3.72919
3.4922
2.71536
3.93406
3.086
3.01424
3.81387
2.33388
2.92117
2.72843
3.07883
3.40253
3.99735
2.4753
3.40736
3.27768
3.21611
3.0309
2.96736
3.37854
2.04125
2.78663
2.97222
2.38292
2.99421
3.16354
3.2158
2.72956
3.2007
3.68853
3.20844
2.75789
3.4862
3.07483
3.65145
2.48084
3.35864
2.50861
2.70107
2.16284
1.97704
2.42108
1.72106
1.28502
1.79652
1.84355
1.88615
1.4839
1.34669
1.21336
1.96414
2.70718
1.91535
1.82384
2.14226
2.55426
2.12026
1.96148
2.23762
1.63783
2.0963
1.75548
1.75614
1.86618
2.25472
2.31954
1.98083
1.98235
1.88184
1.64562
0.0847135
0.551179
0.563163
1.20594
1.27481
1.65832
1.46045
1.49552
1.08435
1.53076
0.592708
2.0179
2.13181
1.74218
1.8046
1.68232
2.46527
1.31547
1.55135
2.38597
2.67432
2.43315
2.26558
2.17869
1.90276
1.94549
2.07358
2.92825
2.46505
3.29234
2.57394
2.14749
1.99748
1.90917
1.6817
1.80452
2.47287
1.64298
2.02154
1.73749
1.88815
2.22366
1.82286
2.46149
2.52454
2.04762
2.51071
1.00221
2.43207
2.55723
3.23607
3.15448
2.60361
0.995977
0.632833
1.7549
1.09886
2.09917
2.26922
2.72881
2.45493
2.40577
2.03475
1.2706
1.71311
1.69703
1.79065
1.59821
1.96911
2.44361
2.31993
0.973124
1.5144
1.14594
0.903675
1.88373
1.46257
1.74198
1.87289
1.98082
0.811454
2.54639
1.77031
3.17226
2.8566
2.90751
2.7035
2.02654
2.49585
3.0014
3.40647
2.60949
3.5446
3.23937
3.45022
3.05693
2.43248
2.06952
2.89525
2.18474
0.899673
1.38803
2.16208
0.816673
2.00289
1.75373
1.05888
1.72248
2.4514
2.21498
2.01021
1.65445
1.8746
0.964371
1.34665
1.17354
1.75268
2.15366
1.0196
1.47169
1.63017
1.16131
1.62965
2.76758
1.83159
1.70707
2.05714
2.16703
2.24824
2.06564
1.61331
1.8744
2.29819
1.91212
2.41771
2.71765
2.32762
2.5006
2.24273
2.25119
1.61631
2.6613
2.25549
0.941431
1.88152
1.31404
2.05058
1.33947
2.35014
2.35505
1.72274
1.56446
3.14322
2.24817
2.57467
2.26038
3.16491
2.69205
2.51302
1.64419
1.67126
1.516
1.41944
0.489706
0.902776
1.30773
1.31843
2.15091
2.67107
2.22142
1.7477
2.81244
3.41567
2.39215
2.95176
2.3383
2.75034
1.85848
1.21446
1.35915
1.77456
1.35112
2.08477
1.80768
1.7141
1.76995
2.69085
2.0109
3.57171
2.79548
2.20518
2.13745
2.95646
4.40785
3.32789
2.26211
2.30185
2.20003
1.93878
1.77223
2.37253
1.92493
1.96678
0.723289
1.71907
2.96141
2.12489
2.04363
2.35113
2.08326
2.90707
2.49472
2.97792
2.4795
1.81759
1.68747
2.44508
2.59362
1.99995
2.83716
2.90929
2.81227
3.46178
2.78919
3.81738
3.0474
3.23942
2.56893
2.52026
2.23336
2.24668
1.15573
1.63273
2.26275
1.87023
2.57325
2.70536
2.30048
1.81839
2.1817
2.13358
2.09442
2.40069
1.85714
2.22951
2.14627
2.14476
3.05339
1.33288
1.98116
1.48686
2.53296
1.55334
1.8079
1.69811
1.8859
3.08295
1.72731
3.20315
2.72382
1.9258
3.13622
1.33202
1.98052
1.53416
0.835618
1.80986
1.24566
1.37724
1.38399
0.755554
0.349483
0.748184
2.16473
2.54165
2.25871
1.97293
1.62368
1.82223
1.95499
2.55141
2.64628
2.17432
2.66455
2.07657
2.88605
1.88201
1.78072
1.6276
2.15143
2.40306
1.98627
1.69727
1.4276
0.913255
2.1915
2.56579
2.77734
2.73653
2.97164
2.91661
2.81907
2.6567
2.81673
2.7485
3.4011
2.38913
2.15406
1.65363
1.32309
2.64286
2.24899
1.94493
2.03901
1.78838
2.48122
2.82069
1.71601
2.13946
2.26151
3.11471
3.09262
3.81634
3.90932
2.39805
2.73678
3.25366
3.34369
2.86265
2.6141
2.435
2.66084
2.54778
2.86197
3.00457
3.3059
2.70377
2.75424
2.62396
2.65006
2.97748
2.45463
2.02119
2.63066
2.45345
3.17133
3.18877
2.40671
2.11573
2.30802
3.0752
2.4766
2.62556
2.29
2.67109
1.43934
2.48386
3.04105
2.5704
2.21618
2.00288
2.63467
1.67283
1.98208
2.82566
2.5019
2.06428
2.95074
2.41959
2.5612
2.13966
1.58267
2.32072
1.75995
1.64182
1.90741
1.64871
0.895897
1.72266
2.07364
1.76763
-0.00284947
0.849016
1.30519
1.97915
1.41844
1.72227
1.68275
1.51847
2.13942
1.17928
1.79304
1.49713
1.60915
1.93565
1.69642
1.29571
2.67115
2.54707
1.41226
1.16316
1.52607
1.62025
1.67167
2.32902
1.43781
2.42066
2.08086
1.62826
2.27382
2.83526
1.80835
3.002
1.94706
2.14481
2.43064
1.59419
0.99024
1.41558
1.3416
1.5443
0.957725
1.01475
1.7913
1.27889
2.02594
1.38919
0.666125
1.21317
1.87048
0.871026
1.12836
2.0614
2.18575
1.13704
2.09562
1.74126
2.45737
2.00365
2.26016
2.68659
2.74859
3.18743
2.27339
2.20513
2.45471
2.62973
2.08847
2.7702
2.49336
1.97349
1.66128
1.81676
2.0511
1.72257
2.23582
2.24176
2.81469
2.61309
2.20792
2.83914
2.84899
2.75776
3.32422
2.81916
3.18026
2.60566
3.09032
2.81313
1.20045
1.73461
1.525
1.68072
2.39267
1.59041
1.69989
2.20646
1.80733
2.27826
2.46261
1.86313
2.20863
3.18524
1.85359
1.14221
1.04923
2.11908
0.921609
2.0736
1.64839
2.25279
2.00027
2.41787
2.24834
2.16911
2.73787
2.38166
2.29034
2.53257
2.56348
2.59471
2.19893
2.29109
2.3541
2.42985
2.14206
1.9416
2.66829
2.34939
1.39687
3.49107
2.73156
3.10604
3.05298
2.54505
3.08059
3.44491
3.25023
3.34761
3.94535
4.00375
2.90952
3.12867
2.09428
2.14863
3.35078
3.36858
2.06299
3.25304
2.95188
2.82624
3.2031
3.10434
2.13292
2.83947
2.27069
3.18147
3.02402
3.31072
3.27398
3.05125
4.243
2.98692
2.62381
3.03044
3.07376
2.69594
2.15695
3.86536
4.58345
3.15571
2.81536
2.88007
2.54679
2.67182
3.26166
3.9707
2.94845
2.13381
3.85719
3.66924
3.42793
2.82758
3.33763
3.81364
4.66218
3.10503
3.45047
3.65056
3.44638
3.58894
3.39272
3.72453
3.11015
3.36695
3.49149
3.08502
3.76983
3.69787
3.13174
3.1029
1.97015
2.86371
3.22313
2.77022
2.64964
3.1409
3.11103
4.1333
2.74203
2.91454
2.86513
3.94324
3.30746
2.58022
2.56036
2.91789
2.89312
2.47378
2.72516
3.35618
3.58919
2.99522
3.58826
2.64694
2.45997
3.44469
4.11606
2.77042
3.00032
2.57508
2.77487
2.27583
3.9082
3.50695
3.0679
3.03908
2.60536
2.04798
4.14037
3.04053
1.43206
1.99583
2.59775
2.40453
2.51379
2.56181
2.23989
2.48803
2.0793
2.94024
1.50211
2.95123
2.10237
1.18653
2.13175
2.10376
2.52111
2.74258
2.95973
4.20719
3.01142
3.91242
2.99735
2.7059
2.97617
2.13885
2.27583
2.9659
2.13134
2.43351
2.46238
1.78428
2.36817
3.30651
2.27614
2.44412
2.35427
2.58989
2.39449
2.31233
3.0565
2.87699
1.80544
2.98859
3.68743
3.80361
3.60528
2.93409
2.6125
2.54232
3.20069
2.31907
3.09643
2.05504
3.43144
3.00472
2.95597
2.55518
2.59268
2.96408
3.42665
3.28933
2.63739
2.8115
2.08003
3.16167
2.77895
2.76539
2.5857
2.70257
2.66035
2.48382
2.11259
1.89667
2.09883
2.59265
3.18738
3.95523
4.26137
3.0294
3.55755
2.69991
2.45193
3.1876
2.44327
2.90494
2.16673
3.21642
2.84816
2.52052
2.19617
2.86287
2.65582
3.99796
2.7619
3.33974
3.08306
2.93969
2.99308
3.18119
2.6854
3.0803
2.64733
3.09346
2.96425
1.8501
1.94905
1.92797
1.82694
2.03847
2.29955
1.68059
2.05127
2.46254
2.33359
2.0011
3.19805
3.74269
3.08755
2.32375
3.08391
2.37233
1.48222
1.58788
1.92886
3.27408
1.16199
1.26709
1.79727
2.09667
2.26026
2.79941
3.15647
2.65177
2.55095
2.45965
2.4446
2.96469
3.14807
3.34149
4.23966
2.86397
3.56445
2.56864
2.02098
3.12651
1.85871
2.68209
2.64401
1.50506
1.61034
3.06343
2.63515
2.3304
1.8863
2.69589
2.47594
1.38271
1.57075
0.577469
1.46614
0.437644
1.42321
0.377882
1.67501
0.833166
1.22069
0.792016
0.685106
1.69934
2.27505
2.03311
1.92948
3.57964
2.85986
2.16787
1.27822
2.03101
2.5281
2.52949
2.17517
2.24019
2.28627
3.12259
2.54956
2.14455
2.54693
2.47233
3.87864
2.74454
2.95399
2.95352
2.50865
3.49964
3.96327
2.94974
2.26385
1.93572
2.15255
2.93005
3.15791
3.33367
4.1315
3.25938
2.63158
3.21041
2.30126
2.79657
2.501
3.01396
2.72305
1.74605
1.40897
2.51566
2.74263
2.82128
2.34144
1.86912
1.91477
2.07356
2.61596
2.17555
2.06631
2.01258
1.18973
1.67648
2.446
2.1832
2.0295
2.86724
1.29354
2.16641
1.57637
1.63108
2.25105
2.08388
1.60248
0.96145
1.81571
1.8737
2.41383
3.09433
3.45641
2.51415
2.64221
3.15521
2.72213
2.2514
2.78796
2.99425
2.69766
3.21319
2.46561
2.45312
2.7437
1.79821
2.79885
2.21251
2.05218
1.92353
2.87652
2.87544
2.83458
2.3428
2.47015
2.34153
3.35681
3.25468
2.72681
3.59822
3.1226
2.34587
3.15765
2.68201
3.23015
3.75408
3.64902
3.36053
3.67183
3.18362
4.37726
3.76418
3.21806
2.11873
2.95562
2.88643
2.19301
1.94543
3.28424
3.08134
2.88946
3.42874
2.6029
3.07575
2.79732
3.1015
4.35962
3.60315
3.72224
3.54509
3.82045
3.27487
2.69781
3.17396
2.69905
2.55074
2.90031
2.26014
1.98215
2.83048
1.97966
2.42109
1.74914
2.38785
2.67663
3.33084
2.48749
1.61672
2.27751
2.10939
1.69168
3.17465
2.79416
2.40047
2.92495
2.24501
1.84648
2.60902
3.1705
3.33859
4.22912
2.69725
3.67562
3.28337
3.36041
3.28873
3.51643
2.90964
1.8435
2.43708
3.19032
2.33237
3.25529
3.32395
3.17552
3.10937
3.49397
3.44186
3.85408
2.4032
2.05208
2.72738
3.72436
3.87538
2.95115
1.87254
2.50515
1.66412
2.56633
3.03959
2.48895
2.21747
1.62307
2.50451
2.11903
2.16654
2.10327
3.30092
1.51855
2.40154
2.23039
1.35167
1.13663
1.54544
1.51685
2.52787
2.08345
1.49223
2.01256
2.48958
1.89812
2.13154
1.70214
2.12656
1.63773
2.0488
1.61758
1.61925
2.24902
1.83063
1.57239
2.84377
1.30198
2.71225
1.91441
1.77499
1.44631
2.28266
1.88766
2.33196
1.72306
1.74569
1.97744
2.50948
2.27801
2.17849
1.26215
1.9364
1.7764
3.11136
2.29638
3.73864
3.3657
2.58309
3.84698
3.00626
4.14031
3.55299
3.04419
1.87921
2.19033
2.70441
2.74096
2.60812
2.87194
2.59122
3.27549
2.82308
2.94284
2.80686
1.90363
1.82765
3.47034
2.28548
3.17618
2.83228
2.68571
2.35715
2.24788
1.90743
1.42772
1.02317
1.77909
1.76101
1.19985
1.59327
1.28636
1.52257
2.37538
2.09092
1.6713
2.47945
2.48706
1.61506
1.94682
1.98625
2.49778
2.81074
2.47202
2.95844
2.52793
1.60254
2.32425
3.5759
1.35299
1.98736
2.30955
2.47409
2.2451
2.48516
2.94719
2.92584
2.17873
2.43641
2.62984
1.68644
1.55115
1.82219
1.61212
1.0939
1.13451
1.39312
1.74293
2.52285
2.11535
0.86107
1.01985
0.710072
1.60786
1.95426
2.3253
2.85772
2.5563
2.30769
2.07402
2.14749
1.62071
1.56995
1.15659
1.39673
2.13089
2.69353
3.14718
2.52776
2.92481
1.74992
2.02414
3.16651
2.9223
2.58445
1.72314
2.43166
2.72461
2.36378
3.34943
3.78233
2.81978
3.17874
2.31093
2.83754
2.5132
2.16668
3.20495
3.06596
2.48862
2.83031
2.09838
2.48052
2.59314
3.04881
3.36417
3.18486
2.9157
3.66029
2.72873
1.71825
2.64535
2.58353
2.86364
3.36739
2.5749
3.60294
2.91285
3.2429
3.27869
3.13161
2.47084
2.32831
2.42572
3.09569
2.66226
1.59412
2.68592
2.67265
2.87289
1.60119
3.59845
3.19407
3.01812
2.5455
2.80676
3.58221
2.8826
3.35112
2.164
1.98341
2.76043
2.1758
2.4158
2.54065
2.85569
3.36738
3.49409
2.27051
3.54401
2.84616
2.8457
1.53525
1.48816
1.5972
1.31817
0.624296
2.22679
2.03712
1.83049
2.19756
1.86735
2.18603
2.37081
1.4276
1.692
1.80987
1.92801
1.48721
1.56748
1.21839
1.53936
2.29398
3.15623
2.9185
3.35797
2.19231
2.44658
2.44702
2.61648
2.04698
2.23794
2.66615
2.84482
2.75405
2.94695
2.67025
2.93097
2.16605
2.76969
3.53354
3.30362
2.92604
3.78721
2.62481
3.01398
3.1756
2.67246
4.27637
3.07285
3.7807
2.9251
3.22916
3.14541
3.1743
2.57449
2.53066
3.66155
3.07575
4.03627
3.41001
3.72654
3.27654
2.83752
3.1256
3.0402
2.45883
3.42855
3.34767
2.73691
3.37877
2.76821
2.85389
3.11048
1.84307
3.35946
3.26237
2.91348
2.03648
3.08867
3.29876
3.22329
2.97779
2.3914
3.10715
3.05181
2.1628
1.43602
1.74747
2.33758
2.39864
2.94446
3.68688
3.64636
3.40442
2.76856
2.79075
3.098
2.41331
2.92329
3.09598
2.39472
2.29235
3.11313
3.30329
3.42159
2.30461
3.16294
3.0653
3.29235
2.92858
3.43675
3.84651
2.77047
2.76176
2.92209
2.81948
1.86978
2.86497
1.93924
2.14798
2.34131
1.77224
1.94057
1.97896
2.89452
2.00487
2.10379
1.89664
1.64189
2.74087
2.41452
2.4546
2.09001
1.45182
1.74558
1.42712
1.45198
0.87366
1.43448
2.00285
1.8401
1.62543
1.03546
1.96748
2.06688
2.41023
2.09742
2.51823
1.46984
0.809691
0.578697
1.46543
0.909911
1.20735
2.08544
2.4863
1.35169
1.68119
1.91949
2.00002
2.01333
1.25485
1.70296
1.37977
2.91068
2.57673
2.26006
2.82213
3.16372
3.41754
3.55262
3.04566
1.50217
2.61991
2.72052
2.88561
3.38834
3.35438
2.9093
3.69892
2.81123
2.98049
2.65425
1.52393
2.42674
0.900999
0.899456
3.42357
1.95331
2.63055
1.83521
2.39439
3.1667
2.34098
2.07017
1.90544
2.7442
1.98479
2.61597
1.87571
2.45868
2.27565
1.6052
1.76996
2.76741
2.40105
3.04798
2.0353
1.39123
1.92808
1.71621
2.0534
1.84246
1.82163
1.91535
2.37289
1.23849
1.46873
1.79485
1.87331
2.47241
2.3168
1.72564
2.0836
2.21472
2.24136
1.84689
2.34009
1.70239
1.83436
1.57202
1.98884
1.6958
1.9979
2.18323
1.6921
1.02135
1.09454
2.36165
1.73312
2.65438
2.28659
1.94555
2.45316
1.17004
2.78239
2.8898
2.67415
1.93907
1.99656
1.18493
2.80926
2.2005
2.32848
1.88344
2.83366
2.6348
3.17671
3.8564
3.26302
3.19783
3.37741
2.21786
2.56785
2.72602
3.15273
3.50356
3.62588
3.21908
2.66045
2.44394
2.49473
3.01606
2.19122
2.65011
1.72526
2.4419
1.12717
1.60056
1.51645
1.91213
2.29955
2.75129
2.14206
2.72396
2.08438
2.49771
1.91918
2.03529
2.15983
2.11372
1.1986
1.29608
1.44227
0.400941
1.67293
1.50852
1.38862
0.528397
0.938481
1.9222
2.32244
2.58932
0.636819
0.336123
1.25344
1.72533
1.1775
1.17838
1.77454
2.33599
1.69605
2.56182
2.4686
1.3337
1.76901
2.26086
2.82389
1.98801
2.5028
3.2311
1.97302
2.73096
2.46362
2.29189
2.57181
1.85763
2.38295
2.03451
3.20931
2.19916
2.74357
2.74538
3.08582
2.89637
1.98295
2.1801
2.57764
2.7182
2.35401
3.33261
2.98684
3.23248
2.97881
3.23083
2.44588
1.70375
1.39634
1.47058
1.83234
1.73925
2.14152
1.91646
1.68884
2.30782
1.55527
1.92256
1.64723
1.39521
2.14397
2.13391
2.55027
2.84361
2.39166
2.20986
3.06007
2.27832
1.5829
2.27293
2.93681
2.99281
2.29169
1.90251
3.81692
2.54427
2.90933
2.00388
2.16164
2.00581
2.25177
1.62618
2.09159
2.25176
1.88378
2.02496
1.71655
2.04288
2.12431
1.59094
1.60001
2.56945
1.96556
2.69852
1.96315
1.81652
2.22297
2.66141
2.23843
2.67183
1.75998
2.41822
2.43624
2.3354
1.80288
1.70019
2.6213
2.14149
1.91659
2.64576
1.66723
2.28282
1.9713
1.51114
0.865649
0.130555
1.67287
1.38158
2.34567
2.79358
3.29829
1.89058
1.2404
1.69663
2.09569
1.92442
1.9721
2.2325
1.23123
2.34558
3.2108
2.99738
2.81267
2.87502
3.58076
2.51253
2.51399
2.54145
3.0226
2.01589
3.64455
3.31201
3.29015
2.36712
2.92484
2.10665
2.62543
3.36149
3.13058
2.24376
2.20262
2.42194
1.87247
1.86125
1.98058
2.05176
2.31618
3.53079
3.25894
3.13797
2.77323
3.35654
2.77883
2.73629
2.69157
2.85427
2.0189
2.38959
3.201
1.88237
1.72656
2.67517
2.84554
1.94741
1.93354
2.33927
2.6641
2.25033
1.77698
2.42614
2.80592
2.1378
2.13693
3.28542
2.53598
2.51733
2.6131
2.43849
2.06252
3.69569
2.81752
3.10581
2.53008
2.84657
2.36012
4.23275
3.47628
3.50863
3.53199
2.90558
3.15978
2.9514
3.25845
2.19362
2.20421
2.45989
2.48189
2.27292
1.63556
1.81758
2.29042
2.7879
2.2516
1.41852
3.11447
2.54769
2.49885
3.17131
3.40056
2.21317
3.26651
1.80717
2.52517
3.31312
2.77034
2.90398
3.11381
2.47037
2.60016
2.18136
1.95157
2.73474
3.20233
3.12197
1.88346
2.53218
3.33357
2.55031
1.35665
1.5142
0.912451
2.29795
2.68773
1.68498
2.17151
1.86105
1.88349
1.54612
1.57112
1.82387
2.70569
0.973265
2.77316
2.46302
2.29128
3.06067
2.25469
1.40953
2.49886
1.70796
1.99725
1.79528
2.18226
2.79341
1.72764
2.40712
2.45264
1.91211
2.82615
3.04028
2.37921
2.15727
2.73493
2.33788
2.74019
2.75034
2.89383
1.90086
2.1773
1.53846
2.24949
2.23937
2.9412
2.75191
2.79315
1.90397
2.81899
3.4014
3.40258
3.68675
3.52343
3.9115
3.04959
3.88756
3.64458
2.80046
3.57243
2.98581
3.07835
2.29471
2.71841
1.72466
1.50479
2.67735
3.17912
2.51073
3.02635
2.9276
2.9597
2.20136
2.71217
3.06409
2.5018
2.48289
2.07255
2.36713
2.66917
1.846
2.1535
2.89892
2.13832
1.99674
2.37071
2.16963
2.69291
3.23998
3.01722
3.5628
3.01572
2.23061
2.42899
2.01482
2.39684
2.35489
1.32487
2.48011
2.73981
2.78837
2.263
1.69217
2.13825
2.15715
1.85806
1.47555
1.84197
1.90168
2.55691
2.35634
1.82673
2.68307
2.64973
2.82167
1.94464
3.12455
3.06671
2.10666
1.07944
1.27719
1.71185
1.87107
2.35771
2.80254
2.22373
1.79921
1.30661
1.75127
2.33623
0.999732
2.11756
1.62195
2.93667
1.44691
1.52737
2.02491
1.03868
2.27988
1.79644
2.88876
2.25712
2.55881
2.36222
1.11769
2.26017
2.84796
2.02445
2.54174
2.56698
2.47671
2.85523
2.57769
2.00666
2.13892
2.25363
3.13297
3.48535
3.76654
3.49942
2.3561
3.03046
2.08578
1.89812
1.31279
1.98628
2.39638
2.84954
2.1908
3.38103
1.53814
1.01678
1.98956
1.6108
1.00729
1.36631
1.12461
2.35733
3.08324
3.25509
2.86694
2.72685
2.7496
3.02781
3.0088
2.75786
2.59603
2.51413
1.55288
3.35721
3.09607
3.39431
2.25311
2.41254
3.14167
3.25871
3.33317
2.65631
2.90663
2.51566
2.94784
2.68627
2.75577
2.03695
1.97492
1.68591
2.29658
2.34649
2.3216
2.06769
2.65276
2.40332
2.76837
1.47716
2.02958
2.35762
2.64486
2.50385
2.94224
2.06137
2.58671
1.42788
1.58437
2.28365
2.07801
1.75412
2.94591
2.91867
2.8381
1.91724
1.69521
2.37347
2.55538
2.37274
2.56483
2.48383
2.85556
1.49301
0.569178
1.05982
1.06613
1.10989
2.09909
1.17104
1.12161
1.49941
1.28457
2.45167
1.30669
1.83524
2.06302
1.65242
2.20807
0.909928
1.66874
2.2257
1.32561
2.22621
1.40084
1.07957
0.967519
0.978671
0.556097
1.4224
1.68702
1.70062
1.9447
2.61749
2.57571
1.82713
2.09222
2.09944
3.06021
3.52893
2.90195
3.23711
3.16055
2.66713
2.42312
2.91215
2.39072
2.4699
2.71502
2.95257
1.93732
2.04344
2.38286
2.26939
2.79563
2.2824
1.32895
1.37795
1.94484
2.27477
2.31072
1.26039
1.38343
1.03598
1.90825
1.75588
2.04577
1.88389
1.21223
1.20249
1.9531
1.5467
2.5442
1.53668
1.47575
1.81148
0.828134
2.19487
2.31563
2.41426
2.68919
2.33875
2.45912
3.14607
3.21954
3.23035
3.18614
1.86083
1.86818
2.60513
2.00875
2.20394
1.74859
2.90671
3.07057
2.60105
2.69549
2.83122
1.90742
2.023
2.12887
2.39935
2.49107
2.80019
2.57611
2.03883
1.72468
2.81803
2.28471
1.99793
1.92581
1.68542
2.00384
2.1621
2.32279
2.15096
2.12662
2.66748
1.856
2.70233
2.59402
2.58981
2.08078
1.48366
1.63705
2.7239
2.27271
2.59602
1.66839
2.19392
1.5038
1.11816
1.28056
1.30412
2.04513
2.52775
1.82262
2.18514
2.06621
1.53291
1.32145
1.28039
1.13261
1.1372
1.57251
1.63984
1.7798
2.18657
1.48964
1.58339
1.58149
1.39913
1.55449
1.47904
0.905044
0.382011
1.32456
1.75321
2.07751
1.17107
1.767
1.78266
1.92449
1.75855
1.24063
1.31243
0.389365
0.996233
1.90992
1.2512
1.12939
0.892368
1.09491
2.04147
1.19445
1.39742
1.50208
2.28947
1.74333
0.846212
1.2595
1.70152
2.02987
2.22844
2.48701
1.74272
1.55901
1.03239
0.546303
1.67935
1.57086
1.20589
2.01554
2.35696
1.01977
1.58461
1.26496
1.33216
1.18553
1.31248
1.556
1.56791
0.842383
1.48024
1.9217
1.6483
1.09854
1.8483
0.99754
1.26048
2.50709
2.09939
2.60561
1.78191
1.4825
1.85564
1.37996
1.87903
1.53529
1.90754
1.56606
1.00954
1.70399
0.374889
0.749967
1.95168
1.17021
2.54681
1.68255
2.19145
2.39887
2.64852
2.29852
2.41721
2.97658
2.42803
2.67177
2.05985
1.96707
2.5632
2.37067
1.30309
1.36837
1.46214
1.32631
1.9729
1.93083
2.74596
2.58451
2.77804
2.50528
2.43461
3.03342
2.05317
1.46697
1.476
1.63308
1.88773
1.15145
1.03698
1.60045
1.41536
1.40555
1.51775
2.09565
3.21216
2.16869
2.41314
1.64985
1.89747
2.7351
1.82173
1.54644
1.15413
2.17177
1.96279
1.23969
1.70665
1.95524
1.27369
0.0932237
0.82854
1.22872
1.37537
1.75816
2.141
1.80251
1.48889
1.57025
2.82501
2.16957
1.64234
1.39985
0.802789
1.5223
1.11992
1.1896
1.89055
1.25642
1.88449
0.952124
1.70095
1.19634
2.26054
2.51908
2.616
2.30838
0.829286
1.13775
1.41932
2.27158
0.998516
1.15656
1.37744
1.67616
2.30982
2.09342
2.15534
1.54548
2.04055
1.23203
2.21405
1.85395
1.83833
1.26887
1.03609
1.43158
2.48231
1.91643
1.55799
2.05826
2.11866
2.661
2.61646
2.45286
2.28917
2.33064
2.81454
2.41409
2.29884
1.9527
0.801802
1.53211
2.53643
1.75813
1.37328
2.22414
1.43414
1.3056
1.46467
1.41469
1.84117
2.03387
1.826
1.16994
0.856066
0.678184
0.696237
0.192576
0.702376
0.144121
0.75579
1.27888
1.36842
0.962185
0.44874
1.46602
2.21144
1.58212
1.22055
0.932468
1.55662
0.730191
1.5792
1.48169
1.44133
1.41342
1.15898
1.00194
1.42585
1.17619
1.53904
0.566083
0.62468
0.870603
2.69251
1.5238
0.86884
0.0064036
-0.0580546
1.54055
2.07674
0.995014
1.74558
2.06172
2.75528
2.95452
1.92544
2.06925
2.06845
2.02441
2.25164
2.01696
1.95317
1.00292
1.51619
1.54264
1.40989
1.91251
2.23275
1.93931
2.53529
2.63721
2.18578
3.55753
2.06824
2.09906
1.77833
1.81771
3.00463
3.12689
2.677
2.57369
2.87812
3.0382
3.45825
3.36703
2.8154
2.52994
2.61471
2.75113
2.82769
2.55202
1.94064
1.59172
2.47088
1.45166
2.13157
3.00851
2.78904
2.90692
1.88516
1.74003
2.21801
2.40792
3.318
3.03025
3.07763
2.89059
2.89312
2.31368
2.18497
2.78418
2.33659
2.65331
3.3689
2.24002
2.75846
2.17365
2.73128
1.9834
2.07842
1.50448
2.22207
1.50079
2.39554
2.30006
2.65451
3.06965
2.03037
1.88223
1.98942
1.91497
1.59243
1.24442
2.3932
2.13382
2.13119
2.44531
2.37816
1.77057
1.25199
1.82261
2.17384
3.501
3.33639
3.06258
3.8026
3.08956
3.67427
2.75182
2.25368
2.0606
1.80713
1.73779
2.00873
2.46773
2.62161
3.25932
2.62023
2.18148
2.2128
3.55047
2.40369
2.5131
2.72684
1.98545
2.14528
2.42258
2.90932
2.84893
2.23323
2.62625
1.81871
1.79511
2.9763
3.12826
2.72609
2.47833
2.7407
2.75794
2.82226
3.38975
3.88814
3.28436
3.63574
3.07301
3.31268
3.68392
3.4217
3.82101
3.25889
2.96887
2.58234
2.54484
3.23984
3.29315
3.38991
3.02907
2.50474
3.53269
2.38932
2.45634
1.66304
2.14895
2.9232
3.091
2.71141
2.92094
2.73473
2.61579
3.31641
2.50963
2.24751
3.09632
2.8921
2.2105
3.22571
2.37914
3.61718
4.12708
3.32664
2.04171
2.71657
2.64997
3.49431
3.09881
2.18423
2.79178
2.269
3.29782
2.99398
3.21191
3.31879
3.43347
3.3422
3.42794
3.5372
2.52965
2.37869
3.74327
3.41163
3.09948
2.86045
2.82069
2.39854
1.91045
2.60576
1.88751
2.66168
2.80796
3.44623
3.15295
3.56114
3.03907
3.06936
2.26337
1.8748
3.14662
1.8418
2.84804
3.49158
2.80538
2.1359
3.17344
2.48252
3.26742
3.61086
1.73046
1.37969
2.79062
3.53065
1.98347
2.24655
2.64123
2.62778
2.98738
3.38515
3.46843
2.74713
4.03302
3.52521
3.4931
2.42335
2.18149
2.54765
2.3414
2.80348
2.58104
2.66051
2.17866
2.72041
1.81154
1.84485
1.56816
2.33712
2.04092
3.20162
3.11701
2.56389
2.62887
2.50768
2.15955
3.28904
2.57804
2.93719
2.53731
1.72396
1.58824
1.84068
2.62036
2.34043
3.41717
2.90569
2.75815
1.63256
2.76449
2.16383
2.0328
2.52017
1.85056
1.87972
2.45034
2.67662
3.38523
1.96302
1.70856
3.70142
2.65983
2.71823
3.09384
3.2386
3.48866
4.16681
3.41045
2.9578
1.80505
1.88284
3.09855
2.7503
1.78767
2.91547
2.105
2.20606
2.30547
1.85447
2.98928
2.45737
2.56786
3.21349
2.49773
2.77957
2.1935
3.59873
2.89614
2.40311
2.07221
2.66254
2.38738
3.15811
3.23887
3.04509
3.14776
2.66269
2.68688
0.578978
2.92777
2.91587
3.80678
4.06543
3.76681
2.78687
3.21522
2.94923
2.57546
2.6915
2.14201
1.84151
1.49834
2.76331
1.90397
2.41195
2.71082
2.81835
2.36464
3.09003
2.59198
2.85564
3.08115
2.24013
2.53265
2.11553
3.8793
2.41745
1.62699
2.78504
2.48868
2.52758
1.33496
1.9177
2.36129
2.42645
3.7892
3.73887
3.03008
3.36455
2.8271
3.68938
2.92933
4.18719
2.85496
3.53031
3.18578
2.79319
2.3188
3.97588
2.58575
2.8707
2.99458
2.15552
1.24328
1.34921
1.86177
1.70787
1.69783
1.5489
2.51919
3.54177
1.16776
1.96703
1.7112
2.25466
2.26132
2.22939
2.28677
2.33381
1.677
2.19368
2.42786
2.21823
2.64602
2.19391
2.37346
2.08507
3.173
2.63209
2.53346
1.95078
2.5733
2.01018
1.62351
1.82095
2.63724
2.77248
2.74057
2.50216
3.2753
2.92083
2.8501
2.56191
1.68455
2.62507
3.03681
2.35271
2.20755
2.06692
4.03054
2.62414
2.95523
2.67279
2.79758
2.45277
1.97481
2.96657
3.04563
2.98642
2.11803
2.12022
2.14063
2.69918
3.59866
2.53145
3.46719
3.05498
2.23801
3.14363
1.55285
2.70372
2.58173
1.63472
2.48681
3.09266
2.34247
2.33988
1.41134
3.06357
2.38927
2.62618
2.02613
2.46512
2.49942
2.22178
2.32057
2.73262
1.52771
2.73979
2.77106
2.40352
3.47045
2.13805
3.32781
3.3266
1.48235
2.6991
2.17867
2.16194
2.54505
1.76409
1.86983
3.14456
2.63985
2.04775
2.75546
3.57839
2.38195
1.69422
2.22252
1.76126
3.37337
2.85848
3.20604
3.2206
3.01215
4.51735
3.47458
2.86875
2.67578
3.53922
2.8146
3.9255
2.8413
2.59361
3.98705
3.93924
3.41704
2.82043
3.48236
3.53037
3.51373
4.3019
2.93177
3.10243
3.04158
3.37488
3.20371
3.49468
3.24183
3.57233
2.9313
2.51846
3.06654
3.67806
3.12304
3.37052
3.47463
2.64912
3.59644
3.16817
2.94498
3.95632
3.93424
3.04263
3.43391
2.49271
2.87077
2.40335
1.94982
2.55207
3.90573
3.41433
3.01085
3.70983
2.6236
3.63025
3.69365
3.12311
3.00889
3.00728
3.13724
2.45232
2.84075
3.47941
3.43569
2.24743
3.61594
3.54456
3.81244
3.05734
3.13128
3.50365
2.8706
4.03073
4.35016
3.20547
2.80666
3.32682
3.93617
3.07271
4.02529
2.87522
3.08999
3.74124
4.11873
4.84219
4.21182
4.3686
3.27991
4.33556
4.35431
3.13029
3.07292
4.18134
3.66816
3.1042
3.63307
3.24793
3.94021
3.20344
3.00768
3.12619
3.6879
3.13455
3.55669
3.82356
4.22662
3.96367
3.67846
3.608
3.33893
3.19165
3.16772
2.59534
3.44631
2.71213
2.81485
4.03222
3.61747
3.71813
2.23647
4.08559
3.30026
2.39982
2.50596
2.66432
2.19324
3.53975
3.04572
2.46971
2.04335
3.93199
3.11035
2.13695
2.04157
2.97082
3.24083
3.01181
4.01133
3.57528
3.42269
3.0328
2.97248
2.60959
3.44153
3.08336
3.59682
3.38007
3.17035
3.49548
2.73157
2.38266
3.6212
3.04335
3.00337
2.2991
2.2352
2.57313
2.32563
2.98417
2.8265
2.53762
2.87586
2.26086
3.1903
3.25075
4.19154
2.23517
2.41599
3.84075
3.09412
2.96396
3.19313
3.10004
2.8471
3.44189
4.02091
2.96101
2.36162
3.28807
1.74648
3.2601
0.943701
2.54834
2.53387
1.29194
2.07907
2.49778
2.73681
2.94005
2.431
2.27058
1.07682
3.06083
2.1951
2.71193
2.85303
3.24275
1.40797
2.9848
3.24745
2.28975
2.84338
2.82009
1.80542
1.73874
3.17034
2.70121
2.4562
3.41559
3.03618
3.5645
2.70616
3.63104
2.92261
2.75512
2.92125
2.43778
2.3388
2.57711
2.76007
3.25417
3.23919
3.83868
3.79173
3.10214
3.83715
3.16625
3.4856
3.24685
3.17251
2.4271
2.5268
2.20287
2.70036
3.14943
2.64982
3.13793
3.01621
2.47016
2.72263
3.28853
3.19075
1.89742
2.9234
4.0384
3.69675
3.01661
2.34951
3.49373
2.83346
2.57484
3.30746
2.43297
3.4641
3.5893
3.76956
2.51531
3.55327
2.92359
2.60371
3.15591
3.44496
3.69153
3.62851
2.82112
2.88607
2.79468
2.75728
2.02856
2.98005
3.09114
2.25659
2.25681
3.35295
3.84317
3.18581
2.29538
2.10969
1.9873
2.60314
2.41739
2.83103
2.42567
2.97929
3.24262
2.82186
2.06272
2.65851
2.71635
2.43767
2.67713
2.14414
2.43679
2.49836
2.9631
2.33836
3.10543
3.54225
2.90351
4.10019
2.88406
3.39175
3.40806
3.31576
3.82073
3.73215
3.09534
3.03579
2.85608
2.83878
2.79245
3.21011
2.9043
3.24185
3.14594
2.24278
3.67735
2.80339
3.91617
2.95163
2.33415
2.9484
2.60496
3.34443
2.18941
2.78574
2.2
2.91492
2.08151
1.8141
2.71649
2.69997
2.5927
2.60741
2.82047
2.63335
2.58646
2.33143
3.64744
2.69819
3.07301
3.56769
2.81202
2.60867
2.67965
3.07818
2.78759
3.22512
2.70975
3.41024
3.14495
3.34746
1.93796
2.12827
2.16318
2.97255
2.94703
2.33239
2.81849
3.12961
3.51791
2.77809
3.13575
2.95488
4.25534
3.10865
2.75812
2.80061
3.30291
3.28868
3.76626
2.78146
2.10879
1.74718
2.78574
2.48486
2.8803
3.27349
3.53704
2.69707
3.46804
3.30583
2.71022
2.68894
3.62346
3.76083
3.14494
4.18033
3.04684
3.8315
3.58993
3.58641
2.57003
3.27375
2.19914
2.16076
2.24569
2.30613
1.91433
2.93917
3.40091
1.84739
2.18025
2.13067
1.16242
2.27138
1.90214
1.37203
2.20695
2.84857
2.21177
3.21902
2.86819
2.8188
3.02116
2.49409
3.20482
2.94014
2.94022
2.73001
2.92344
1.91493
3.13283
2.72545
2.58938
3.36492
2.95863
3.0222
3.37937
3.28854
2.36662
3.58974
4.23313
3.59547
3.10848
3.52113
3.05759
3.28573
2.68792
2.71472
2.06911
1.7857
1.54241
1.83627
3.09837
3.02125
2.7772
2.90318
3.03231
2.89866
2.49738
2.82881
2.58707
2.33889
2.93127
3.13817
1.98399
3.01924
1.85142
1.85616
2.48454
2.85291
2.53881
1.52407
1.66997
1.95952
1.18908
1.03619
1.34248
1.53367
2.66085
2.39971
2.11312
2.3488
2.38872
1.69446
0.922161
1.64608
0.755129
1.83146
1.98655
2.08332
1.88138
2.32425
1.47364
1.83438
1.37131
1.7949
1.54126
1.73194
1.97481
2.80028
2.11916
1.66304
2.14757
2.33817
1.71614
2.39149
2.86646
2.56415
2.5982
3.20057
2.47981
2.21009
3.40587
3.20538
2.66616
2.75667
3.09434
2.57584
2.1002
2.74663
2.17241
1.08428
1.76154
1.16872
3.21023
1.81911
2.2292
2.08257
2.04359
1.84746
2.22428
1.71567
2.40083
1.42715
0.969437
2.36177
2.81868
1.52875
1.97087
2.56156
3.24254
2.48762
1.79941
1.36716
1.89531
2.04544
2.41118
2.96293
2.77315
2.62573
1.83144
3.3402
3.09923
2.71169
3.54646
3.13551
3.72875
3.59066
2.81851
2.02495
1.53498
3.25333
2.45484
3.09757
2.15564
1.94246
3.09567
2.92003
2.30453
2.04137
2.75932
3.03919
3.22848
3.32941
3.55513
3.41127
3.1592
2.62019
2.37875
0.773494
1.23016
1.0136
1.53586
2.71492
2.04876
1.61333
2.02382
2.96413
2.50721
2.53236
2.52868
2.40163
2.92498
3.05331
2.90734
2.61721
2.57929
2.51369
2.93074
1.90844
2.70829
2.64749
1.62165
1.55354
2.12768
2.71366
2.84203
2.56727
1.23057
1.79207
2.25376
1.92737
1.37236
1.05082
2.16664
2.14716
2.25795
1.24959
1.95032
1.83154
1.67259
1.45665
1.59845
2.07279
2.37068
1.43106
1.98747
1.9065
1.87326
1.16525
1.68287
2.17866
2.99073
2.89713
2.87347
2.20299
2.35917
2.06992
2.02127
2.10281
3.39854
2.05716
2.76192
2.28438
1.92672
1.26849
1.83109
2.59908
1.9247
2.5618
2.06387
2.2817
2.3954
2.51615
1.82516
2.60386
1.57409
2.23395
2.79257
2.28703
2.039
2.34449
2.79887
2.70625
2.50849
2.41535
2.40038
2.12259
1.58672
1.45991
2.18953
2.38652
3.22682
1.62099
2.11192
1.57024
2.35823
2.47152
2.33541
2.54432
2.32668
2.35793
2.86744
2.51863
2.16796
2.41837
2.92427
3.41473
3.85974
2.62681
2.56895
1.73138
3.71378
1.88834
2.52772
2.2857
2.70264
1.64971
2.86183
2.1738
2.80038
2.86203
2.92886
2.51427
2.39707
1.93215
2.06625
3.06306
2.39508
2.29795
2.90018
2.53927
1.80481
1.85232
2.21475
2.46846
2.56757
3.57298
1.8488
2.90564
3.23794
2.98663
2.62661
1.8179
2.25688
2.47819
1.65379
1.13682
1.51998
3.15161
2.61809
1.98744
2.15184
1.85061
1.28365
2.03332
1.21547
2.08488
0.997046
1.25426
2.24292
2.26404
2.783
2.07118
1.45888
2.42523
2.25681
1.63716
2.34672
2.23752
1.93639
2.37803
1.62212
2.64816
2.77167
2.07034
1.42899
1.43731
1.47241
1.52171
0.316662
0.472023
1.46286
1.27827
1.49326
1.06817
2.53049
2.05995
1.89566
2.28044
2.69699
1.95468
2.67854
1.07889
1.86767
1.08757
1.32766
1.64277
1.89219
2.97554
2.77929
2.83955
3.0415
3.45849
2.40215
3.03149
2.87708
2.34
2.73854
2.24633
1.87017
2.47271
2.75356
2.1344
3.19018
3.50031
2.17675
2.84415
2.57108
2.70226
3.7663
2.43191
2.68558
3.13297
2.26084
2.35008
3.0873
2.23914
2.02935
2.26742
2.60672
3.32769
2.49512
1.98133
1.65461
1.91632
1.94274
2.13724
2.15381
1.92222
2.02756
1.94535
1.62812
1.70016
1.44361
1.7599
2.70951
2.29848
2.15144
1.03986
2.27281
1.69887
2.13979
2.44249
1.84417
2.05393
0.979272
0.654989
1.76321
1.20452
0.853064
0.762445
1.06432
2.03627
1.59462
0.951933
1.17982
0.886602
0.492679
1.92902
2.15669
2.10981
1.0021
1.71792
1.13702
1.81299
1.89635
1.65075
2.57786
2.59172
1.25094
1.41642
1.55716
0.678131
1.06182
0.698637
-0.145701
0.811769
0.665047
1.77871
2.21862
1.15993
1.92907
1.7671
0.387213
0.174625
1.10001
1.87606
1.68118
1.75968
2.51357
1.44534
1.219
0.902153
2.2954
1.1129
1.19799
1.59213
1.5785
1.50919
1.38806
1.18056
1.00171
1.84246
0.841524
0.724694
0.875364
0.555771
0.880217
0.613628
1.72699
0.84796
1.3886
1.09525
1.74987
1.61335
2.10205
1.64489
1.60757
1.4856
0.831334
0.817401
1.34627
1.18466
1.76939
1.67423
1.82286
1.69503
1.89396
2.49202
2.13677
1.92673
2.53998
1.68337
1.47883
0.963245
2.27576
1.88004
1.84685
1.83065
1.48838
1.69674
1.40764
1.13716
1.29641
-0.519867
0.552077
1.16748
0.802623
1.86136
2.46018
1.39761
1.59135
1.31769
0.473689
1.20751
0.701504
1.33347
1.56138
1.90049
1.16644
1.57204
1.30565
1.13568
1.28094
1.25135
1.56007
1.50842
1.52806
1.30047
2.1279
2.33689
1.56741
1.665
1.67601
1.19013
1.96671
1.78357
1.92951
1.63316
1.11685
2.46311
2.28226
1.46491
1.12532
1.708
2.06353
2.07583
1.83469
0.207213
0.763543
1.20967
1.60244
0.748662
0.896502
1.21545
0.82953
1.1933
0.583806
0.955573
0.686457
0.328824
1.48411
2.59955
1.96013
1.86931
2.23857
2.61989
1.88374
2.82062
2.33015
1.95588
2.72735
2.26235
2.28476
2.24617
3.04775
2.54796
2.00762
1.48228
2.06298
2.22951
1.96034
2.41231
2.9691
2.05871
1.90438
2.68911
2.11764
2.22418
2.10924
1.63124
2.21235
2.80149
2.57155
2.5615
2.39658
4.28306
3.77145
3.03213
3.33053
2.46954
2.8936
1.70446
2.48257
2.06997
1.97973
2.40499
1.50498
1.07573
2.64131
1.45046
0.85009
1.42742
1.77152
0.962008
0.225176
0.691686
1.13018
0.934427
1.57923
1.84174
2.62017
1.59055
1.5023
2.12905
1.84474
1.50972
3.05581
1.79562
2.6954
1.22539
1.86477
2.31511
2.52702
1.90754
0.663063
1.44703
2.20987
1.6817
1.78302
1.34609
1.36343
2.00273
2.37346
1.90955
1.94442
1.6998
2.15998
2.35287
1.79569
2.52449
1.91993
0.867286
2.27235
1.07942
3.03201
1.67564
2.38318
1.96746
1.62915
2.37511
1.87961
1.45958
2.70625
1.80136
0.674435
0.746495
1.21211
2.088
2.25074
1.5923
2.01911
2.40122
2.05436
1.88076
2.12739
1.48828
2.89855
2.38159
1.94404
2.66527
2.82561
1.63982
2.66281
2.41847
2.01785
2.11228
1.78792
1.86837
1.3582
2.73477
2.78813
2.40474
1.86005
2.34393
2.3158
1.81912
1.97124
2.24045
1.82935
1.83247
1.58503
1.12078
1.10231
1.42903
2.79776
2.98044
3.08995
1.97739
1.42497
1.24748
1.31273
1.53951
1.29484
1.43219
2.09121
1.21173
0.820752
1.11479
1.65104
1.22158
0.980136
0.66059
2.24843
1.75271
1.34411
0.947726
1.03608
0.115526
1.94434
1.37373
1.0595
1.52632
1.20231
2.05786
2.14516
1.79774
1.70734
2.12453
1.19321
0.6116
0.653977
1.04785
1.43056
1.32532
1.94452
1.22863
0.667014
1.70444
0.98037
1.91806
0.884657
1.25417
1.54966
2.20435
2.12248
2.25112
1.25815
2.00728
1.57873
1.66293
1.14728
1.33814
1.81459
1.35177
2.01898
2.45944
2.28757
0.983907
1.51972
1.60305
0.64725
0.924493
1.09186
0.863502
0.930814
0.425102
0.131491
1.3639
1.24668
2.33655
1.43403
1.65099
1.50905
0.719223
0.878446
2.4266
1.66734
1.04765
1.56438
2.10532
1.27494
2.55411
0.815332
0.459388
0.78285
-0.290971
0.534682
0.447745
0.742337
0.7382
0.319713
0.241988
-0.468127
1.21486
1.39541
0.085337
1.61238
1.29627
1.98144
1.51817
1.20339
1.75775
1.12837
1.20203
0.851147
0.784664
0.786308
2.18486
2.40779
2.17797
2.96657
2.78686
1.37302
1.71035
0.670537
0.546704
0.249228
1.18345
1.89583
1.46098
1.75511
1.18166
1.05448
0.915683
1.5624
2.49073
2.87723
2.80785
2.52963
2.12284
2.6929
2.16733
2.04848
1.42761
1.39351
1.02981
1.51563
2.18494
1.89997
2.03076
1.01478
1.30036
0.707783
0.939753
2.3253
1.92102
1.66904
1.92042
1.72912
2.06628
2.34791
2.04625
2.09352
2.16459
1.09818
1.80133
2.25794
1.87844
2.56553
2.62057
1.66728
2.02325
1.07778
1.58185
1.53592
1.82656
1.70236
2.60662
1.76487
1.13201
1.36779
2.34834
2.14904
2.49338
2.09873
3.01112
2.98311
1.80324
2.24276
2.15667
1.92307
2.35649
1.72781
2.3363
1.82841
1.63611
2.0445
2.49582
2.21619
2.82872
1.88103
2.19922
1.15717
1.68815
1.80776
1.37388
0.808204
0.970732
1.45277
1.04339
1.44471
1.46859
1.99838
1.67087
2.45678
2.1152
1.89366
2.04723
1.78361
2.05803
2.41008
2.19551
2.51426
1.73196
2.0941
3.47808
2.33205
2.62128
3.30961
2.36443
3.07064
3.21801
2.74739
2.44724
2.56642
2.26814
2.92761
2.13613
2.12461
2.41256
2.42326
2.0261
2.16375
2.35813
1.64061
2.03261
2.35465
2.84273
1.79434
1.99516
1.05971
2.48712
1.90742
2.15732
2.06492
2.13228
2.80872
1.25751
2.20657
1.87819
2.42609
1.8702
1.6796
3.00121
3.24887
2.87727
1.73824
2.79332
2.44888
2.31891
1.58684
2.17642
1.76033
1.44642
2.4874
1.35206
3.05791
2.71909
2.49531
2.40348
2.3784
2.984
2.03103
2.15607
2.28156
1.94715
2.42471
2.68041
2.2384
3.0297
2.49706
2.3035
2.49535
2.22672
2.91508
2.41068
1.2488
2.21153
2.81251
2.25083
2.97049
3.04066
2.38588
2.76624
2.45285
2.10859
3.27664
2.78534
1.92681
1.39431
1.78061
2.35189
2.21432
2.35691
2.31253
2.46173
1.14117
1.2244
2.67588
2.31263
1.83084
1.39401
2.54908
2.30873
1.50623
2.30414
2.05559
1.87263
2.99653
2.65571
3.42581
1.96913
2.09846
3.28699
2.67152
2.77537
3.01119
1.68427
2.78097
3.16622
2.96022
3.49752
3.00567
3.05415
2.75588
3.11234
1.88839
2.29587
2.51151
3.2358
2.7334
2.38893
2.63802
2.25469
1.92386
1.92431
1.33119
1.62681
1.43448
1.36769
1.57557
1.96692
1.85524
1.56484
1.8737
1.89932
2.04542
2.02244
0.606968
1.91847
1.56145
2.06343
1.81836
1.34647
1.54098
0.614205
1.24325
1.42021
1.97289
1.91703
1.89111
3.27253
2.78004
2.69479
2.15265
2.61135
2.03034
2.1112
1.86959
2.49687
2.23846
3.10587
1.8898
2.41219
1.77728
2.68531
2.47061
2.21449
1.90958
2.51723
2.19521
1.88199
2.01224
1.9457
2.22978
1.55932
1.58761
2.67099
2.79015
2.22467
3.01255
3.41634
3.24914
2.87446
1.99405
1.47859
1.2417
1.13668
0.910874
2.73158
1.94159
1.89069
1.67848
1.91291
1.85576
1.88446
1.59574
1.89673
1.81031
1.57962
1.4833
1.63058
1.87759
2.42913
3.07245
1.85471
1.84679
0.836448
0.334376
1.1436
1.08845
1.5158
1.02279
1.44662
1.14706
0.582433
1.31207
1.91068
2.4741
1.99263
2.74381
1.93506
1.50068
2.12297
2.40689
1.83533
2.26869
1.67506
3.06458
3.05385
2.93761
2.30276
2.57058
2.17313
2.48212
2.2157
3.17923
2.88592
2.15319
1.5983
1.21856
2.4029
2.13794
2.79385
2.50145
1.13416
1.42455
1.33372
0.941307
1.29782
2.08659
2.01243
1.90076
2.94806
2.17098
1.41204
1.85219
1.50776
2.19512
1.80939
2.57984
2.15514
1.95402
3.24047
2.47894
1.75391
1.50729
1.84015
2.60055
2.07683
1.85009
2.93921
2.39984
1.8917
1.65694
2.39134
3.12943
3.35664
2.15409
3.23218
2.30773
2.72468
2.76822
3.0861
1.9368
1.11343
2.11531
2.91302
2.5872
2.5942
2.66187
2.83703
1.88842
1.7242
1.88783
1.86013
1.84145
2.45474
2.57771
2.85692
2.89838
1.92497
2.57511
3.22881
2.8326
3.32513
2.21378
2.7409
1.946
2.63294
2.36635
2.71325
2.34469
2.14687
1.21986
1.64355
1.60284
1.50471
2.17187
2.02446
1.19268
1.42452
2.42046
2.46731
2.60514
2.52021
2.46296
1.45593
3.11956
3.53846
2.88131
3.27814
1.96806
2.43394
3.12315
1.46345
1.29973
1.42475
1.81326
2.01685
2.05293
1.98901
1.27415
2.33919
2.75586
2.03374
2.40695
1.89268
1.75382
3.04333
1.74465
1.94136
2.14427
2.52449
2.97252
1.81837
1.94527
1.49504
2.29888
2.5849
2.21088
3.03816
2.78946
2.54207
2.89031
2.9954
2.97609
2.91303
2.4264
2.35676
2.14886
2.77787
2.74918
2.65885
1.72751
1.91218
0.922432
2.02866
0.849388
0.569802
1.33891
1.34837
1.86072
1.49401
1.4629
1.88875
1.98656
1.06597
1.04185
1.81288
2.28953
2.26663
2.21081
2.35785
2.78911
1.88111
1.50945
1.18759
1.48265
1.60944
1.90154
3.33096
3.14683
2.37441
2.97289
2.18744
2.2364
2.23557
2.42953
2.01204
2.13356
2.29303
3.29501
3.21635
3.13637
2.12114
3.229
3.62096
3.1144
3.66103
3.17132
4.28444
3.61708
3.93341
3.65605
3.83576
3.09928
4.10522
2.64902
2.9834
1.35907
2.9534
2.08657
2.65312
3.03463
2.97114
2.96207
2.23689
3.71464
2.83557
3.11333
2.85997
2.68629
2.73607
2.96395
4.02378
4.41111
3.53281
2.70462
2.28489
1.95742
1.50049
1.61397
3.3621
3.97627
3.19732
3.0711
2.23013
3.8405
3.58013
3.06778
2.5273
3.26439
3.45777
2.71509
3.5902
3.75346
3.35502
3.23252
3.66119
3.60576
3.07893
2.7559
1.93823
3.01129
3.21592
2.76746
3.07588
2.87076
3.18372
2.91941
2.50056
2.49686
2.25987
1.19864
1.99381
3.13868
2.1959
2.71452
2.30505
1.97712
2.54148
2.33828
1.91093
1.96019
2.3523
3.66525
2.44514
2.87334
2.16229
2.07296
3.11164
3.38514
2.61668
3.08441
3.7696
3.51541
3.53027
3.64777
4.44179
3.97081
3.58372
3.63774
3.18684
3.56396
2.70797
3.54524
2.69678
2.88276
2.56507
4.11056
3.82413
3.34908
3.0675
2.69916
1.86316
2.7353
3.31534
1.86173
2.00208
2.96024
3.15768
2.69671
2.4821
2.14198
2.89954
2.26683
2.85858
1.34196
2.53713
2.41328
1.56944
1.37634
1.88404
1.68176
3.30811
2.03682
3.7598
2.28193
1.51289
2.57799
2.32289
2.09355
3.09172
1.70853
2.23075
1.74315
2.48064
4.02753
3.4408
2.94898
3.13742
2.73049
2.5931
2.81948
2.12483
2.03109
2.37658
2.92304
2.51023
3.59091
3.10221
3.12307
3.49768
4.16837
3.46668
3.15068
2.95982
2.53608
2.34431
2.67469
1.47536
2.13158
1.7759
2.52679
2.34527
1.83953
2.27255
1.60577
2.67031
2.11721
1.87323
2.16675
2.7206
2.19215
2.3684
2.51282
2.6121
2.39508
2.55518
2.28403
3.50485
3.00902
3.05952
2.78816
3.3154
1.73248
3.14725
3.35318
3.02896
2.91237
2.15012
2.35203
2.14891
2.01225
2.24457
2.33477
2.8319
3.16927
2.81914
2.56211
1.49195
1.79686
2.20634
1.54814
2.23921
2.34044
3.01916
3.32429
3.32723
2.99479
2.25208
2.96091
2.771
2.59916
2.65959
3.24766
2.74442
2.34279
3.69995
3.22566
3.03778
3.34677
2.76599
2.6651
3.26983
2.63924
2.70778
3.86151
4.21976
3.46361
3.34288
3.51771
3.89189
3.16237
3.04015
2.95756
3.51588
3.23996
2.95819
3.49381
3.81517
3.65108
3.50275
3.93968
4.1667
3.29054
3.86093
3.29887
3.40017
3.87574
3.68428
3.56063
3.91598
4.48363
4.70997
2.93868
4.05855
3.66765
4.04668
3.42547
3.87812
3.16359
3.8524
3.70535
4.17182
3.49325
3.75085
4.40542
2.97975
5.18403
3.83455
3.75732
3.70074
4.83006
4.19291
4.3892
4.969
3.76769
3.57657
2.95971
3.51351
3.61303
2.73451
3.41267
2.89756
2.51771
2.42781
3.05302
3.00258
2.82093
2.72594
2.65251
2.68056
3.10297
2.72985
4.20243
3.35499
3.58392
3.67006
3.51292
2.8074
3.11827
3.0349
2.33658
2.70133
3.48505
3.40662
3.39956
3.57563
3.37381
3.66783
4.17018
3.7974
3.27888
3.60555
3.32065
3.84925
4.15803
3.21284
3.304
2.55499
3.5185
4.05111
3.2018
4.51708
3.83932
4.62333
4.08848
4.2214
4.21249
4.1631
3.91285
3.49562
3.79033
4.86465
4.84946
4.51305
3.838
3.97752
3.57417
3.06668
3.62724
2.277
2.98314
2.14705
3.09227
1.78288
1.97146
2.15489
1.95327
2.99638
2.09889
3.43048
4.02815
2.51089
2.82697
3.07573
3.35991
3.7522
3.18822
3.94598
3.50425
2.98986
2.92477
3.56338
3.37488
3.99745
3.77103
3.54812
3.85251
3.48142
2.88647
2.81996
2.474
2.79599
2.38548
2.79705
2.01706
1.48795
2.42125
2.36508
2.46041
2.71939
2.26672
1.33656
2.83037
2.31164
1.7038
2.29746
3.15339
3.67335
3.36972
2.91405
2.42033
2.90651
2.84799
3.29311
3.60269
3.66924
2.37746
2.92767
2.80036
3.18778
3.19737
3.51633
3.28986
2.97846
3.39905
3.18757
3.62935
3.91851
3.60022
3.33805
2.42523
1.94465
2.93512
2.54727
3.31168
2.86604
3.57836
3.56834
2.4437
3.40231
3.41244
3.08269
3.2317
2.56284
2.88425
1.89712
2.67621
2.22104
2.75959
2.4065
2.9047
3.62728
3.404
3.0643
2.94773
3.14912
2.75314
3.6365
3.27194
3.08157
3.8593
2.6453
3.31521
3.53687
3.07029
3.35833
3.44058
3.26561
2.68192
2.92089
3.66491
2.22977
3.44771
4.35669
4.30176
3.48008
3.09497
3.57365
3.25021
3.24012
2.83906
3.13398
4.07766
3.82224
3.93147
2.31558
3.27389
3.10633
2.1863
2.77726
2.91619
2.8729
2.86736
3.16756
4.43053
3.6911
3.46743
4.02915
4.35081
4.49985
4.30611
5.28415
4.26024
2.91228
2.54457
2.77565
3.08922
2.40102
2.87633
3.39798
2.84776
3.20099
2.94133
3.7598
2.87428
1.8575
1.81118
3.9837
4.29962
4.02041
3.87769
4.73585
3.95241
4.564
4.56959
4.3028
4.49651
3.384
3.71225
3.20524
3.29627
3.95944
3.92139
2.90807
4.21823
3.86198
4.423
2.58429
3.50858
3.65226
4.09914
3.47879
4.68921
3.56032
3.63749
3.45227
3.15249
2.5688
3.39981
2.49061
3.2207
3.16157
4.52329
3.41857
4.10093
4.05467
3.23845
2.57675
3.41509
4.21689
3.41491
3.18219
3.15327
3.60993
4.19876
3.94849
4.22639
2.89783
2.89767
2.82811
3.20705
4.01179
4.41445
3.04232
3.3283
3.12635
3.69362
4.11663
3.73574
3.69728
4.01934
3.84333
3.55284
3.44899
2.45694
2.85632
3.05603
2.94453
3.17931
2.61576
2.68507
2.1988
3.40507
2.54855
1.88473
2.52724
2.403
2.2765
2.90133
3.61428
4.16125
4.23975
2.44305
3.10926
3.53539
3.21731
2.62191
2.08947
1.60203
1.80867
3.08106
2.31271
3.36089
2.13832
2.55507
2.30734
2.64057
2.81502
2.27056
2.75147
1.70521
3.21054
2.5842
2.39783
1.88778
1.8255
2.62794
2.9208
1.87956
3.10967
2.50631
2.35153
1.90942
3.12597
3.01612
3.61519
2.76171
3.41235
3.02762
3.11769
3.61612
3.35228
3.43506
2.83371
3.10744
3.90154
3.32224
3.44104
2.93549
2.95074
2.59099
2.58466
2.96355
2.14813
2.66365
3.34848
2.16127
2.50547
2.1527
2.07791
2.06001
2.33014
2.24167
2.54261
2.53282
2.60643
3.67986
3.33792
3.69946
3.26135
3.9349
4.03742
3.72047
3.63336
4.25653
3.53876
4.12857
4.25016
3.0277
3.19156
2.73293
2.77451
1.95286
3.38763
3.15617
3.99555
4.1121
2.61954
3.23123
3.0405
3.37172
3.51058
3.50672
3.80901
3.70598
3.30464
3.62507
3.35352
3.68228
2.82298
3.24813
2.51854
3.90406
3.28391
3.05826
3.75581
3.37682
3.32223
3.36374
2.56353
2.49034
2.52998
2.53475
3.85164
3.43868
2.83727
3.25978
2.72058
2.12499
1.90267
1.94168
3.021
3.24715
3.02544
2.82736
2.333
2.26678
2.86592
2.49026
3.1204
3.40081
2.74547
3.11021
3.09518
2.64544
3.08032
3.36838
1.31123
2.01319
1.38668
1.46354
2.24066
1.68213
2.87339
2.16527
3.18682
3.43479
3.57065
3.22143
3.43992
2.51628
3.67353
3.07646
3.50488
3.10114
2.8069
2.05442
2.71311
2.42962
2.15637
2.97702
3.20848
2.9836
3.37377
3.72123
2.27172
3.38368
3.21112
3.13402
2.67673
3.21631
2.69168
2.93588
2.58417
1.95543
2.87543
3.50447
1.89807
2.38497
2.69918
2.52921
1.44257
2.62268
2.22745
2.38708
2.4061
3.1441
2.22874
2.83162
2.20688
1.95785
1.90075
1.89026
1.98271
1.77519
1.91204
3.23259
2.97362
1.87407
1.82019
2.41604
2.33317
2.03628
2.77342
2.72634
2.21775
1.93502
1.89358
2.83645
1.77507
1.9304
2.43126
1.91216
2.24609
2.83323
2.58923
1.93438
3.24008
3.02516
2.73288
2.9351
3.67613
2.21016
1.7785
2.74964
1.5137
1.85284
2.1048
2.50008
2.22726
2.70477
2.53193
2.43237
1.80894
1.42579
2.26941
3.00135
3.2328
3.01669
2.79186
2.24622
1.69296
2.45535
2.48356
1.56622
1.94761
2.30606
1.96297
2.19858
2.68594
2.78288
1.50942
2.97688
2.58188
3.08279
2.27759
2.08835
2.43063
2.2101
3.07238
2.43709
2.88927
3.57409
3.2965
2.29338
3.23663
2.79084
2.404
1.81764
1.86323
1.89019
2.28637
2.1863
2.96516
1.67232
2.91892
2.41423
2.16676
2.36209
2.10171
2.53977
2.06653
2.76402
1.65855
1.90582
2.3444
2.56665
3.0559
1.94015
1.58101
2.23032
1.63965
2.39091
2.20173
1.30013
1.9009
2.82576
2.61178
3.60425
2.8845
3.37592
2.55046
3.45081
1.78402
1.93015
2.25083
2.75119
3.11123
3.09165
2.1779
2.02051
1.63761
2.49133
2.13803
2.59147
1.53792
1.68075
1.65268
1.99009
1.65028
1.63953
3.07335
1.4919
1.24701
1.07026
1.57198
1.99966
1.53606
1.06322
1.13922
2.7687
1.58553
2.02397
1.20651
1.14304
1.11074
1.32467
1.55836
1.45036
2.13169
2.04298
2.00208
1.91518
2.29095
2.18052
2.74948
2.28555
2.75549
3.14984
3.22806
2.79623
1.93755
1.4341
0.740459
1.52296
1.41984
1.89145
2.11955
1.99007
3.05628
2.87815
2.91119
2.39409
1.75621
2.43152
2.76641
1.96423
2.35824
1.83368
1.46545
2.34794
2.32072
2.35251
2.83005
2.37584
1.55432
2.89904
2.15204
1.88866
2.11774
2.53932
2.2276
2.56776
3.0406
2.32956
2.20828
2.44362
1.97264
2.12488
2.9805
2.86618
1.87097
1.78131
2.4554
1.41538
2.71094
2.18954
2.10212
2.20149
3.10543
2.57948
2.88401
3.29879
2.73785
1.65086
1.81719
1.62819
1.88899
2.43657
3.33229
2.93839
2.86408
3.16563
2.35439
2.14169
2.93806
3.29198
1.6315
2.4063
1.91635
1.70493
2.1791
2.75692
1.30456
1.78517
1.16567
1.99465
2.5172
1.43723
2.21494
2.38165
2.42662
1.45583
2.24011
2.48923
2.56807
2.27975
2.31105
2.32434
0.821867
1.87113
2.09616
0.927902
1.50105
1.42295
1.91143
1.95
2.33716
2.14719
1.88081
1.20764
1.89894
1.91531
2.45741
2.12856
2.86678
2.14924
1.84241
1.33308
2.45082
1.38029
1.85509
2.27393
2.65437
3.10937
2.73478
3.11684
2.00704
2.85068
2.58761
3.55479
1.96571
1.1541
1.19737
2.13606
2.06631
1.76489
2.12168
2.20305
2.28627
2.07098
2.17411
1.75291
1.29984
1.41093
2.23952
0.740381
1.43309
1.21694
1.75031
1.57863
2.59767
2.30186
2.23409
1.91005
1.58784
1.90455
1.89273
1.84499
1.80835
2.09506
1.94053
1.22921
2.19974
3.09106
2.2259
2.38516
1.91402
1.19688
1.75521
1.82837
1.23126
1.7997
2.19143
2.52461
1.86158
1.45956
2.26825
1.42933
1.4469
1.6892
2.14931
2.11598
2.48121
2.40869
1.96883
3.22206
2.22153
2.62121
2.61115
2.0941
1.10776
2.01219
1.1208
1.68104
1.39214
2.56121
2.27942
2.58568
1.81432
2.22149
2.05122
1.24997
1.86217
1.0367
2.07085
2.09093
1.46581
1.14496
1.63408
1.33041
1.34611
1.3613
2.1786
2.63392
2.09802
2.53686
2.6547
2.34717
2.65388
3.54438
1.76759
2.28836
2.75134
3.00271
2.28991
1.85985
2.21112
1.59723
1.41017
1.34461
1.86773
2.22555
3.08911
2.03355
0.899008
2.06583
2.13454
1.64612
2.02941
1.93864
2.68461
2.45641
2.60003
2.75766
2.78257
1.78886
1.66204
3.20558
2.17283
1.21448
0.923854
3.02958
1.61807
1.23836
1.91872
1.949
3.03343
2.33557
2.68114
2.01197
2.13494
1.69823
1.79928
2.45386
2.20294
2.13469
1.93934
2.66409
2.71189
2.74472
2.71374
1.85072
2.24776
2.34692
1.91705
2.81225
3.63374
2.96073
3.58733
3.29713
2.84157
2.6286
2.20903
2.24691
2.57432
1.9671
2.07541
2.47045
2.29712
2.38929
1.78658
1.9412
2.05571
2.26831
2.60167
2.32436
2.13188
3.15421
2.62151
2.15215
1.805
1.18019
2.66276
2.84863
1.71018
2.25792
2.29503
2.96852
1.82704
2.31664
2.13815
3.07149
3.16959
1.9603
1.80722
2.30632
1.616
1.67825
2.34567
2.95281
2.93368
3.18204
2.31948
2.71808
2.19628
2.90825
2.62598
2.3792
1.93758
1.94402
2.13541
3.06663
2.13167
1.94606
3.00122
2.86181
1.47385
2.3798
1.65337
2.60104
1.80446
2.32024
2.28664
1.98291
2.47618
2.76191
2.6724
3.22979
2.9192
2.22153
2.45406
2.94204
3.31875
2.94481
2.19283
1.99088
2.92778
3.37393
3.05756
3.11468
2.61099
3.35107
2.17094
3.14891
3.33574
2.05143
2.12581
2.56186
1.64959
2.28261
2.03765
2.5458
2.83904
1.90711
1.89614
2.63462
2.56876
2.33454
1.49938
2.75707
1.6643
2.11127
2.39888
2.64234
3.0083
2.47659
2.75092
2.08194
2.01934
2.12082
2.1734
2.07733
1.58956
3.08607
2.45899
2.04765
1.86884
1.13743
1.14479
1.34681
0.693536
2.10103
3.35601
2.30843
1.88419
1.74716
1.59818
0.733119
3.04307
2.96566
2.66881
2.09622
1.25863
2.54004
2.24506
2.59527
1.79982
2.11554
2.97929
2.53011
2.60102
2.49801
2.19853
2.26523
2.2281
2.1345
2.55283
1.27202
2.24307
2.07158
2.06899
2.20498
1.74349
3.03344
1.82357
1.66129
2.43992
2.63196
2.91837
1.4384
1.76419
1.84962
2.31828
2.09414
2.09872
1.34134
1.71226
1.32278
1.59716
2.0846
2.35667
2.97281
1.15503
1.58453
1.72517
1.17735
1.83998
1.58262
2.30501
3.78141
3.00736
2.33275
2.98739
1.54436
1.13639
1.14358
2.41144
2.13588
1.89568
1.89036
2.39567
2.92908
2.88158
2.17649
2.04763
2.74002
3.23639
2.1123
2.28259
1.77435
2.07395
2.45146
1.44233
2.64459
2.36852
1.77216
2.29393
2.29575
2.03627
2.03465
1.73896
2.47155
3.27107
3.17027
2.88594
3.10536
2.70022
2.77626
2.70371
3.69712
2.95921
2.9346
3.16661
3.06554
3.40645
2.73748
2.41754
2.93039
1.95769
2.69722
2.76811
2.29061
3.61594
3.0987
2.64944
2.28595
2.48456
2.34453
2.94282
2.15174
3.06857
2.81119
2.64988
2.04958
2.19548
3.53224
2.90188
2.34807
1.8969
1.90857
1.9491
2.69455
2.22153
2.47667
2.9044
3.16714
2.84244
3.54602
3.70126
3.88498
3.92476
2.57191
2.48732
3.93028
2.82992
2.77861
2.61011
2.31976
2.46424
2.38863
2.48525
2.56868
3.22281
2.5504
2.19055
2.24066
1.81717
1.74366
0.763486
0.915222
1.44381
2.06692
1.32045
2.3044
1.28795
2.48334
1.83822
2.17131
1.72477
2.52149
1.88755
2.09046
2.95493
2.01722
1.89608
2.87139
1.5888
1.67854
1.90235
2.28328
1.7756
2.66473
2.35799
2.48559
1.14434
2.81521
2.1779
2.57949
2.19382
2.51697
2.20942
1.7217
0.945264
0.356223
1.28553
1.55262
1.73426
1.97289
2.11796
1.83859
2.11147
0.640303
1.64015
1.37727
1.94072
1.91207
2.13799
1.75182
2.01725
1.26131
1.56116
2.21829
2.22451
1.69119
2.554
2.42762
3.60804
3.14666
3.151
2.03418
2.2692
1.42805
1.83771
2.2824
2.02865
2.17065
1.46893
3.08698
2.91409
4.2578
3.76659
2.695
2.48944
2.65821
2.74795
2.92608
2.64901
2.17859
2.28393
2.2486
1.50736
1.85863
1.88086
2.95096
0.996371
2.1772
2.18668
2.07605
2.62869
2.40702
1.85097
1.83607
2.58037
2.97678
1.72204
3.14643
2.13347
2.88413
3.1223
2.75304
3.38099
2.07633
2.25686
1.40562
2.26516
2.79286
2.19532
2.60583
1.20325
1.89316
2.17331
2.08928
2.16453
2.21114
2.35166
2.54143
2.34456
2.41055
1.37386
2.25239
2.9603
2.67419
2.4285
2.13079
3.0358
2.17713
2.41136
2.32869
2.10753
2.54144
0.872445
2.1219
2.40022
2.4607
2.71974
2.52682
2.57446
2.1707
2.64437
1.54783
2.97605
2.75966
2.92841
2.74167
2.49046
2.72202
2.46871
2.33005
2.29475
2.29991
2.6052
1.56205
3.47697
2.54605
2.40637
2.8653
2.80985
2.66301
1.30547
1.5588
2.42361
1.65993
2.17283
2.17589
2.2822
2.09045
2.7161
2.33332
3.56518
2.65677
3.45418
4.48994
2.40227
1.17728
1.62517
2.3277
2.98215
3.66135
2.38307
3.21835
3.06887
3.12473
3.0595
2.01533
2.54933
4.01351
2.54168
2.57154
2.30165
2.68814
2.07335
2.66997
2.16737
1.93919
3.03977
2.19951
2.97762
3.44347
2.87927
2.95128
3.14227
2.15688
2.44726
2.9649
3.51676
2.57975
2.91568
3.46788
2.4706
1.57469
2.19711
2.747
2.81342
2.16814
2.59822
3.33132
2.13154
1.83968
3.30467
2.7573
1.79848
2.43175
2.23043
2.71724
3.98801
3.22433
2.94131
2.76483
2.18768
2.61827
3.13768
2.06573
2.87747
2.32726
1.72092
2.27828
3.23555
2.53513
2.36186
2.71398
3.15937
2.90765
3.92352
3.01304
2.73136
2.67398
3.29177
3.12198
3.2328
3.12666
3.66066
3.39082
2.84061
3.52188
3.06645
2.97786
2.81131
3.12671
3.75608
3.32073
2.89211
3.41366
3.43919
3.37227
2.91671
3.58031
3.8211
3.99417
5.08853
4.64389
3.23742
4.40303
3.93636
3.68451
4.59542
4.18707
4.82045
2.91294
3.56597
4.75922
5.18306
4.62004
3.40818
3.6024
4.44212
4.19463
3.86954
2.78603
3.03697
3.84917
3.93849
4.25461
2.95886
2.91533
2.96143
3.44555
3.04165
2.3311
2.98413
3.79856
2.5534
2.62802
2.73813
3.32942
3.10905
3.71195
4.15879
3.67434
3.77124
3.3505
3.72445
3.19165
4.18028
4.21328
4.02707
3.21134
3.86761
4.5424
3.67443
3.56166
3.471
3.64258
4.18692
3.49461
3.78779
5.18072
4.56941
3.99251
4.8304
4.64614
3.96442
3.8262
3.87963
3.14681
3.49224
3.39849
2.97924
3.33635
2.47639
2.48558
1.86817
3.08098
3.27714
3.42683
2.90189
3.46282
4.26606
3.81201
2.86532
2.84062
3.26681
3.41624
2.94949
2.66195
3.14621
3.28484
3.12398
3.15412
3.64402
3.45485
3.94585
3.3824
4.34316
4.38735
3.69164
3.5101
2.34255
3.28149
3.91032
2.54678
3.21075
3.21514
3.11775
2.92973
2.73983
3.27167
3.44296
3.40091
4.56297
3.5583
4.25363
3.8048
3.96374
3.41799
2.27002
1.93553
4.12072
2.42022
2.73243
3.31661
2.95537
3.25158
2.14117
3.15925
3.67668
2.24762
2.37361
2.11691
1.22662
2.21071
2.39781
2.38187
2.69253
3.71869
3.11208
2.82232
3.42965
2.72101
2.29734
3.05739
2.76819
3.25016
2.7973
3.85326
4.17486
4.06533
4.34219
2.68578
3.26066
3.11355
3.06026
2.72808
2.70203
3.45509
3.59214
2.633
3.42848
2.97871
3.28865
3.42654
3.30805
3.04786
2.51002
2.97671
3.35341
3.80664
2.6426
2.55287
1.58464
2.45374
2.35204
1.87134
2.12727
2.13629
3.07503
2.11667
2.45297
3.97719
4.1524
3.58653
3.89301
3.26273
2.96165
3.17437
3.20668
3.28521
2.30924
1.55919
2.44856
2.6329
2.27338
3.88652
3.70909
1.76545
2.21074
3.10206
3.3871
3.3449
2.81939
3.22969
2.51802
4.09672
3.95438
4.25451
2.687
3.41093
3.13018
3.5372
3.13323
3.13855
3.69271
3.10698
3.53253
3.60687
3.28653
2.90505
3.04421
2.36679
2.4639
2.93963
3.41547
3.73207
2.72079
3.04784
3.07285
3.98833
2.70392
3.7702
3.3007
2.64863
3.68142
2.986
2.87127
3.31221
2.79387
3.93209
3.59359
3.22199
3.46357
3.7492
2.91075
2.6687
3.6148
3.47607
2.84801
2.7732
2.24481
1.91083
2.76978
3.55979
2.95088
2.98767
2.42662
3.58735
2.25256
2.93823
3.50031
3.31934
3.24036
3.34389
2.99546
3.0021
2.73765
2.5131
2.17275
1.82094
2.83626
2.30544
2.48403
2.28424
2.49592
3.856
2.8625
3.9688
2.88452
3.52722
3.19164
3.39207
2.83503
2.48453
2.57261
2.89232
3.51085
3.14264
2.36905
3.75664
2.57451
3.60017
3.7218
2.89968
3.38859
3.7778
2.54157
3.56101
3.85282
3.36297
3.43269
3.92949
3.35057
2.56276
3.39173
3.9885
3.66499
2.16422
2.90828
3.07097
3.97349
2.97748
2.67107
3.13044
4.13815
3.75435
2.87381
3.60435
3.5107
4.16316
4.38326
3.3118
3.55307
3.88109
3.10582
3.28328
3.12288
3.34162
3.6162
3.18643
2.9849
2.36353
3.30053
3.25152
3.73915
2.63417
2.92784
3.36814
2.9144
3.14847
3.67568
2.91967
2.47389
2.50286
1.99248
1.52182
2.09587
1.732
1.69504
2.63601
2.78335
2.4589
1.94369
2.61855
2.73739
3.2125
2.96915
2.8518
3.44656
3.17347
3.35529
2.31604
2.53747
3.56312
3.03047
2.79688
3.19494
3.68051
2.75132
3.21273
2.94088
2.50741
3.30139
2.91908
2.30711
2.47384
3.11636
3.09636
3.20334
2.78639
2.49783
2.74833
2.19777
2.93825
2.30599
2.29067
3.40836
2.80541
3.42266
3.24928
2.8262
3.50269
3.29609
3.45244
3.27031
3.06289
2.46919
2.78191
2.43601
2.64147
2.73141
2.46153
2.74566
3.21688
2.64803
3.36995
3.18488
2.60965
2.7344
2.978
2.78186
2.89726
3.67719
3.25506
3.12786
1.88425
2.05908
1.53937
2.6043
3.35258
2.88001
3.37847
3.26514
2.60158
2.44189
2.3527
1.81156
1.98166
1.82608
2.37262
3.15066
4.05907
3.61456
2.78903
3.15017
2.46972
2.73561
3.27464
3.14523
2.65807
3.24557
2.55519
3.14891
3.6438
4.11438
3.21142
2.82892
2.04623
1.49424
2.37766
1.57083
1.93416
3.40722
2.92327
3.10863
3.90652
3.38009
2.55014
2.94647
2.61272
3.03934
3.50223
3.60538
3.05039
3.25775
3.38674
2.48808
2.52009
3.64441
3.39988
3.72367
3.02716
2.78839
3.04273
2.97505
2.64335
2.90879
4.26113
3.06986
2.30789
3.20768
2.46944
2.96244
1.80631
2.69071
1.96363
3.08392
2.63881
3.20899
3.81808
2.88732
3.05332
2.93206
2.50972
3.41991
2.64929
3.00359
1.44233
2.95395
2.39801
2.72308
2.87231
3.28773
2.98358
3.11214
3.28094
3.52635
3.54062
3.25591
3.45729
3.46918
3.51251
2.94303
3.15841
3.21401
2.84845
2.9639
3.24671
3.33471
3.67741
3.24566
2.79935
4.60037
3.14608
3.36526
4.10986
3.5147
4.57972
3.14591
3.24503
2.78253
1.9279
2.74921
3.72689
2.78325
2.24047
2.19367
2.65904
2.37357
3.68633
3.14063
2.42337
2.49823
3.40847
3.64005
3.6632
3.11418
3.5429
3.13147
2.46387
3.11627
2.6348
1.40986
1.82738
2.23639
2.57736
2.62717
2.18446
1.66488
1.79771
1.97605
2.10411
2.3072
1.6532
2.31378
2.58713
3.35848
2.53022
2.78349
2.84626
3.96458
1.98129
3.277
3.2841
3.92898
2.99855
2.71357
2.40085
2.33147
2.09417
2.52446
1.7877
2.40211
2.1815
2.78636
3.11577
2.89551
2.03704
2.49945
2.76427
2.66688
1.42973
2.56268
1.94767
1.84458
3.46468
2.76976
3.03994
3.5812
3.3755
3.53598
1.67786
1.75101
1.76177
1.69343
2.18055
2.714
2.41183
2.30204
2.4351
2.45041
2.3176
2.16131
1.98407
2.25744
2.64745
3.41082
3.14789
1.92027
2.36274
2.68611
3.27923
3.67942
2.3919
2.92945
2.29852
1.97389
2.72008
2.1774
2.69671
2.78999
2.95573
2.55594
3.69675
3.11538
3.29201
3.25529
1.98483
2.14528
2.93465
2.37703
1.63366
2.97354
2.5958
3.00831
2.77427
2.68872
3.7742
2.99857
2.72631
2.07581
3.03919
4.17211
3.19787
3.09127
3.88507
4.10255
2.89892
4.01445
3.56467
3.01132
2.68436
2.55856
2.62743
2.23096
3.03745
3.73274
3.20766
2.67532
1.97499
3.08539
2.07304
3.24941
1.71521
1.79969
2.20191
1.89394
2.27209
2.11871
1.98209
1.61526
1.91538
2.55245
2.22677
2.00436
2.06953
2.56966
2.50525
2.70237
3.03196
2.87689
2.65462
2.58617
2.52976
3.39339
3.37533
3.64603
3.80475
3.37658
3.55249
3.77468
3.38932
3.26043
2.01317
1.84096
2.15212
2.58331
2.787
2.80052
2.11246
2.72935
3.3654
4.14956
3.4649
3.48018
2.16826
3.47147
3.18081
2.39021
2.65287
2.44128
2.63321
3.0777
2.76703
3.43567
2.59286
2.90951
2.41299
2.70504
3.73537
2.12192
3.14678
3.43982
3.46012
3.35889
3.15688
3.65562
3.12685
3.21183
2.72804
2.52856
3.83239
3.50335
3.09925
2.74999
2.7785
2.11226
2.17702
2.46995
2.62794
2.87402
2.35213
2.95907
2.83831
2.12286
3.53703
4.03536
3.4018
2.5455
2.91152
3.12048
4.22034
2.26163
2.94
3.02129
2.51634
1.92807
2.20804
2.51087
1.91491
2.14624
1.95538
2.45465
2.25258
2.02463
1.36162
2.27546
2.09418
1.68426
2.16083
2.26979
1.75011
2.24392
2.13006
2.28884
2.36645
1.94216
1.88756
2.03292
1.48436
2.01496
3.07999
2.50633
1.95935
1.99062
2.11414
2.32831
2.163
2.45514
1.97034
2.45954
2.86029
2.18973
2.07128
2.78513
2.59066
3.56998
3.34904
2.14143
1.81492
2.3071
2.41616
1.30174
1.55422
1.59826
0.835116
1.23223
2.77643
2.60141
1.77745
1.841
2.29332
1.08732
2.01146
2.06537
2.68432
3.9605
3.53628
2.87791
2.47213
2.56352
3.27794
3.19121
2.46286
2.22253
2.35857
3.42494
2.45742
1.34686
1.73599
2.15301
1.56926
2.25071
1.70645
2.27418
1.50775
2.53932
2.4665
2.4412
2.11493
2.18912
1.99333
2.73465
4.36428
2.53535
2.37388
2.66382
2.87119
2.77184
2.9652
2.68011
2.4099
1.7882
1.53
3.06821
2.7457
2.59779
2.43032
2.58467
2.75701
2.46901
1.65786
2.04849
2.25194
2.88453
2.06707
1.42167
2.54018
2.41728
1.86517
2.32625
1.91844
2.68111
1.97839
2.0952
1.66218
1.66487
1.95051
2.03682
2.50811
2.05293
2.58831
2.29981
3.19343
1.95825
1.8285
1.83842
2.61616
1.47817
1.77328
2.64242
3.12762
2.85545
2.39346
2.56686
2.44882
1.86823
2.42921
3.04994
1.98267
1.49695
2.16005
1.90613
3.3424
1.69731
0.882602
2.51371
2.48913
2.6217
2.26885
2.31446
3.10835
2.28275
1.85146
2.49671
2.3864
1.8653
1.92504
2.58214
2.64207
2.88505
2.48587
2.84302
2.29497
2.98849
2.77152
1.93768
2.89402
2.5871
3.27956
2.35505
3.26632
2.33475
2.52665
2.41537
2.29116
2.21243
2.50406
2.78341
3.00013
2.92962
3.10774
2.51669
1.82003
2.08421
2.87073
2.42837
3.04775
2.69875
3.14662
3.43476
2.07996
2.80385
1.20296
2.4698
2.55482
2.52216
1.59643
2.10149
2.78522
2.47328
2.90965
2.91581
3.11581
2.66757
1.75284
3.121
3.22264
2.63654
2.76152
2.56986
3.1901
2.46437
1.42807
1.60748
1.92528
1.43007
2.12127
2.36153
1.77651
1.65477
1.75783
2.0436
1.82332
2.41852
2.89582
1.87077
1.1286
0.599478
1.03384
0.975637
1.86567
2.44885
2.30196
1.65813
1.23429
1.70521
2.48227
2.80557
1.7515
2.1409
1.35541
1.47319
2.62841
1.46735
2.14677
1.78075
1.78733
2.20319
1.87243
2.53335
2.33314
2.54486
2.19301
1.95326
3.60414
2.89174
2.8258
1.52918
1.77955
2.09945
2.16572
2.83724
2.74967
2.26235
2.71177
3.33018
2.95934
3.09061
2.40329
1.43689
1.9064
2.19012
2.08765
2.48531
2.08342
1.79576
1.82333
2.0202
2.87581
1.39543
1.65671
2.0354
2.18137
2.95727
2.88436
2.70549
2.2659
2.01791
2.80293
2.70363
2.4953
2.65663
2.63035
2.31351
1.61219
1.65424
1.88478
1.76848
2.26762
2.09091
1.65361
2.91015
2.35773
1.40133
1.35627
1.85863
1.66729
1.72331
2.33129
1.78278
2.01194
2.02824
1.50993
1.66785
2.57974
1.97359
2.45522
2.26688
2.50566
2.44502
1.68282
1.58666
2.40445
1.5988
2.64852
2.3592
2.56362
2.4779
2.49242
2.08508
2.9685
3.14915
2.65946
3.33327
3.19769
2.52591
2.03438
2.83755
2.59363
1.87667
2.07512
2.23168
2.91374
1.47264
1.85046
1.91043
1.26065
1.1609
2.207
2.17132
1.7551
1.54597
2.47685
2.12803
2.03389
2.24465
2.44727
2.70779
2.30824
2.52539
2.62947
3.11593
1.80175
2.1862
2.2843
1.27245
2.49624
2.97412
2.86561
3.43054
3.50228
3.94775
3.84136
3.01047
2.97803
2.36157
2.87335
3.03318
2.24026
2.60199
3.15112
3.02791
2.78448
2.84149
2.66172
2.52345
1.74116
2.84106
2.85168
2.15827
2.96296
3.36028
3.22639
3.37528
3.18891
2.84213
3.18195
2.40338
3.77506
3.21534
3.31128
3.1529
3.65413
3.34662
3.85494
3.15496
3.32768
3.17956
3.0218
2.7312
3.02654
3.08234
2.71547
3.066
2.51723
3.69596
2.36888
2.96786
3.2933
3.35439
3.3085
2.20093
2.91641
2.63417
2.51759
2.67956
2.46126
1.30305
2.51752
2.85278
2.72978
3.07261
3.06291
3.78499
2.12667
2.43385
3.35339
2.04853
2.1573
1.61034
2.3116
2.11512
2.17769
1.98562
1.30122
2.16017
1.72394
2.38131
2.30168
2.52467
2.51987
2.95671
3.24474
2.11852
2.15829
2.31712
2.16316
2.15613
2.76491
3.34681
2.12518
2.72083
2.49982
2.89555
2.87038
2.11466
2.27978
1.79158
1.9127
2.1601
2.4426
2.70076
3.16023
2.18947
2.90439
3.07339
2.28983
2.97581
2.3444
2.43741
1.77198
0.908851
1.58159
1.13518
1.05621
0.943911
1.00886
1.5681
1.86769
1.73656
0.905611
1.72054
1.8855
1.68657
1.59855
2.97069
1.66121
1.30113
2.04029
1.44773
1.3473
1.22107
2.22803
2.22053
2.42404
1.17941
0.689678
0.816305
1.70664
2.21322
1.70626
1.35432
1.23062
2.09345
0.181309
1.27318
0.912953
1.99617
1.95938
1.90235
1.31479
1.26249
2.10844
1.89598
0.995656
1.89027
2.50697
2.32149
1.56634
1.48866
1.71755
2.20684
1.97749
1.05808
1.60416
1.63025
1.35051
1.19445
1.28033
0.787819
1.10958
2.39362
1.90786
1.11143
0.873743
1.23423
1.60736
0.430875
0.424383
1.2224
0.549467
1.01817
1.85197
3.011
2.74718
2.95907
2.33248
2.38458
1.65298
1.00573
1.57178
2.69629
1.61532
2.12956
1.9628
1.60869
0.478212
0.948421
1.07348
0.705467
2.07185
1.91049
2.59483
2.22157
1.27472
2.14609
2.3253
1.69931
2.41085
0.824663
1.79725
1.39513
1.81261
1.57699
1.58211
2.30827
1.97871
1.96093
1.2518
1.29504
1.1025
1.3409
0.589661
0.307827
0.842417
1.60923
1.77258
1.42918
1.68068
0.143323
1.16573
0.838049
1.28092
1.74502
1.29925
0.779328
1.47022
1.52054
0.897433
1.94456
1.54297
1.64647
1.67729
1.7664
2.85532
1.45987
1.63731
1.46042
1.31772
1.55579
2.53532
2.22425
2.56856
2.43523
1.39761
1.3607
1.46671
1.62294
1.99316
1.00483
1.30703
1.51011
1.63529
2.15077
1.95924
1.81839
1.83611
0.731184
1.88643
1.85653
1.48911
2.38896
2.33057
2.33599
1.86775
2.65866
1.89338
1.73143
1.82578
1.13526
1.69248
2.29086
2.17973
2.76067
2.45318
1.9561
2.50805
2.1471
2.01376
1.65101
1.67217
0.617408
1.59458
1.03901
2.78837
2.77174
1.31154
2.30064
1.40691
1.222
1.43746
1.65874
0.83132
1.87028
0.859247
1.39572
1.61976
1.94816
1.62117
1.90797
2.62111
3.3474
2.38519
2.5569
2.37943
1.00746
2.12151
1.7328
1.77536
1.96664
2.37379
3.29342
2.16875
2.95724
2.45025
3.4891
2.62011
2.37303
2.50127
2.70254
2.86453
2.9722
3.38732
2.89317
3.0798
2.71498
2.62786
3.1857
4.53309
3.31411
2.33063
2.60458
2.43682
2.6396
2.68632
2.68457
3.62532
2.55414
3.25032
3.803
4.44138
3.51762
3.4351
4.08376
3.89806
3.2771
3.78971
2.09873
3.54139
3.08421
3.22784
3.49242
3.85721
4.14487
3.87238
3.57832
3.44519
3.47174
3.4753
2.94432
3.96654
2.97196
3.46151
3.26127
2.9484
3.02803
3.77878
3.50208
3.45627
3.92616
3.54865
2.95471
2.31589
3.09005
3.04259
2.7741
3.344
3.18909
3.7949
3.81065
3.53485
2.96066
3.02359
2.86804
3.13144
2.40704
2.6854
2.39293
2.22543
1.58602
2.0967
1.78607
2.47256
1.79755
2.50263
2.39722
2.45649
0.760658
1.48887
1.19607
2.29073
1.84324
2.92453
3.59705
3.47461
3.20516
2.14254
3.47503
2.47215
3.64925
1.829
1.62262
2.32713
3.02448
2.90286
2.30188
2.43487
1.88032
2.47089
2.85261
2.5739
3.34027
2.56194
1.20365
1.71637
1.95286
1.90214
1.87244
1.78015
2.81958
2.57145
2.80837
1.9818
1.21136
2.07937
1.86959
1.64253
1.48462
1.20934
1.0513
2.68255
1.86963
2.77866
1.45333
2.17303
2.83712
2.78092
2.87756
2.78782
1.66807
2.18045
2.35401
3.03899
2.05523
2.59271
1.30159
2.40482
2.26822
3.0535
3.33219
2.50673
3.82258
2.23364
2.32615
3.39594
2.61046
2.7724
2.20154
2.01233
1.87475
2.74553
2.60782
3.20049
2.50741
2.08075
2.5533
2.84082
2.95839
2.47658
2.08836
1.93862
3.1827
2.81501
1.49951
1.58751
0.900593
1.52676
2.0685
1.66223
1.19799
1.99491
1.63104
1.80513
2.67256
2.25726
0.890731
1.73338
1.64867
1.82294
2.34211
2.7751
2.53763
3.75227
2.42185
3.73896
2.79455
3.01548
2.96106
3.15543
2.85407
2.6916
2.49625
3.17877
2.27494
2.55941
2.27144
2.26932
2.72405
2.13859
1.67541
2.01974
2.4927
2.56341
3.33282
2.67831
1.72134
2.82491
2.70424
2.29939
2.11055
2.64106
3.13701
3.49774
3.74405
2.40709
2.06027
3.67433
2.45117
2.25819
2.38001
2.03047
1.58394
1.47614
1.1539
2.52503
2.72035
3.00901
3.1235
2.54218
2.18281
1.98449
2.25306
3.03913
1.98514
2.89861
2.31456
3.25077
3.02162
3.16357
2.66895
3.20454
2.84043
2.69382
2.0573
2.78922
2.24609
2.37455
1.962
2.33343
2.30163
2.38662
2.44442
3.24956
2.69182
2.53664
2.86473
2.38358
1.36107
1.56898
1.86199
1.79209
2.28881
1.68993
1.57605
2.85507
1.98429
2.53156
2.80544
1.82699
1.89136
1.91146
2.06341
2.15373
2.37544
2.31809
1.63435
1.87431
2.44898
3.17671
2.74164
1.65358
2.04248
1.79348
2.04128
1.44054
1.76775
1.83493
1.90947
0.862034
1.89241
1.83629
2.40456
2.9129
1.9088
2.45865
2.67359
2.54003
1.5405
1.1851
1.89096
1.77874
2.00852
2.00062
2.25922
2.67097
2.32255
2.26823
1.4445
2.11857
1.538
2.25328
1.69773
2.50569
1.78817
2.95854
2.98333
2.75214
3.26811
2.80869
1.68165
2.38888
1.60343
1.37298
1.89955
2.30573
1.86096
1.95016
2.21528
2.66995
2.10523
3.02373
2.70583
2.86063
2.75955
2.64961
1.61687
1.55929
3.23639
2.69378
1.74726
2.18501
2.41125
3.02803
3.1818
4.23142
3.86552
2.53187
3.78892
3.23105
2.8575
2.66775
2.30128
3.59637
3.08035
2.47532
2.90355
3.37767
3.13084
2.68571
2.50024
2.83756
2.53231
2.84923
2.63677
2.3922
2.75343
3.54031
3.1138
3.06719
2.91342
2.93999
2.70566
2.37559
2.47648
1.8436
1.50095
2.37971
1.86924
3.38392
2.2539
3.27453
2.43445
2.08908
2.54902
2.19849
2.35968
1.65024
3.36136
3.11178
1.81313
2.15225
3.00779
2.36431
2.3332
2.36724
2.27787
2.06255
1.80655
1.67207
1.44336
2.95136
2.41015
2.08113
1.74435
2.42758
1.95513
2.48907
2.14203
2.36665
2.6514
2.48564
2.60026
2.44004
2.56465
2.92196
2.0543
2.806
1.87263
2.48836
3.36779
2.35011
2.71979
2.48348
3.05868
2.39513
2.29094
3.32329
3.27074
2.56094
2.24473
1.42215
2.55881
2.1684
2.93577
3.23614
2.87663
2.05774
2.37308
3.48825
3.33424
3.96101
3.45023
3.50819
2.70787
2.78758
2.51413
2.80146
2.41881
1.52244
1.98595
2.63387
2.45485
1.57987
1.54452
1.64872
0.984195
1.0839
0.760355
2.95348
2.90219
3.18431
3.71897
2.5656
2.98487
2.85662
2.48866
2.82149
4.21767
3.05383
2.57096
3.55902
2.39612
2.24132
2.44566
3.48843
3.06128
2.78892
3.50285
3.85558
3.37974
2.25721
3.72384
4.4315
3.15158
2.82371
3.00067
2.54157
2.80117
2.88945
3.02566
2.56947
1.39716
2.29356
2.46852
2.36597
2.49619
2.31605
1.90926
2.85216
2.46586
2.9215
3.72386
2.00273
2.86279
2.82427
3.34977
3.31517
3.01984
3.56341
3.14315
2.96278
3.13788
3.9063
2.30989
3.78965
3.99331
3.00116
3.28599
3.2042
3.6203
3.14636
3.39467
2.86942
2.04063
2.09578
2.3714
1.69031
2.28105
3.5671
2.77537
3.10688
2.69091
2.448
3.29233
3.11269
2.70373
2.83838
2.06867
1.92434
2.66404
1.71367
2.35072
2.68263
1.98761
1.6292
2.93905
2.7105
2.89274
2.07432
2.5965
2.71438
2.73013
2.81368
2.43115
2.41507
2.45105
2.92662
2.32992
1.70306
2.89998
1.67693
1.44055
1.84724
1.72756
2.75433
1.99995
3.01586
2.83781
1.73586
1.56541
1.6625
1.1443
2.04385
1.86461
2.15448
0.956851
2.16479
2.34262
2.80723
2.68724
2.18132
1.82373
2.79907
3.15387
3.00987
2.41568
3.07531
1.93522
1.21822
2.23738
1.77055
1.80538
1.71101
0.694555
1.02568
1.29277
1.34843
0.965471
2.24019
1.85117
2.00304
1.33351
0.576828
1.75786
0.943732
2.10751
2.14503
1.20705
1.21107
0.786609
1.05941
2.24448
1.88972
1.74975
1.72425
2.16724
1.70681
1.69165
3.00313
2.32737
1.95226
2.22321
1.94227
1.43941
2.10174
2.44303
2.62504
2.65007
2.86811
1.91565
1.16732
2.36003
2.71025
2.1906
2.14858
2.07004
2.2794
2.03548
1.96664
1.06417
1.65872
1.51279
0.730119
1.09775
0.661382
1.37354
1.29495
2.58117
2.88625
2.66821
2.67257
2.6046
1.98604
1.78089
2.41117
2.22008
1.84528
1.59839
1.82008
1.43196
1.39008
2.19208
2.29928
1.56067
1.51376
1.83436
2.92691
1.53486
2.08088
1.20397
2.71861
2.33283
1.59705
0.984358
1.02914
0.879702
1.28347
1.76636
0.246583
1.42997
2.34162
1.77327
2.11946
1.68504
1.23264
0.948591
1.48042
1.55194
1.41138
1.49415
2.27081
1.41819
1.42886
1.98911
1.24807
1.93365
1.5358
1.96607
0.951923
2.03403
2.07113
2.4421
2.28865
1.45098
1.38017
1.46618
1.57481
1.35703
1.26277
1.649
2.27573
1.68229
2.74465
1.58447
1.14568
1.80995
2.31582
0.91831
1.51226
2.07778
1.19703
1.35584
2.43078
0.902443
2.45746
2.31084
1.66335
2.08123
1.57993
2.23214
2.21276
2.67744
3.47815
2.81294
1.90016
2.9472
2.41895
2.07849
1.45644
1.87947
1.617
1.26956
2.11018
1.43791
0.975223
2.47854
1.81108
1.89854
1.67851
1.92572
1.92539
2.50456
0.761765
1.69092
1.47966
2.23003
1.58575
0.616179
1.79175
1.94883
0.845312
1.07221
0.143925
1.28176
2.14099
1.65334
1.93188
1.98647
1.76928
1.75116
1.82518
0.143558
1.1471
1.29842
1.03024
1.26185
1.81619
2.28798
2.8844
2.43703
2.32792
1.95658
1.93159
1.63512
2.52344
1.79241
1.15411
1.65244
1.87652
1.83821
2.11937
1.69505
2.76278
2.73637
2.44932
2.19077
2.02445
1.66454
1.56726
1.31807
1.49682
2.54693
2.40755
1.93929
1.56833
1.10351
0.153862
1.52658
1.8134
1.13846
2.5622
1.57925
1.27755
1.54069
2.17761
1.76112
1.86758
1.83677
0.820838
1.93481
0.422292
1.0103
2.10246
1.77387
1.21105
1.76975
2.79006
2.11996
2.19412
1.62229
1.2357
0.955554
1.88747
2.33768
1.69814
2.24585
2.20106
1.64934
2.03439
1.93535
2.4249
2.169
2.33778
1.69707
1.46225
1.5497
1.82651
1.8752
2.23079
1.83272
2.08817
2.10197
0.898846
0.485639
0.90281
0.520842
0.0734145
0.658486
1.12188
1.23943
0.858835
1.35328
1.22567
1.98857
2.57212
1.39945
1.9239
1.54244
2.09728
3.30811
2.39304
1.52194
1.54513
2.48617
1.78532
1.28573
1.52127
0.901268
1.79499
1.2374
1.29717
1.05317
1.97143
1.76933
2.1898
2.23653
1.81889
2.72404
1.75507
2.0897
2.25806
2.06722
1.80761
2.52139
2.21625
2.15764
2.16416
2.50358
3.11019
2.81683
1.92257
2.3006
1.64131
2.26649
2.03568
0.868326
2.51944
2.82234
2.73192
2.93154
2.30722
2.24411
2.71236
2.42543
3.05931
3.4416
3.56684
3.97875
3.09507
3.87329
2.71884
2.68776
2.47286
3.51981
2.81878
2.98102
2.69467
2.10685
2.68246
2.68763
2.06381
1.51936
2.71931
1.85274
2.51499
2.85816
2.67161
2.38659
1.92224
1.93376
2.60842
2.26125
3.27495
2.24871
3.48733
2.47795
2.3182
2.54046
2.15268
1.88165
2.11624
3.17277
2.95304
3.58843
3.37781
3.58261
2.35915
2.14779
2.46901
2.91145
3.00944
1.75961
2.09741
2.18779
2.7505
1.98244
3.40619
2.86115
3.42029
2.8324
3.39491
3.00362
3.27202
3.29082
3.08071
3.66817
3.14709
2.94158
3.50693
3.23403
3.05216
2.18309
1.74699
2.70173
2.99838
1.94771
1.96492
2.41742
2.22778
2.17896
1.97587
3.17176
2.74851
2.70036
2.30726
2.42242
2.6782
2.55734
1.67928
1.80326
2.0519
2.08179
1.62187
1.54051
2.0356
3.01217
2.34929
2.14751
1.64092
2.53432
2.90098
2.88508
3.2335
3.217
2.17809
2.20708
2.37917
2.80171
2.40183
2.30824
2.93123
2.93193
1.87376
2.58363
3.25058
2.51389
2.78296
3.4879
2.99829
2.73375
2.09683
2.14248
2.03631
3.15323
3.22443
3.30982
3.27791
2.92263
2.71377
2.49811
2.9226
2.35481
2.5256
3.30099
2.91592
2.67634
3.68819
2.98043
3.24843
3.71501
3.97121
3.23383
4.01321
3.2821
2.91162
3.50703
3.25208
3.56015
3.09329
2.21962
2.34597
2.62696
3.37157
4.79956
3.23911
1.7808
1.13049
3.23404
3.27635
3.06056
2.43951
1.55916
3.32949
2.41607
3.12147
1.89307
1.73427
2.09918
2.1766
2.30284
2.49543
1.84989
2.31227
1.74624
2.36211
2.1392
3.73404
3.33474
2.11542
2.11501
3.31955
4.0261
2.87309
3.47665
1.98548
2.49076
2.36121
2.21463
2.87567
3.14182
2.7527
3.11449
2.54748
2.20542
2.99205
2.1243
1.75935
2.08775
1.78276
2.67966
2.07664
2.88006
1.67985
1.95715
1.724
2.27822
2.89921
2.8958
3.29925
3.75324
3.29846
3.03782
0.799717
2.40494
1.34655
3.04866
3.0507
1.96165
3.78237
2.30342
2.15985
2.59487
2.12495
2.06962
1.75392
2.22927
1.95179
1.6868
1.28367
2.04293
1.90434
1.74785
2.09059
3.27756
1.92491
1.85482
2.1221
1.90695
0.929469
1.50363
1.81059
1.82139
2.4761
1.75176
2.28982
2.75554
1.88898
1.79432
2.1432
2.3624
2.64795
1.63285
2.42635
2.04236
2.5525
2.86542
2.09472
2.86768
2.78954
2.86354
2.83357
2.5962
2.55429
3.39489
3.4397
1.90015
2.57677
2.58487
1.87203
2.35303
2.15656
2.78456
2.51854
2.2126
2.31926
2.31994
2.11694
1.24588
1.22662
1.93279
2.94525
2.66904
2.58759
2.46841
2.28741
2.50987
2.0001
2.04561
2.36589
1.74373
2.39652
2.17661
2.49028
2.91138
1.92406
1.42054
2.00708
1.69178
2.64623
2.93185
3.23735
2.97744
3.65274
3.13172
3.18054
3.78594
3.83908
3.46857
3.97209
4.69045
3.61141
4.09874
3.01622
2.76758
3.92913
3.35039
3.20961
3.95791
3.21484
3.78073
4.55066
3.33895
3.43019
2.83353
3.09392
2.52693
2.79964
2.51946
1.90622
2.96031
2.75852
2.57203
1.99305
1.88027
1.77663
2.54964
3.41056
2.35041
3.06695
4.18183
3.18358
1.62719
1.51738
1.42469
1.9194
1.70726
1.60052
1.47028
2.11973
2.29876
3.14848
3.0879
2.24121
2.73915
2.66876
3.01244
2.22383
2.03168
1.66327
2.16557
1.69392
2.3272
3.0295
2.56545
2.49642
2.35443
2.61889
2.20466
2.42297
3.46647
2.63193
3.1587
3.41012
2.7673
2.23851
2.21869
2.75628
2.67016
2.99239
2.42508
1.99477
2.88391
1.73161
3.10995
3.65333
3.38799
3.25062
2.12024
2.51786
3.2181
2.5816
2.45792
2.07813
2.53314
2.836
2.78183
2.67052
3.02475
2.85673
2.45859
2.60929
2.04502
2.27271
1.76706
2.46378
1.64683
2.01604
1.43059
1.85278
1.91795
1.79575
1.2021
1.59533
1.60247
2.33589
1.89635
1.41762
1.56214
1.85637
1.55159
1.64741
1.70073
1.53633
1.62135
2.0961
1.37269
1.67371
1.7107
2.02452
1.47622
3.13583
3.02971
2.00312
1.63913
2.27465
2.75878
2.07505
1.30346
1.09186
2.24629
2.36348
1.51268
1.54097
1.04789
1.23032
1.512
2.46168
3.10473
2.15205
1.89728
2.06268
1.60041
2.4388
1.57636
3.44248
3.64663
2.87372
2.36235
2.88328
2.74254
2.50647
3.21298
3.45671
2.55805
3.35766
2.94617
2.07401
1.57464
2.04728
2.56578
2.56277
2.29627
1.87559
1.78613
2.0376
2.09805
2.02577
2.75819
3.1567
2.88549
2.29609
2.97202
2.94574
3.55766
2.68536
3.05259
3.131
3.06011
3.09736
2.7281
2.72301
3.09154
2.59956
2.66909
2.22969
2.0305
2.93625
2.33997
2.78339
3.4115
3.19859
3.02899
3.02493
2.82076
3.26147
2.63721
3.67738
3.6355
2.47619
2.70923
3.26542
3.55168
3.28329
2.80889
2.73103
3.49936
2.43834
2.57697
3.08959
2.45915
2.78681
3.43045
2.73342
2.47562
1.92798
2.71936
2.4038
2.65047
2.66912
2.89293
2.49925
2.147
2.65208
3.07578
3.09694
2.14123
1.95022
2.44209
2.35502
2.97358
2.52192
3.37607
2.86117
2.59283
2.85832
2.88925
3.55028
2.33541
2.82232
3.05756
2.71746
2.90616
3.37634
2.19374
2.10871
2.34539
3.75882
3.48181
3.396
2.63438
3.01843
2.34
2.47437
2.4958
2.5493
3.11166
2.48955
3.07686
2.94645
2.39025
2.82246
2.47857
2.88051
3.02028
2.64967
2.65689
1.58321
2.53909
1.9264
2.6293
1.88071
2.63193
2.86757
2.53411
1.69884
2.40738
3.42606
2.46118
3.73633
3.56639
3.19888
2.17916
2.74146
2.76974
2.33075
2.62075
2.98491
2.36681
2.89681
2.30228
1.6887
3.07071
3.39247
3.1128
3.59582
3.02429
2.08814
1.95557
2.70837
3.20161
2.31828
2.30288
2.52615
1.81373
2.16185
2.3708
2.31165
1.85164
3.24019
2.61169
2.9454
2.70877
1.95953
2.17231
2.79343
2.50902
2.31013
2.65565
1.92131
2.38067
2.5591
2.66123
2.30624
2.39673
3.15019
3.70065
3.4511
3.55651
3.31621
3.79308
2.87137
2.04752
2.76913
2.62137
2.67533
2.88889
2.50225
3.19072
3.47772
3.15937
3.66496
3.48883
3.78131
3.59687
3.45912
3.82935
3.91725
3.45687
2.79347
2.80978
3.15712
4.12922
3.02254
2.4053
2.1858
3.27508
2.42514
2.92837
1.13612
3.22645
3.51883
3.66011
3.11545
3.18974
2.77744
2.1961
2.35825
2.22836
2.04816
3.17724
2.67422
3.24318
2.52173
3.3505
3.03429
2.69448
2.38837
3.04046
3.24606
2.62647
2.33811
2.27833
2.30217
3.42937
2.63377
3.70636
3.46964
2.81174
2.7448
2.12027
1.84893
3.63704
3.49948
4.15621
4.3084
3.59934
4.02348
2.77605
3.31735
3.10909
3.83861
3.18011
2.98334
3.22722
2.89035
3.14916
2.79452
3.39905
3.30152
2.91381
2.73356
2.37365
2.05309
2.37697
2.86408
1.95738
2.92105
2.45238
2.37671
3.1155
2.36562
2.13278
2.95996
2.88849
2.6267
2.5407
2.77126
2.92634
2.22611
3.0657
3.03152
3.03612
3.21778
2.31289
2.60523
2.43706
1.56943
2.84237
3.16761
3.02298
3.12968
2.48391
2.04845
2.9964
2.18614
1.75688
1.41724
0.668621
2.31794
1.68742
1.00626
1.38345
1.65536
1.99925
1.80784
2.03901
2.04541
2.28688
1.81096
1.95603
2.20594
2.57172
2.85659
3.10564
2.81931
2.86763
2.81455
2.79009
2.43942
3.17882
2.48876
2.01015
2.28254
2.35448
2.91085
2.61785
2.46835
3.78878
2.57405
2.23387
1.84583
2.17481
3.01884
2.53416
2.63929
3.35742
2.89144
2.19083
2.60367
2.97591
2.73775
2.82654
2.46888
2.53755
3.65013
3.44068
3.01393
2.13644
1.8609
2.85874
3.21418
2.88326
3.06402
4.1764
4.42672
3.53067
3.43776
3.25339
2.72989
2.88004
2.45972
3.51131
2.8133
2.28399
3.21309
2.65001
3.56345
3.42688
3.60293
3.76637
3.38489
3.8512
2.97193
2.34829
1.8987
2.17749
3.25452
2.78366
2.25773
2.10098
2.97432
2.22405
3.02776
2.69264
2.07496
2.97026
1.96199
2.32119
3.08196
2.69384
2.5732
2.79932
3.72464
3.38704
3.2736
3.146
2.68668
2.9232
2.43708
2.45478
2.53721
2.69342
2.21991
2.32162
3.02479
1.9129
3.11129
2.49867
2.6288
2.34204
2.63165
2.77777
2.11167
2.02213
2.53432
2.19433
2.62859
3.41671
2.16678
2.06112
1.88434
3.09587
3.56791
3.78268
2.98791
2.65404
2.46602
2.46194
2.30795
2.45852
1.82855
2.90233
1.59722
2.34819
2.86689
3.09721
2.06974
3
2.04793
2.46949
2.84178
2.43452
2.76267
2.54336
2.8314
3.57919
2.65743
2.78329
3.15554
2.91428
2.88916
2.57107
2.09326
2.55898
2.09227
2.30512
2.48837
1.40455
2.45541
2.32074
2.12935
2.85783
1.65215
2.23255
3.13623
2.81826
2.61775
1.31742
1.6236
1.79451
2.38229
2.3951
1.44168
2.62615
1.61743
1.98923
1.43803
2.05595
2.26733
2.25322
2.31842
2.03098
2.53846
1.7095
2.33093
1.74725
2.78794
2.54639
3.13103
3.45352
2.44017
3.11989
2.74491
2.51945
1.37929
1.65551
2.36869
2.81898
2.19082
1.82208
1.84827
2.63822
1.58991
2.35704
1.94284
1.49217
