2.56174
2.10027
1.7686
3.17166
1.60406
1.76189
2.02596
2.94468
2.43772
3.16422
1.38912
2.73775
3.32115
1.77551
2.45117
1.77478
3.16059
1.62291
1.59192
3.78323
2.93515
0.553728
1.9302
2.72685
2.41051
2.725
4.13717
0.780603
1.95147
2.01933
2.11752
1.31139
2.63392
3.66838
3.85016
2.75566
3.11457
2.74612
2.08256
3.29652
1.48067
1.78884
1.8595
1.32714
1.80451
2.14721
2.74907
3.2329
1.40754
2.78853
2.7038
1.47093
1.81197
0.101891
2.35597
3.54155
3.35835
3.52337
1.09792
1.64611
1.77872
1.63448
2.95095
1.77784
1.84818
1.5647
0.91406
2.09123
0.174925
0.962914
2.26295
3.17268
2.73276
1.44739
2.04223
2.25101
1.99705
3.86944
-0.143535
2.5769
2.54599
2.36615
1.07055
3.04288
1.38772
2.89801
3.62046
2.25778
2.23425
1.92433
2.49507
1.6753
1.4314
2.429
1.00707
2.41122
2.125
1.37358
1.2829
2.4264
3.42667
1.52103
2.46507
1.88354
2.63492
2.42586
2.6298
2.41476
1.58784
2.52792
3.60594
1.76808
2.41812
3.52978
2.19227
1.5268
2.5851
4.11948
2.45859
1.4214
2.68464
0.934686
1.72866
2.19902
1.32261
1.65935
3.09504
0.884843
1.6304
2.89755
2.97583
2.48257
1.09771
1.70874
1.89774
2.24475
2.84512
0.748631
3.0557
1.43674
2.35241
2.15336
0.802637
3.08819
3.05972
2.83115
1.3811
1.7378
2.1801
2.41532
2.58363
2.34135
3.28908
3.25827
1.81529
2.24339
2.18091
2.96268
2.38142
1.13411
3.8446
0.629866
2.82776
0.129835
1.61414
2.95789
2.72377
1.34175
2.57912
1.75179
2.56132
2.98273
3.19027
1.83996
2.83612
2.28809
3.83164
2.26259
1.68825
3.3536
1.10663
1.6818
1.31088
2.01922
1.2
2.56659
2.91808
2.17485
1.98479
2.50939
3.23737
2.60868
2.65895
1.9691
1.85382
2.59731
1.8198
1.22966
2.11983
1.92697
2.0175
1.12712
1.55737
2.22073
0.689387
1.79727
2.48561
2.28553
2.35633
2.86579
4.04637
2.51511
3.1116
2.72168
2.9713
1.46796
3.39298
2.48228
2.38082
2.72693
2.44705
2.41849
3.43432
2.55516
2.27189
2.66379
2.32387
1.61879
2.34231
1.51163
1.79494
2.30895
2.9098
2.42051
3.1005
4.30452
2.48002
2.74013
1.67395
1.95854
1.76072
2.43477
2.18575
2.38612
1.54515
4.25104
3.32974
2.18014
2.09697
2.28418
2.43379
2.61983
1.92939
1.82513
2.12051
1.5742
2.11482
2.45061
2.66255
1.78802
3.15406
3.44484
2.65083
1.41021
2.43997
2.3384
3.14125
1.72013
0.863806
2.66446
2.30739
2.20872
1.46942
2.81341
1.45242
3.11165
0.599268
1.64883
2.69352
1.81692
2.43567
1.9952
2.39509
2.3291
1.47849
2.18499
2.46555
1.69335
0.837413
1.29784
2.75413
1.65473
1.96639
1.83508
2.25332
2.47613
1.06767
2.0907
2.38825
1.03146
1.03503
2.12059
1.90536
1.04035
2.42159
2.36646
1.45501
1.57918
2.66465
2.86494
2.36794
2.30412
2.94584
2.50054
2.08658
1.1731
3.77558
1.435
1.83567
2.40755
1.78947
3.81868
2.50229
3.60242
2.83399
2.45911
1.73282
1.76473
2.49402
2.37492
1.41616
1.97875
1.56834
0.773902
0.761705
2.63058
2.51886
2.20662
2.3405
2.49593
1.9098
2.40136
2.18002
2.04807
1.00297
2.27327
4.24038
1.90175
2.10269
3.12421
2.2078
1.80625
2.61385
1.43021
1.59565
1.31576
4.27294
1.3645
2.02297
1.81159
2.11102
2.63279
2.64353
2.61736
3.79543
2.29932
2.20275
1.74046
2.64708
1.74403
2.41094
2.30454
2.53083
0.988865
2.38415
2.09839
1.04997
2.68171
2.35853
1.30889
2.02053
1.31786
1.21625
1.60674
1.48499
2.9755
2.59287
2.42798
1.59981
2.40324
1.64724
2.43368
4.49476
0.941426
2.8396
2.37452
0.878629
1.34114
2.27441
2.86647
2.04693
2.33501
1.42201
2.43192
2.92473
1.26496
2.31252
1.97851
1.61013
1.27979
2.16189
2.14285
3.43955
1.42004
1.37062
2.96875
1.72206
1.88603
1.89211
1.50285
1.9872
2.8458
3.22503
1.93868
1.77264
1.54879
1.0539
2.7552
2.7281
2.65107
1.39786
2.17813
3.02885
2.10024
3.47355
2.46396
1.88993
-0.21606
2.88422
3.14901
1.01578
1.42486
2.04613
2.21777
2.30648
2.84397
2.61099
3.11685
3.78022
2.43885
1.80107
2.06674
2.46065
2.936
1.4178
1.56633
1.81233
1.80154
3.44294
2.8512
2.42848
1.96999
3.39137
2.20433
2.07794
1.42732
3.44159
1.64102
3.26212
2.23657
2.83209
2.62986
1.35439
2.07458
1.94612
2.38115
2.95096
2.67602
1.24865
1.18296
3.57272
1.546
1.96188
3.91902
1.21472
2.21499
2.86674
2.23445
2.47991
2.03829
3.55565
2.47011
2.48813
2.88444
2.19624
2.06953
3.04981
2.92713
2.21372
2.39357
0.959372
2.10237
1.3387
4.33037
2.31704
1.7127
3.10622
2.50461
2.04116
3.03718
2.94276
2.10631
2.93562
2.70415
3.13521
3.18106
2.34771
2.86223
1.4571
1.77992
2.96385
2.87929
1.97517
1.64111
3.04697
2.29138
2.68008
2.73873
0.884021
1.65902
2.84612
3.26142
3.48378
1.95041
3.32719
2.48655
1.93821
2.26384
2.58222
1.60755
1.09658
1.63762
2.06879
3.2858
2.43596
1.8023
1.69926
2.30776
3.53344
1.36154
1.57649
2.60582
2.04708
2.76982
2.10948
2.9367
2.68493
2.77385
2.86435
2.77995
2.3524
2.12428
2.48175
1.03908
3.6683
2.67668
2.60059
2.30288
1.45991
1.80581
2.50768
2.45124
1.10549
2.81198
2.12156
2.69191
2.96475
2.25906
2.09028
1.75532
2.14815
1.50514
2.59506
2.45602
2.14893
1.68643
2.9866
0.894112
1.31131
2.88774
1.21023
2.19021
2.7821
2.73954
2.54572
1.70545
3.0139
1.41649
2.15247
2.43863
2.14577
1.76435
0.050456
2.52168
2.67783
2.49738
3.01732
2.44223
2.35384
0.93531
3.17707
2.67945
2.88024
2.50755
2.83126
2.35875
3.12645
1.9231
0.698775
2.40812
1.48138
2.92856
2.22043
1.20882
1.60038
2.43276
2.77033
1.57979
1.52574
2.24641
2.69725
1.40387
3.30938
2.1391
2.55457
3.69246
1.44424
1.93064
2.11715
1.32829
2.16198
2.55317
1.98118
0.894129
2.54785
3.46796
0.951098
2.8179
2.78264
2.04602
1.61945
0.577728
0.749383
1.88196
1.78955
2.61245
2.82602
2.16498
1.71915
2.28226
4.04644
0.654618
3.10412
3.33207
1.44547
0.877797
2.54335
1.83185
1.39449
2.69261
3.66628
2.29467
2.32142
2.4035
1.87166
3.02587
1.83649
3.09223
1.74346
2.10905
3.16926
0.890505
2.37597
4.32163
2.91199
3.34279
3.17935
2.75162
2.13491
1.68257
3.68041
2.61399
2.70507
2.68882
2.46635
3.60047
1.95967
1.0435
1.64605
3.01027
2.61126
0.612067
1.628
1.61101
1.92831
2.63572
2.12775
1.77413
2.14388
2.21987
2.0051
1.82404
2.98187
2.45491
1.91828
3.20566
2.27888
2.25597
1.64123
1.90018
2.25841
3.57317
0.660712
1.76211
2.32063
2.83761
2.32622
2.67436
2.45106
2.10012
2.57086
1.91477
3.00569
0.352552
2.69499
1.96325
2.77178
1.81564
3.14671
1.88814
2.77912
2.48436
1.41234
1.96856
2.54133
3.75424
2.2866
2.10868
1.32029
2.5746
1.44474
1.01379
3.16107
2.47719
3.29802
1.7671
1.77914
1.98638
2.96676
2.34991
2.09931
2.50979
2.98133
1.58713
2.70961
1.20781
3.20919
1.83394
3.60777
2.21296
3.24079
1.54264
3.98394
2.98092
1.79995
1.6803
2.25928
2.25647
2.05141
2.94017
1.66587
2.27576
1.26884
1.99157
2.58747
1.76246
2.56678
3.08475
2.27951
3.79876
2.36182
0.516003
2.52405
1.97852
1.85167
1.62579
1.73874
3.0488
2.95511
1.3472
1.81593
2.15919
2.32217
2.23893
1.96438
2.51575
2.03955
3.2847
1.199
1.65677
2.1417
3.3368
2.28848
2.66314
3.16536
1.88658
1.76605
1.86687
2.94679
1.27375
2.16175
2.99782
2.8385
2.58168
3.41056
1.25456
2.23716
2.58529
2.96237
2.38738
2.89194
3.59652
1.29541
3.29435
4.39954
1.41565
0.240556
1.73533
1.55152
1.99028
3.2478
1.14879
1.38945
2.76519
0.862141
2.11119
2.10255
2.08426
3.06359
2.31187
2.27862
2.85376
1.15892
1.9533
2.57422
2.1412
2.46665
0.525728
1.63065
2.77686
2.97072
3.06715
2.39657
2.90444
3.14814
1.34426
1.35222
1.40021
1.62039
2.32063
1.54549
2.5233
2.4228
3.1542
2.50012
0.494018
3.10801
2.18519
2.49128
2.1383
2.63355
2.18684
1.50311
1.27811
3.70913
2.80325
3.09186
2.21078
1.65709
3.25551
1.0891
2.06832
2.45229
1.1812
1.45289
3.76385
3.04592
3.26417
3.03273
3.12252
3.91946
3.42675
1.72205
1.66432
2.84041
1.81579
3.43816
1.51802
2.94965
1.65516
2.22519
2.02009
2.83041
2.37106
1.49341
1.89407
2.34381
3.12758
2.54324
2.56428
2.19175
1.33529
2.70062
1.8714
1.89333
1.78242
3.14514
2.45508
1.24156
2.91804
2.02165
1.62632
1.22316
1.49258
1.85864
3.09298
3.37112
2.11013
2.68357
1.02555
1.21336
1.78016
2.99408
2.87188
2.25155
2.31316
1.80568
1.89599
2.7277
0.590805
3.42534
2.31204
2.16545
2.45079
2.13541
0.862109
2.0638
1.01367
3.00888
2.40097
2.84284
3.28927
2.33483
2.09947
3.40072
1.55361
3.321
2.68003
1.83299
3.15055
2.19267
1.75779
2.33232
1.63444
1.41815
2.65934
2.37258
2.30079
1.56506
2.11709
3.00348
2.2382
3.75034
2.48529
2.55996
1.64264
1.60929
3.38063
1.38035
3.44027
3.95712
2.29754
1.31617
1.89185
1.5702
2.37846
4.06899
1.63862
1.88609
2.52641
2.39827
1.38828
1.64293
1.96917
3.31499
2.63954
2.56947
1.98263
2.02522
3.01092
2.03808
1.32776
2.74778
2.76265
2.23085
1.2902
1.92336
1.42079
2.39343
2.81855
2.16156
2.55899
1.9929
2.17104
3.38266
1.9038
1.88482
2.66395
2.32376
2.61127
2.52672
1.71735
2.90173
1.57116
1.42918
2.93154
2.48036
3.04895
2.32987
2.56839
2.85925
2.26424
1.99056
1.01367
2.46922
1.80528
2.00622
0.965846
1.46654
1.19055
1.46566
1.94658
2.36524
2.73025
1.73707
2.0271
2.94232
0.881539
1.38748
4.36541
2.71573
2.48776
3.85647
1.61347
0.62553
2.16602
2.68377
4.18306
2.82558
0.627406
3.20787
2.55094
3.2689
1.98371
2.50425
2.99014
2.7244
1.50032
2.91175
1.92826
2.67123
2.3862
1.04171
2.9464
1.78105
2.3993
1.2071
1.88983
2.76853
1.94445
2.91127
1.7211
3.22586
0.987507
1.67493
1.53313
1.237
2.67248
2.41167
2.01489
1.65677
1.90272
2.92098
2.54003
2.99206
2.56196
2.62004
0.336553
1.68036
2.44171
1.37653
1.98624
2.26735
2.86438
2.64238
2.78855
1.4345
2.57343
2.25439
1.25828
2.52072
1.61305
2.73654
3.11178
3.58369
1.77896
2.10767
1.54424
3.16747
3.27576
4.16882
2.91455
1.91372
1.71829
2.89913
2.87587
2.07901
2.76071
2.85033
3.20294
1.47857
3.30204
2.57417
0.475039
2.93919
2.41919
1.93204
1.58108
2.69142
1.64345
3.00914
1.7109
3.63977
0.855111
3.09503
3.24888
2.7969
2.61701
1.90521
1.76131
1.62755
0.885433
2.03809
1.5775
0.104801
1.74609
3.28432
1.3845
2.23047
1.96624
0.321777
3.0103
2.71912
2.82146
1.02027
2.62692
2.12429
1.90348
3.05349
2.02112
2.44681
3.31475
2.22269
2.19741
2.38666
2.05636
1.7033
3.16417
2.07239
2.40728
2.27776
1.79513
2.46238
3.59376
1.48674
1.52521
2.30837
2.14506
1.3525
1.94025
1.8385
2.80398
2.83559
1.96645
1.95201
2.08669
2.89672
1.96371
1.83596
1.26542
2.35393
0.940577
0.490977
1.91712
2.54235
2.42183
1.90949
3.78227
3.17808
2.06305
0.788708
1.34853
3.18267
1.48998
2.56009
4.5632
2.06942
2.70102
3.12063
1.28034
1.73017
1.48325
2.69887
2.58342
2.2677
2.13423
1.67174
2.20896
2.72718
1.2331
2.36686
2.12564
2.37599
1.13483
2.62802
0.925755
2.21671
2.63021
2.04227
1.98886
1.81143
2.3637
0.653787
2.20412
2.1069
3.59565
1.87079
1.46497
3.39736
2.77793
1.85741
3.27675
2.5063
1.12754
3.53186
1.919
3.0366
2.63874
1.86692
2.69933
3.38657
1.9917
3.93248
3.27239
2.51407
1.4663
1.84215
2.13345
3.13005
0.708312
1.72852
2.58737
2.13522
1.56162
2.3003
2.06711
1.54444
2.41998
1.51946
1.18858
0.886164
0.910068
2.90274
3.63557
2.44985
3.17788
2.50137
1.55231
1.50687
1.5402
1.13174
2.92778
1.55931
2.43646
3.31473
2.44861
2.80876
2.84771
3.45093
2.2675
1.53633
3.82674
3.11475
1.67841
3.14022
2.60983
2.85614
3.24419
2.4709
3.40524
2.50908
3.14384
3.30799
1.94141
2.55098
2.54457
3.14873
3.20522
3.22448
2.46918
2.10196
2.35728
2.00608
2.451
2.49601
3.14467
2.53836
2.80477
1.6605
1.32412
3.33092
1.42391
2.78635
1.13391
2.08688
-0.138082
1.93872
4.11485
0.478012
2.01938
1.74549
1.6911
2.13804
2.80164
1.37533
2.15008
3.7703
1.70866
2.14758
1.34719
2.84761
2.11638
2.22806
1.33686
1.82097
0.871679
2.79393
1.94701
2.13281
1.44023
2.30352
2.90232
3.01735
2.20292
2.7726
2.29982
2.23402
2.23944
2.00132
0.398528
2.70068
1.97042
2.43788
2.30841
2.90728
2.10921
1.86704
2.4165
2.58028
3.112
3.21112
1.62762
0.923258
2.7114
3.48956
3.22969
2.45805
2.2355
2.01125
1.53956
1.54069
1.51922
0.355619
2.2974
2.75779
2.78054
2.8121
2.92843
2.67784
2.75161
1.55966
2.24747
2.29297
2.48115
1.77269
2.08308
2.72831
2.51823
2.20402
2.22021
3.52896
1.03689
1.43531
2.71076
3.40886
3.02913
1.80126
2.49784
2.66637
2.349
1.80196
2.17274
2.60825
0.871753
3.99137
1.90519
2.13023
3.71403
1.87412
3.16922
2.85614
2.87791
2.30239
1.52205
3.03454
1.01542
1.41148
2.66653
2.57567
3.18787
1.68552
2.90044
3.22375
1.94971
1.23956
1.25705
1.6577
2.63306
2.41157
2.3326
4.34805
3.54729
1.30122
1.38523
2.76764
1.82801
1.69706
1.90099
2.66812
2.17394
1.99032
2.47021
1.5391
2.3534
1.45416
2.34521
3.95383
1.37675
3.05072
0.869789
2.37511
3.67799
2.58807
2.92903
0.178761
1.61465
2.45373
2.70438
1.22833
2.65601
3.08289
3.23519
1.29684
0.739079
2.28564
4.78689
2.37521
0.925802
2.1503
2.26812
2.94151
1.89736
2.00261
2.43479
0.743492
4.08127
1.57927
2.87848
1.8828
3.45247
1.66755
1.86172
2.42925
1.47897
1.56278
3.01569
1.14632
3.75934
3.57472
2.05883
2.93017
2.33442
3.12838
2.76024
1.81904
1.95847
1.91652
1.78814
2.61706
0.586672
1.97975
3.87586
1.56045
1.80186
2.37523
1.23261
2.20159
2.52085
3.42975
0.936233
3.94755
2.20809
2.01002
3.78294
2.79858
2.40769
2.31998
2.44613
1.29764
2.71712
3.49896
1.41968
2.09233
3.12877
1.26488
2.15432
3.25756
0.882481
3.24095
1.5032
2.66798
1.6243
2.11894
2.82972
1.58586
1.69825
2.81734
3.1761
1.05791
0.493632
2.19547
2.07047
1.32023
3.03212
3.02053
3.00479
2.78037
2.6247
2.3702
2.92567
3.29183
1.58372
4.32912
3.17516
1.74256
2.30073
3.61461
3.44867
2.98933
2.62976
1.58239
1.55999
2.47722
3.4275
2.62118
3.19868
1.94064
2.01405
2.47085
2.6281
1.8774
1.38949
3.61463
1.19627
1.87048
2.26817
1.8101
0.405345
2.37422
2.82865
2.33642
2.77023
3.08915
1.41785
1.61326
1.68372
1.8529
2.94787
1.08291
-0.618161
4.03176
2.11181
1.95538
3.30057
3.41
2.20128
3.07904
2.43776
1.83233
2.65613
2.71734
3.21057
2.43305
2.0985
1.63685
3.51068
1.51294
2.04185
1.89214
3.39806
1.68917
0.807724
1.09155
2.31407
1.03317
3.16228
1.82563
2.50097
2.31516
2.86104
1.99199
2.54929
1.58747
1.75596
1.76942
2.87287
3.07741
2.00086
2.24029
0.321862
2.98704
1.94869
2.97691
2.40249
2.43096
1.5213
2.39458
3.68862
2.22066
1.47095
2.0295
1.92412
2.0767
1.86939
1.50064
2.3304
3.92924
1.92843
4.05099
2.75363
0.763754
2.60061
0.814026
1.28911
1.89846
0.949123
1.80265
2.15657
1.44156
4.3484
2.1106
1.46877
2.55626
1.90839
2.86434
1.72309
2.22646
1.33193
4.26262
2.61792
3.62088
1.04817
2.0786
2.40902
2.48049
3.5968
2.17645
2.01286
2.8942
2.90433
2.98048
1.83834
2.61976
2.67054
2.71815
1.41431
2.62976
2.93061
2.45217
1.65784
2.13556
1.13777
1.84925
2.19439
1.83296
1.88895
3.24287
1.34578
3.1786
2.38838
1.77878
3.37876
1.98228
2.8833
2.30764
3.21482
1.31043
2.13318
1.59768
2.22103
1.99122
2.91171
3.77322
2.59416
2.6491
1.7738
1.6634
2.709
1.59345
2.95139
1.82669
2.69668
2.55811
2.90195
3.3891
1.6883
2.47268
2.88831
1.63699
1.50066
2.96136
3.56917
2.94982
1.4296
0.984031
1.39179
1.14861
0.706171
2.14871
2.47313
3.07528
2.18261
2.35962
1.54642
1.68208
1.82902
3.23211
1.804
2.66219
1.42776
3.15676
1.75424
2.17922
1.61769
3.17215
4.90173
1.78353
2.66916
2.46339
2.97437
1.67639
3.25384
2.40364
1.50984
2.27204
2.28264
2.37875
1.6116
2.29752
2.47048
2.45941
3.07801
2.53713
2.92685
2.0052
1.53318
3.56252
3.68037
1.81556
2.18177
2.5626
1.55873
2.41105
2.29872
1.13535
2.45041
2.39325
2.27882
2.25642
2.98682
3.27719
1.44685
2.76597
3.23988
2.02134
2.88904
2.40494
1.85175
2.52135
3.2982
3.48225
1.38522
2.23023
2.26646
2.02327
1.71166
2.67235
1.3235
2.31921
0.792104
2.70128
1.72271
1.22726
2.22139
1.95638
1.90504
2.37202
2.11544
2.74871
2.46859
3.0431
2.34888
2.87999
0.968209
2.85598
2.46026
1.67528
3.08751
2.39687
1.9381
0.913478
2.47521
2.34046
2.47394
2.57033
2.50082
1.93153
0.894425
2.50972
2.85061
1.36541
2.35857
0.582692
2.77202
2.89677
1.21362
2.13211
2.18498
2.80005
1.79751
1.16401
3.48014
2.00451
2.16338
1.60668
3.8752
0.818933
2.93703
1.56285
1.69626
3.01117
2.20324
2.45128
1.80183
2.22777
1.77108
0.715073
1.64681
1.68561
3.2236
1.44461
3.00856
2.22808
2.4926
1.5722
2.9073
3.94468
2.94404
2.18242
2.30158
2.30692
0.372328
2.6752
2.75096
2.27118
3.25373
2.07035
3.21998
1.45007
2.00134
2.67513
1.44458
3.40008
2.79801
2.72825
3.53026
3.26037
2.34803
1.68525
1.70147
1.24004
2.85628
1.6127
2.91405
2.63001
3.5489
3.4254
1.85768
1.81333
3.66247
2.07857
3.84378
2.13302
0.935124
3.13398
2.82703
2.60328
2.44512
2.34278
3.30861
2.36792
1.08625
1.29263
1.87206
2.51776
2.6535
2.42246
0.734691
3.02235
2.74648
1.65641
3.53425
1.56914
2.32262
3.2119
1.81411
1.52343
1.87649
2.41303
1.32036
1.95682
2.5474
2.61298
1.91032
2.56722
1.52176
1.46945
2.33554
3.29309
1.66066
2.58394
3.07239
2.11797
2.74491
3.27799
3.3714
2.26819
1.15336
2.32792
2.35251
0.742923
2.6277
2.04233
1.71822
2.52904
1.48374
1.98045
1.8382
1.09997
2.49011
2.71326
2.75963
1.00994
2.36108
2.42789
1.10049
2.50552
3.42322
1.84014
1.65902
2.79171
1.49442
2.68793
1.85979
1.60271
0.632843
0.778347
2.16261
3.19667
2.36745
0.325437
1.51607
0.514314
2.24783
1.4819
2.3652
1.13371
2.05943
1.83101
3.01461
3.78609
1.48741
3.28731
0.871121
3.02326
2.75784
1.56982
2.73814
1.83567
3.17403
1.76238
2.26635
3.29993
2.96006
3.19844
0.552858
1.83168
2.15915
2.85006
2.68471
2.35982
2.33927
2.05416
2.70783
2.77168
1.91319
1.57036
2.03703
2.56467
2.02886
2.40565
2.44576
1.7247
3.51013
1.60871
2.87938
2.36363
2.15508
3.18356
2.92175
1.94277
3.01344
1.21006
3.58163
3.03937
1.78587
2.20602
2.19697
3.20981
2.61854
1.57557
2.00605
2.75399
3.06524
3.05502
2.25069
2.90334
2.40815
1.80618
1.20745
0.865044
2.68133
1.26875
2.61675
2.22652
3.1842
1.83521
1.97708
4.03881
2.1091
2.84381
1.44601
2.07421
1.52022
2.26579
0.761664
3.10653
2.5416
2.45347
2.26216
2.61627
1.77704
2.79931
1.37047
2.91957
2.36075
2.28524
1.99585
1.57779
2.7626
4.08809
2.65387
2.35755
1.48453
2.57292
2.38218
1.85744
3.20631
2.03151
3.19357
2.7528
0.549218
1.16097
2.54703
1.70088
3.20626
2.12618
1.6287
2.46438
2.52739
3.02616
1.46035
1.16529
1.55771
3.09223
3.13137
2.92108
2.08349
3.14124
2.54314
2.93355
1.36688
3.28239
1.93003
2.78624
3.11139
1.81357
1.16599
1.79048
2.86079
1.84236
1.28741
2.27479
2.73863
0.362001
2.03867
1.52833
2.34577
2.4844
2.32362
1.71145
2.78351
3.98657
1.51982
1.54469
1.50452
2.45645
2.24541
0.738931
2.18942
2.62574
1.23763
1.37866
2.90728
2.3352
2.84349
2.77162
3.55051
1.77166
4.00804
2.6931
1.7333
3.05066
1.40168
3.57849
2.67283
3.31874
1.50297
1.73518
0.971393
2.08443
2.05828
2.88927
2.73344
2.65514
2.46707
1.32001
2.14853
0.598603
2.73329
1.85793
3.31462
3.77961
2.94738
3.31044
3.12928
3.51015
3.04931
2.4587
1.52685
1.29015
3.07138
1.93761
2.67029
3.09685
1.16943
2.45809
2.59479
2.97046
4.00985
1.41484
3.23332
2.7624
2.6099
1.96115
1.33117
2.28415
2.37714
1.31272
0.70331
2.56093
2.20121
3.0912
1.98489
2.82442
1.27614
2.71048
2.088
2.76982
2.58974
1.95081
2.88455
3.10903
0.944088
1.01158
2.44483
1.91822
2.08864
2.32907
3.16725
2.26313
3.79988
2.55582
2.00468
2.31672
2.64977
1.63525
0.352168
3.1953
2.28026
2.20203
1.24348
2.65633
2.8881
2.91746
1.06649
2.24147
3.597
2.66789
3.12094
2.03154
2.12998
3.25024
2.33899
3.60525
1.79717
2.36749
1.36147
2.85373
1.81958
2.75237
2.06385
1.61061
2.37135
1.73524
1.87908
1.25404
1.7269
0.554757
3.21955
1.56639
2.03678
2.08828
2.65101
1.76638
1.55267
0.778722
2.76033
1.18675
2.14864
2.69027
2.78351
3.16651
3.09686
2.64024
3.35485
1.03192
2.61188
2.74756
1.42458
1.29779
2.55755
2.44767
2.24963
1.00527
1.41183
1.90443
2.31743
2.81862
1.79174
2.87056
2.15777
3.08472
2.31858
0.906368
2.07658
2.23501
2.55811
2.61693
1.76889
1.35821
0.0302134
3.08734
1.65793
1.60069
1.75265
1.95202
1.43159
2.02196
2.3015
1.67235
2.35121
1.55702
2.26524
1.71305
1.89928
2.99486
3.06704
1.97214
1.9066
1.54112
1.99866
2.15642
2.38483
2.80209
2.33281
2.31348
3.05809
2.57979
3.1088
2.25419
2.44266
2.01622
2.85547
2.24449
2.37299
2.73699
2.30206
1.48906
3.35654
1.49652
2.98232
0.80596
1.78276
1.65419
1.99831
1.73591
2.76239
1.59039
2.07635
2.0671
2.25918
0.729196
2.4457
2.6773
2.08667
1.7485
3.50298
1.34845
1.41409
1.89182
2.61864
2.47636
2.76746
3.10723
1.71532
1.4788
2.50827
2.48515
2.29418
1.336
2.67481
3.13599
1.27306
2.11859
3.17419
1.57585
3.36344
1.81959
3.1655
2.22909
1.78909
3.19371
2.06679
2.64256
2.08983
3.72503
2.3542
1.7851
2.58979
2.45776
1.83921
1.93457
1.62791
3.2456
2.07466
3.66787
1.65502
0.56542
2.10135
2.16153
1.18946
1.67589
2.65538
1.39351
3.23446
2.05303
2.08771
1.81179
2.35823
2.01358
1.37627
2.29591
1.03984
2.5153
1.72742
2.39297
2.31272
1.73676
2.4606
3.24273
3.00726
2.37237
1.43859
1.7443
1.14968
2.41285
2.35537
1.9247
2.05311
2.22535
1.37592
0.246909
3.12297
1.27543
1.90456
0.62201
3.30564
5.17156
1.59677
2.15694
2.65064
3.45162
0.751132
2.78193
1.89974
3.02648
0.267427
2.84503
2.75064
1.76318
3.20625
3.24305
2.70559
3.08169
3.69194
2.73397
1.99988
1.92589
2.48556
1.16528
2.37291
1.7933
1.24845
2.66656
2.22264
2.45639
2.65997
2.34515
2.01998
3.35637
2.89026
1.54713
2.28614
2.36208
1.12613
2.71802
2.42063
2.25977
3.55648
3.67835
2.81006
2.45768
1.07233
3.33489
2.54922
3.07804
3.22623
2.81186
2.60539
3.43978
2.11782
2.42247
3.40429
2.06836
2.92302
2.10623
2.29579
2.14423
2.58533
1.78143
2.56725
1.84673
1.36233
2.2356
2.01089
3.70738
3.18387
1.32536
3.29375
1.98747
3.44093
2.51554
1.41912
3.40016
1.00722
1.45692
2.62449
2.04552
3.27236
1.99064
2.29381
2.41778
1.59294
3.66368
1.08708
3.19201
2.68316
3.33918
3.11475
2.18125
2.24151
2.73771
2.11294
2.49968
0.777043
1.94882
1.22491
2.13604
2.58504
2.92723
2.21727
1.55047
3.25956
3.43055
2.9197
2.53501
1.60815
1.95186
3.76226
2.59037
3.12472
3.51018
1.97032
1.99129
2.00369
3.24088
1.91808
2.32463
1.62527
1.96923
2.43916
3.08051
2.47357
2.11777
2.37694
1.6923
2.11987
1.87253
3.24666
2.21629
2.77564
1.68292
3.3305
1.71004
1.5763
2.35899
3.66999
2.58344
3.16056
3.33118
2.01249
2.28342
2.8693
2.58152
2.60876
1.56275
1.1435
3.39254
3.33212
3.21693
2.99338
2.46598
3.39597
2.48999
2.623
2.31168
2.74373
2.92577
2.86554
2.3702
1.68861
2.63444
3.6984
1.55101
2.89824
2.48946
2.56948
1.87536
1.44777
3.30385
1.36032
1.84997
2.85624
2.02409
2.00949
3.01306
3.10052
2.26167
2.81202
1.78732
2.05517
2.54971
2.98864
1.56002
3.31666
1.70927
1.26748
1.63235
2.50889
3.9679
1.78399
1.54129
2.21064
3.63684
4.27096
4.05899
1.66533
2.04281
2.46962
1.95169
3.5702
2.67233
1.67207
2.13242
1.26769
3.32502
2.73366
2.6607
1.65632
1.28828
2.19635
2.96727
1.88153
2.57131
1.62949
2.11334
2.77086
2.2678
1.87941
1.92639
2.61262
2.69054
2.60574
1.99867
1.78889
2.03785
1.88206
2.22371
1.38767
3.39444
1.47842
1.93144
2.1282
2.04321
1.85753
1.66442
1.13874
2.74088
1.59529
2.27836
1.76968
2.80061
1.47794
2.58341
3.65852
1.32429
1.50271
2.03915
2.96498
2.91333
2.42582
1.69813
2.75854
1.38289
3.08007
2.26041
0.873557
2.08112
2.57651
1.43828
2.31904
2.95404
1.06633
3.19507
1.15488
2.06984
2.66732
2.98955
1.8895
2.7482
0.880612
2.81153
2.46534
1.96331
2.67284
1.44722
2.47894
1.67991
3.0925
2.42859
3.73183
2.07064
2.9311
2.57328
1.31561
1.56248
2.03116
1.71766
2.16675
1.0566
2.21923
2.77891
3.27324
1.99107
1.81259
2.25241
1.88216
3.90603
1.21615
1.85936
2.3276
3.15823
2.00218
2.00931
2.03933
2.49439
2.86919
1.74769
1.51525
2.43882
1.0428
2.58055
2.64674
2.79176
3.44922
2.28392
1.49102
2.68228
1.19054
1.26645
3.7051
2.29097
3.84563
1.13552
2.75154
2.21605
2.44188
2.53329
2.72811
1.48642
1.87445
2.32979
1.24166
2.55904
1.74593
1.8105
2.24306
1.72352
2.15325
1.50184
1.27053
2.76547
1.85981
1.88886
2.00016
2.16562
1.423
1.92075
2.39165
2.35662
1.76156
3.10406
1.42104
1.29317
3.0843
1.9138
2.54917
0.509455
2.53686
2.04476
2.18818
2.66544
3.627
2.4541
1.81336
2.99563
2.79068
1.76189
2.9833
1.40481
2.773
2.44549
2.45264
1.96379
2.48118
2.68828
3.82483
1.06736
3.0704
2.49077
2.45806
2.14884
2.23181
2.05221
3.55124
1.42665
1.97482
3.27726
3.38584
3.3546
3.66637
3.16235
1.8527
1.39975
1.92218
1.74162
3.65053
1.88156
1.52773
1.45227
1.80105
2.28954
1.74154
2.14554
2.39238
2.62371
1.70436
2.40286
2.20948
2.07822
0.413578
1.11945
2.98844
1.81252
0.87074
2.36794
1.86014
2.16619
1.48324
3.77086
2.74991
3.13411
0.300318
3.54991
2.80856
1.50387
1.0727
2.98368
0.0647795
1.13395
0.926025
2.5103
3.11583
2.87363
3.67122
1.30469
2.10502
3.19397
1.74363
1.72227
2.04405
2.55803
3.60798
3.17117
1.49713
1.79269
2.8746
1.69819
1.8666
3.12401
2.33601
2.90968
2.63811
2.05643
1.35877
2.28169
1.47476
1.78933
2.79186
1.93648
2.17146
3.32971
1.50714
2.78397
1.66668
2.04502
3.1243
3.09839
3.0418
3.24228
2.0991
1.86181
1.92458
3.03167
3.77049
1.87283
2.39668
2.11634
0.997382
2.07805
2.20164
0.726497
0.864263
2.60947
2.671
3.54963
2.23343
1.32615
1.61501
1.57547
3.17267
3.98188
1.31072
3.16995
2.81617
2.46972
3.2176
1.95618
2.50804
2.83587
2.48042
1.89815
2.16554
1.33194
1.89415
0.569961
1.97935
2.33841
1.96965
1.83509
1.83615
2.47785
2.54187
1.62139
0.917944
1.42805
3.20456
2.05083
2.17497
1.64635
2.94963
3.66697
3.08735
1.09486
2.74811
4.33303
2.41898
1.73202
1.42103
2.39189
2.37747
2.58717
2.03604
3.08617
1.40485
1.14684
3.57064
1.80283
3.12675
3.32973
1.3921
1.5333
2.83892
1.81634
1.3777
2.8689
2.12476
1.82107
2.28384
2.25794
2.25759
1.57103
2.28991
1.80929
2.37925
2.73646
2.14541
1.41059
3.53122
2.81484
3.2909
2.55245
2.72243
2.02189
2.13858
2.06136
0.951985
1.88528
3.59436
2.00579
1.04063
1.84812
2.16073
1.95112
3.06703
3.06686
1.53114
2.21905
1.73874
2.18708
2.92029
2.94175
2.31826
3.06614
2.621
1.92675
2.43212
2.91379
2.68708
1.48027
1.98398
2.52454
0.486986
2.1573
1.9005
1.77272
2.24744
2.57664
2.81005
1.5606
3.06158
2.12308
3.30338
1.52711
1.79391
2.23517
2.26476
2.3284
1.9646
2.44123
2.44158
2.21829
1.95919
1.53999
1.07508
1.83827
2.64022
2.13753
2.42189
2.32066
2.49423
2.76468
1.90927
2.05491
1.35071
1.4031
2.63302
2.86799
2.75149
2.05615
3.37023
3.04777
3.50471
1.15301
1.69971
2.42304
1.75676
1.12214
1.89898
0.844583
2.56583
0.66152
1.37025
2.45959
1.8924
1.64467
3.68129
2.34663
2.42099
2.40421
1.78565
2.71968
2.21511
0.851593
1.76143
3.66638
2.14575
1.15994
1.91844
2.06356
3.24147
1.77985
2.85247
2.59608
2.67159
3.1671
1.43935
2.85693
0.88019
2.40615
3.00853
2.01226
2.4997
2.30075
2.39895
1.82746
3.62331
2.13798
3.14381
2.30492
3.83396
2.16301
2.81289
2.12202
3.47488
2.40141
2.59704
2.37491
1.30056
1.62583
1.81762
1.7963
2.30028
2.71746
2.96463
2.14365
2.90332
1.81011
2.55762
2.02943
2.50618
2.87454
1.48901
2.18817
2.66976
2.12285
2.51509
1.00319
2.36119
1.89521
1.72792
2.55088
3.93008
2.74064
2.1884
1.75418
1.44697
1.58093
1.34037
3.52449
2.07271
2.22926
1.05372
2.10638
3.02508
1.39885
2.98454
1.30281
4.55208
3.14142
3.28101
1.22844
1.63947
1.07179
1.78682
2.43273
2.33477
1.75005
2.03645
2.79698
0.960853
1.88974
1.63094
3.63584
2.68545
1.94831
2.49285
3.03268
2.43705
1.66389
2.48002
2.22557
2.09592
2.40897
1.92791
3.54264
1.83634
2.40465
2.09429
1.9007
3.30129
3.50795
0.755293
2.05935
3.48129
3.36917
2.72628
2.1814
1.24439
2.39259
1.02016
2.72563
3.00053
2.08261
1.2332
1.39436
1.85011
1.86941
2.08507
3.43384
2.75458
2.66274
1.65375
1.82296
2.61041
2.5792
3.00417
1.67523
2.91438
2.80644
2.17469
2.52484
1.90626
1.81106
1.45237
1.63389
-0.244649
1.78151
2.63738
2.24985
1.58917
3.32464
2.00137
2.25524
1.403
1.84967
2.35338
2.40159
2.61219
2.98228
2.26505
1.91978
1.86767
2.75501
2.6995
1.03398
2.80134
1.39589
1.86557
2.65245
3.51297
1.88651
0.484508
3.94118
2.42552
1.87094
2.24113
2.03214
3.2812
2.45261
2.32374
1.4321
2.34624
3.01353
1.2812
2.95841
2.78496
1.33039
2.7152
3.0091
0.770289
2.74494
1.98551
1.63291
1.76818
2.81268
3.03594
2.47987
1.99739
2.15626
2.36896
2.05846
2.69498
2.07287
2.30168
1.58064
1.49259
1.54098
1.99248
3.11457
2.05762
2.5151
1.8414
2.92174
1.97857
2.26864
2.4165
1.99725
2.17541
2.00458
2.16645
1.31845
2.13144
3.17672
1.81313
1.26928
1.69192
0.585165
2.03329
3.11279
1.85602
2.27753
1.82393
3.01641
1.63353
2.09595
3.02307
1.22223
1.37557
2.17287
3.08108
1.34936
2.59854
2.75237
2.31475
3.04102
1.92677
1.32647
1.69849
2.37143
2.78643
0.892269
2.55791
1.34258
1.57884
1.19575
2.89595
3.6014
2.78373
1.2788
1.87863
2.84624
2.16295
1.37083
1.68232
2.75462
2.30355
1.78811
1.9992
2.56521
0.769954
2.59184
3.00041
2.40611
1.65343
2.7855
1.82356
2.15324
1.21087
1.13534
2.22357
1.69021
1.81761
1.33987
1.35488
1.89383
2.17315
1.54675
2.74952
3.79662
3.01545
3.219
2.6487
3.00326
2.33142
2.39695
2.52831
2.11635
1.49714
2.42789
1.72383
1.31167
1.7643
3.08945
2.86434
3.99412
4.16564
2.97964
1.67805
2.81378
3.03521
1.94453
1.43834
2.4576
2.07439
1.40719
3.44981
1.12816
2.78404
3.79327
1.88152
1.70695
1.48667
2.26073
1.6236
1.47385
1.56013
2.61098
1.32345
2.21549
2.08145
2.31452
2.06019
2.37939
2.53602
3.66618
2.47273
3.03487
3.07493
2.43598
2.46522
1.58022
0.529931
3.0314
2.47313
2.51692
2.55164
2.36314
1.41019
2.56661
1.84256
1.72421
2.37488
1.79169
3.36098
3.10409
3.46355
1.2578
1.72734
2.16414
3.15864
2.41935
3.12005
0.837614
1.37623
1.12305
2.76279
3.27166
2.01886
2.01678
1.73522
2.26847
3.25071
1.3177
2.06517
2.8575
0.797138
1.91052
1.3649
2.11942
0.945552
2.81221
1.87678
1.13166
1.67581
1.91573
0.626032
2.40407
2.23573
2.3369
2.71954
2.50532
1.35765
1.89177
1.82765
2.11235
2.82273
1.35639
2.83557
2.50046
0.52167
2.78401
1.04977
1.77083
1.65562
2.71454
2.15644
3.64224
1.68931
1.6298
2.22684
1.36498
2.02103
3.20104
0.944833
2.91841
2.28987
0.392067
2.15784
1.85055
1.88132
2.55234
2.41478
2.14241
2.77072
2.64808
1.25451
1.79749
3.19159
2.43411
2.58045
1.56016
2.75862
0.644743
1.96033
2.7174
1.34241
1.33313
3.06422
1.05279
1.71826
1.82684
1.22388
1.32665
2.66903
4.37837
2.69921
2.01042
1.90358
2.49274
2.69946
1.71076
2.78287
1.91464
2.21841
2.55228
2.41015
2.19012
1.28379
2.16059
2.48824
2.75942
3.40954
2.18672
1.62556
2.57458
1.8842
2.12714
2.85288
1.88416
3.64041
2.07131
2.86105
2.30079
2.94156
2.73426
1.91992
2.93059
1.52197
1.22587
2.9734
2.02855
2.34771
3.43885
2.188
1.81033
3.64316
1.95365
3.00163
2.56499
2.97542
2.08952
2.55088
2.31042
0.820209
0.519468
2.29618
1.69044
1.32227
2.96244
2.12878
2.05278
2.59733
3.13117
2.20814
1.22152
3.7708
3.24828
3.07498
2.37043
0.822645
1.34203
2.91021
2.13742
2.08817
1.24085
1.12169
1.33892
2.46161
1.7273
2.60091
2.38312
1.18832
3.28397
2.67639
1.0884
1.64457
2.04289
2.2151
1.7652
2.45705
2.42702
2.62826
3.06127
3.43806
2.25534
1.92985
3.43504
2.35934
3.18272
2.69945
2.53102
2.71977
2.3308
1.82232
1.54696
2.47118
2.79258
2.50279
1.78228
1.91026
3.85393
1.94028
2.53314
2.69749
2.44633
2.2717
2.53486
2.57069
2.29996
2.73811
2.59649
1.99214
1.80297
1.35442
3.85012
1.95604
2.17359
2.31601
2.11608
1.96218
2.00521
2.0623
2.65956
2.09439
2.16968
1.56875
1.701
1.95797
0.84278
2.66205
2.51527
1.86883
2.46329
2.53841
2.03542
1.39713
1.51657
2.00511
3.61728
3.68189
1.08386
1.75166
2.70332
1.99504
1.35743
1.20022
3.52035
2.81759
1.99947
2.43867
1.70276
2.72527
4.31039
3.30267
1.82713
2.61879
2.51432
1.59178
2.59209
2.49619
1.56587
2.31985
3.80732
3.17737
0.675359
1.3717
2.52129
2.33488
0.96877
2.63947
1.73
2.24242
1.80626
2.90425
2.11437
1.12097
1.88361
2.62654
2.27865
2.47947
0.539062
2.14598
2.40433
3.1904
2.50669
1.85997
2.45028
2.03745
2.33415
2.0561
2.86777
3.7106
2.98851
2.39967
2.13295
2.78096
1.90239
1.8025
1.77201
2.11344
1.27156
1.55241
2.64493
2.17667
2.10591
3.01439
2.8341
1.2991
2.86774
1.53914
1.62005
1.65508
1.76845
1.74683
3.99927
2.18259
3.43664
2.3336
2.14972
1.7357
1.54154
2.59371
2.5102
3.58969
2.8412
2.5947
3.52284
1.64481
0.913839
1.05156
1.043
1.06217
4.41081
1.97895
3.02832
2.05911
2.71931
2.25885
3.41723
3.16017
1.92123
3.70157
1.79047
3.6574
2.7485
2.01752
1.89814
3.12716
2.59687
2.94344
2.52928
2.37324
1.16529
1.52725
0.912868
1.70665
2.72838
1.23115
2.54033
1.96415
3.74776
2.59632
2.1077
2.72291
2.90862
2.52618
1.29699
2.79524
2.75619
1.56666
2.64054
2.62684
2.59736
2.433
2.53861
3.43118
2.33021
3.13363
1.52539
3.98201
2.46666
2.12144
1.67171
2.24615
2.80161
1.74587
2.95577
1.67614
0.711579
1.52531
3.07436
2.00183
1.98547
3.00446
1.85616
2.05866
1.26393
1.67883
2.43801
2.73392
1.5378
2.17667
1.14735
0.487083
2.7192
2.49518
2.11395
1.34029
2.64096
1.54863
3.65856
2.05693
2.60822
3.98108
1.78556
2.67054
1.56568
2.20107
2.81974
2.43276
2.57529
2.17398
2.21206
3.55313
2.90566
2.02758
3.19086
3.04754
-0.19167
0.0277664
1.70892
2.70994
1.98705
2.28522
1.25563
2.85705
2.66647
3.82875
1.54006
1.64869
2.4681
1.9404
3.09704
2.01197
4.07476
2.30146
1.67152
2.9609
0.561585
3.42938
2.66596
2.62483
3.05878
3.09762
2.07368
1.40906
1.28295
3.56401
3.19788
1.37689
2.47569
2.37226
2.96972
2.27868
1.08045
2.18165
2.00089
2.61625
1.72276
3.14587
2.93131
2.22875
2.08799
2.49553
2.62688
2.07076
3.11824
3.35434
1.61462
3.05088
2.5745
2.66898
2.33361
1.91834
1.52598
2.80405
1.24668
2.08615
3.82989
2.66878
1.03001
1.59493
1.52323
2.50586
2.14216
1.48187
2.91172
1.51637
2.74567
1.93992
2.39347
3.5546
3.50077
1.38416
2.89245
3.06954
0.203892
2.71813
1.11694
2.36278
0.937995
2.76321
2.5553
1.97457
1.95695
2.60957
2.5096
2.18421
2.37122
2.92655
1.95607
2.24121
3.44631
1.1088
2.19264
2.10758
1.67361
1.01318
2.22968
2.5564
1.8482
0.812313
3.10511
2.36868
2.36635
2.33064
0.951891
1.06544
2.73058
2.04228
1.66186
1.94152
2.55053
3.65279
1.02615
3.00607
2.61559
1.36423
2.42911
1.91923
2.4041
1.8033
2.62563
2.2808
3.0064
1.96065
2.05651
0.579637
2.91369
1.80899
2.68426
1.89835
2.36707
2.33014
3.31551
2.33874
2.56455
1.22396
1.2734
2.81032
1.6978
1.97881
2.81241
2.0956
2.37771
3.21081
2.93831
2.57017
1.0673
2.15065
2.48258
2.84501
2.79417
4.23236
3.28623
2.47228
1.99517
3.52522
1.90687
2.68169
2.87513
3.64215
2.79236
2.0958
2.92285
0.90953
2.57725
2.11511
2.09499
2.84952
2.63067
2.81482
2.56437
1.80247
1.05206
2.92709
2.62888
2.00448
2.32348
2.70662
2.6592
2.30897
1.6153
1.51664
2.43187
2.28826
2.43436
2.12473
3.2046
1.6151
0.947217
3.71339
2.35087
2.20836
1.98077
3.33263
3.21751
3.28922
0.538732
2.46378
1.53112
3.35604
2.03125
1.25708
2.03084
1.02884
3.57901
2.66533
2.57175
2.50739
1.22313
2.47419
3.63375
3.11107
2.28149
1.90608
1.5642
2.55846
2.42004
1.61454
2.24746
3.24445
0.55958
2.38454
2.38241
1.61756
2.55305
2.52753
1.90286
2.49918
2.63561
2.36885
2.92946
3.02212
2.76961
2.24495
2.33451
1.95047
1.73036
1.92053
2.40661
2.49318
2.18215
2.11657
2.06469
2.53676
2.0922
2.73943
3.28863
3.55289
1.7138
3.88697
2.40262
2.71072
1.43495
0.00903498
2.64795
1.48381
2.16139
2.32664
3.12499
1.92425
4.19387
2.91228
1.69654
2.67947
1.93953
4.0151
1.71553
1.41955
2.873
1.59623
3.39827
2.70311
3.6312
1.73951
1.79566
2.79853
2.584
1.73404
1.81053
3.02715
2.9914
2.46197
2.9178
2.49712
2.22637
1.1348
3.05792
2.95766
0.813943
2.99476
2.02106
2.79119
2.0383
0.864706
1.95831
1.88713
2.10355
1.74659
2.73954
1.91656
2.45638
1.75619
1.76885
1.24378
2.83753
2.80047
3.40816
2.16623
0.864412
1.86545
2.17885
2.57349
2.25268
1.70095
0.738385
1.85533
1.8853
1.44467
3.14786
1.26353
2.00459
3.07477
1.47925
1.25601
1.95704
3.41668
1.47956
0.798615
2.9113
3.16936
1.72227
3.21132
2.90338
1.81137
2.85997
3.72452
2.17261
1.10077
1.23336
2.1156
2.1453
2.39334
2.89827
2.95592
1.90267
1.99901
2.98701
1.27359
1.19639
2.62649
3.19117
2.84461
1.59353
2.36177
1.33611
2.84451
2.44226
0.835658
1.48401
1.71999
1.44092
2.09165
2.46797
2.20749
1.43735
2.69684
1.38966
2.32156
3.09827
2.57078
1.864
2.5845
2.9153
2.92943
3.26837
2.03096
4.27688
1.18055
2.28313
2.10936
2.76445
2.09016
3.07458
2.11311
1.30744
2.75911
2.46195
1.39323
4.45541
3.22637
1.55613
2.5747
1.89814
2.89945
0.656214
3.28273
2.95082
1.25385
2.67253
2.05735
1.5649
3.29225
1.22584
2.95564
1.9187
1.90184
3.09691
1.36713
3.90326
2.59803
3.33221
1.82876
2.8485
2.09427
2.20023
1.51276
1.38063
2.41794
3.1311
2.01888
2.90581
1.82678
2.01915
1.8916
2.50449
0.815161
1.09135
2.73234
2.60515
2.81665
1.68809
1.34212
1.1924
1.5539
1.2072
2.99878
2.37985
1.91993
3.01096
2.57286
2.13741
1.28852
1.59791
2.3522
1.13272
3.87089
2.54229
2.14866
2.50693
1.66043
1.24227
2.9424
3.76507
3.24429
1.94673
2.16676
1.78985
2.34832
2.44143
2.3751
3.75545
1.65029
2.09688
2.42551
1.15692
2.0607
2.85607
2.49923
1.34233
2.73432
2.48353
3.06098
1.53545
2.25527
2.85247
1.79199
2.85004
1.88835
3.46149
2.75239
1.05196
1.57251
2.46433
1.91919
1.71407
2.85146
2.72228
3.57587
3.21957
1.55341
3.23455
3.38581
1.42134
3.04727
0.730278
2.06003
2.15829
1.7967
2.80329
2.5294
3.04621
1.59373
2.13164
3.16516
1.96361
3.07274
2.66379
1.116
1.09094
2.12496
1.86245
3.22096
1.91535
3.30572
2.22262
3.32194
3.31724
2.10795
1.45776
1.65394
2.18985
3.23421
1.14289
3.52307
2.1997
2.55997
2.6768
2.35561
1.65355
1.98129
1.82901
2.26329
1.99063
1.027
3.38626
2.53197
1.2567
1.60486
2.12715
2.7307
3.12794
1.65524
2.22796
1.99461
3.44141
1.2496
2.13233
0.881327
2.30611
2.61329
1.37741
1.63962
0.958463
2.45872
1.5971
2.79972
2.8157
3.02957
1.52927
3.21754
1.72006
2.98827
1.17837
1.36662
1.98069
1.65844
2.36733
2.4483
2.31874
0.940097
2.87275
2.03681
3.93596
1.65323
3.54288
2.69647
2.40611
2.98339
1.99606
1.88066
1.22009
2.09307
2.26049
2.41275
2.53375
3.09199
1.63531
3.65889
1.95721
2.5491
2.95146
0.812972
3.37527
1.39003
1.93532
2.02166
2.18413
0.110894
1.74754
0.658316
1.56859
2.92782
2.25773
1.86031
2.56157
1.7099
3.1872
2.915
0.625031
1.43535
2.73017
1.36837
3.37806
1.29238
1.87204
1.18
2.12701
1.78706
1.67142
2.38682
3.14278
0.661494
2.45772
1.95149
1.8561
2.39836
0.362998
2.82021
1.4138
1.62915
1.80762
2.62783
1.93882
1.74135
2.01364
2.1166
1.55095
1.89107
1.72863
1.33413
2.84446
3.14242
2.0542
3.21493
1.89436
3.60675
1.33045
2.16732
1.53405
1.34858
1.34326
2.70279
2.76173
1.3051
3.29781
2.81046
1.78064
2.43589
2.62694
1.94168
2.46724
3.12164
2.20191
1.65095
2.34641
2.26292
2.20562
2.43612
2.25972
1.04236
1.04462
2.21552
1.3386
1.29604
2.8648
1.34095
2.42781
1.27618
2.10935
1.89163
3.03176
2.31099
0.986396
2.35928
0.340439
2.83129
3.68198
1.26015
3.25025
1.36332
2.06474
2.65758
1.5474
2.57609
1.78707
2.92281
2.21948
2.2457
3.32645
3.37084
4.37643
1.70361
1.10245
2.16982
1.84156
2.51125
2.23252
1.47264
1.18519
1.7004
1.85311
1.94106
1.26361
1.63775
3.16791
2.30684
2.76633
1.26544
2.52445
3.57073
3.312
1.81466
2.35472
2.73411
2.90718
1.96625
2.65113
2.03737
2.77861
3.39661
2.65471
3.31277
2.17125
2.22876
0.533234
2.10365
1.76867
2.36098
1.3804
2.73797
1.84516
2.29349
1.67043
0.214017
1.75526
0.972902
2.4168
1.68646
2.14384
2.38503
2.4914
1.67085
3.17195
1.61935
2.88387
2.37931
1.99701
3.45558
1.46093
3.03196
2.00699
1.44046
2.78217
2.16563
1.71705
1.18439
2.6916
2.77651
1.98634
2.16618
2.2654
0.976381
2.35392
4.13175
3.23511
1.25747
3.38297
1.39323
1.5847
2.33883
2.33177
2.60275
2.94724
2.32296
3.42758
1.88346
2.36973
0.708994
2.21841
0.975639
2.2139
2.94431
1.72452
1.77237
3.66121
0.926943
3.29163
2.00249
2.76676
1.14992
2.23038
0.871427
1.38015
2.07539
2.46395
1.86075
1.99412
2.18748
2.66877
0.801665
2.79269
2.20843
1.21208
2.19887
2.20757
0.930553
1.11263
3.93353
1.86111
1.05926
2.10776
2.73391
1.48443
3.09391
1.4801
1.75809
1.37865
1.84053
2.91106
1.80206
2.89084
2.19518
2.86115
3.19121
1.49216
1.1356
2.51678
1.30899
1.32606
1.52161
2.6789
3.02527
1.77653
2.07044
1.76905
3.26005
2.11233
3.52673
1.16163
1.96831
2.38834
2.99276
3.1508
1.6201
2.25855
3.13915
0.263651
1.81816
1.88074
1.95897
2.59564
1.5617
2.5257
1.47087
2.67986
1.7228
2.15492
2.03298
3.06513
1.33081
0.504604
3.35257
2.20367
1.72834
1.80428
3.02494
0.887952
2.6714
3.72969
2.19249
0.922909
2.27263
2.94734
2.19986
3.80894
3.33675
2.38221
1.60526
0.941912
0.677536
3.40494
2.27154
1.94847
2.77861
2.97253
2.36562
1.20693
1.05985
3.16446
1.64082
2.64973
2.19027
2.3086
2.88261
3.10775
2.19196
1.93123
1.05268
1.89943
2.54845
1.72077
2.11904
2.86887
1.69067
1.94543
1.76408
1.95649
2.09571
1.96915
2.49161
1.79993
1.89812
3.57509
2.21676
2.28663
2.1927
1.48966
2.35982
1.98543
2.19232
2.86772
2.1344
2.92873
1.11704
2.07995
1.63108
3.33886
0.853513
2.15652
2.4717
2.3578
2.58698
1.68425
0.48475
1.48814
2.28599
2.14892
0.802563
2.80272
3.57222
1.72534
1.83602
1.28118
2.04239
2.6716
2.82915
2.32629
2.97292
2.6774
1.52634
3.34916
2.16459
1.02583
2.60777
3.28569
2.44174
3.35366
2.53115
3.83979
2.94429
2.36857
2.28728
1.722
1.59096
2.5794
1.55666
1.61736
2.17188
1.48008
2.28466
1.35076
2.88541
3.02431
1.62417
1.49761
2.82991
2.01621
2.20814
0.75572
4.1517
2.23994
2.2367
1.30376
2.569
1.1017
2.69625
2.2205
2.48757
2.50242
1.29111
3.10317
2.96342
2.85764
1.61251
2.50522
1.71464
3.0338
0.801081
2.72261
2.14206
1.55041
2.99136
2.79829
1.7887
2.24972
2.30073
2.68837
2.4084
2.60618
2.57193
2.25591
1.56046
2.99159
2.8564
2.03334
1.29658
2.889
2.07271
1.3828
2.10528
1.00955
0.983243
2.36387
2.72218
2.80227
2.10779
2.9428
1.95252
2.41409
0.889053
1.60691
1.22253
2.49029
2.42839
1.08616
1.83688
2.12329
2.56581
1.32422
1.71567
2.54877
4.05027
2.14638
3.69852
1.63088
3.97817
1.96102
2.89318
3.56071
1.49205
2.23111
2.21474
2.09748
3.33253
2.69294
2.10733
2.75747
1.39624
2.21202
2.21913
1.87957
1.97853
1.70392
1.08696
3.11079
2.13546
1.38699
1.95442
0.830263
3.16483
2.33544
1.64762
2.70915
2.15194
1.42628
2.85973
1.43535
3.10295
0.75289
2.37604
3.34272
2.29739
2.25864
2.02435
3.00086
3.27775
0.944008
2.27786
1.74816
2.40954
2.51542
2.63382
1.52601
3.06957
2.42701
2.1547
3.17568
3.51118
0.811012
2.85178
1.6443
2.83178
2.43171
1.40893
1.87119
1.73248
1.34105
2.3605
2.44592
2.42316
2.91171
2.61625
1.42467
2.47349
1.47909
2.65362
1.52182
1.78547
1.85845
1.30442
2.44869
3.31392
2.75109
2.2381
1.7603
2.99612
2.76317
2.30282
1.88358
2.97718
2.86881
1.74329
2.46552
2.879
1.76636
2.04463
2.02896
1.2938
3.13729
0.991292
2.10156
1.83096
2.06725
2.5027
2.01896
2.35202
2.7098
2.04247
2.57418
2.75722
3.03472
3.32403
2.50117
2.64732
2.91253
0.877683
3.04138
1.81685
2.15011
1.47512
3.0002
3.47928
2.54808
3.75112
2.36916
0.373207
1.50386
1.57519
2.05827
1.82772
1.84507
2.12502
1.28445
2.87693
2.17766
2.7083
2.78833
2.76089
1.80396
3.10797
1.81801
3.40319
3.31784
3.23405
1.57319
2.83032
2.90582
1.40114
2.59486
1.72714
2.8855
1.93791
2.19958
2.44591
1.08636
2.26231
3.88743
2.33152
2.02086
2.38507
2.46705
1.66274
2.33222
1.71816
2.00559
1.89589
2.16542
2.48901
3.14435
3.77624
2.89552
2.23003
2.09725
3.27779
1.38274
3.06564
2.7312
2.17681
2.02828
1.37353
0.56441
2.32791
2.71579
1.628
2.20427
3.69627
2.51084
2.30203
1.666
2.39457
1.74013
2.56496
2.10358
1.32489
2.23749
3.53444
1.62614
2.17681
3.06957
2.2182
1.98359
3.58313
2.0395
1.40279
3.88903
1.12686
2.42855
1.57713
2.22206
2.17059
1.91644
2.36516
1.80915
2.03297
1.65235
2.05342
1.47381
1.95437
2.17029
2.23146
0.597775
2.87012
2.45269
2.55376
2.52506
1.71827
2.23808
2.01552
3.32046
1.70355
2.48935
1.78721
2.86301
0.659855
1.45976
2.43742
2.40387
3.11048
1.01537
2.81087
1.44458
1.76673
1.62135
4.15565
2.03342
3.37791
2.64716
3.25244
2.57307
2.07951
3.37404
2.34516
2.31807
2.61189
1.07869
2.90893
2.16183
1.56912
1.61013
2.43191
2.48949
1.13412
1.74909
2.02072
2.09044
1.36171
2.62511
3.36066
2.1874
1.32736
3.25828
3.70627
2.00495
3.55482
2.78485
3.23567
2.69807
3.86258
1.29327
0.817353
1.84554
2.50079
2.62441
2.77908
1.44131
1.09316
2.49927
2.04458
1.83569
2.54826
1.19239
1.52518
2.33221
2.75024
2.49781
2.21121
2.54587
2.24495
3.12159
2.48157
3.0575
2.53953
0.32399
3.00516
2.23819
2.74786
2.30039
2.73931
2.26462
1.73951
2.364
2.71038
2.74995
1.38964
2.0748
1.12362
1.62055
1.67086
1.86385
3.87757
1.84543
1.18403
3.26385
2.62131
1.7936
2.26371
2.13878
0.881377
2.36946
2.28162
3.07429
3.09333
1.28079
3.39337
1.89426
0.431402
2.43519
1.18167
2.16608
3.01527
1.67904
2.72851
2.17953
1.5289
1.8661
2.7464
2.33597
2.11247
1.54239
1.28123
2.50023
2.21363
2.31031
1.63087
3.25771
2.68042
1.9841
2.40085
3.22614
2.16681
3.71477
2.13425
2.15118
2.44867
2.39195
1.29494
1.56052
2.65041
2.00881
2.49446
2.09277
2.87342
2.86186
3.03031
2.13549
2.16317
1.82759
3.31148
0.698859
1.46443
2.50348
3.26847
2.50572
1.92129
1.84298
1.69641
1.91629
1.97724
1.84538
1.41972
2.03764
1.29599
2.10625
2.29945
3.97822
2.80572
2.59262
2.00921
1.72552
1.92569
2.08107
3.10657
1.84354
1.68849
3.77497
1.53383
3.01784
1.36391
2.77409
3.59801
2.96502
2.26831
2.85415
2.90096
1.9322
3.67281
3.35877
2.69681
1.95112
1.95876
3.2668
2.34125
3.64729
-0.233007
2.23294
2.26454
1.75782
2.59247
2.68927
1.96078
1.01052
1.71501
2.15679
2.85594
2.15873
2.61829
1.65519
1.33282
1.84136
3.39522
3.02454
1.84892
2.24297
2.34489
1.72814
3.3497
0.957144
1.88693
2.10103
2.06822
1.16169
2.60796
2.39658
1.19029
1.64127
2.38961
2.98009
2.93262
2.96841
1.0483
2.96772
2.2003
2.88906
2.95345
2.57223
2.78316
2.06638
1.49481
1.32957
3.14168
1.91981
2.03021
3.29546
1.08305
2.31708
0.932325
1.83703
2.41938
3.24052
2.21637
1.75112
2.50025
2.12897
2.08013
1.85225
2.29119
3.63641
0.53282
2.05424
2.15837
2.86959
3.55895
2.07696
3.01646
1.96048
1.47808
2.56885
1.79927
2.0187
3.57022
3.10771
0.806898
2.53146
2.1827
2.58908
2.15236
2.35237
1.76718
0.504097
2.33951
1.01528
2.03175
1.83089
1.04576
3.19033
2.034
2.28293
1.97826
2.73322
3.42894
1.75847
2.91082
1.21156
2.5407
1.23418
0.449547
3.0569
1.15454
1.43878
2.73101
1.83733
2.56103
2.63631
2.29876
1.82222
1.5087
2.85724
2.33838
1.41239
2.26272
1.78977
2.80458
2.07788
3.90077
3.63526
2.71271
1.60506
1.92138
2.60095
1.1856
2.52155
2.87547
2.25393
2.16829
2.23069
1.57578
2.4611
2.13094
3.26756
2.83746
1.30332
0.470725
1.64729
2.90345
2.51999
2.22241
2.88453
2.58685
2.09799
1.69556
2.48637
1.85534
3.31639
1.24543
1.45605
3.95195
2.73352
1.29143
3.22928
1.84836
2.01057
0.927622
3.87423
2.67154
2.33746
1.43267
2.58704
3.03787
2.55076
2.10624
3.6388
1.32346
1.5409
0.923996
1.54104
2.16499
1.65417
2.85107
2.32527
1.93347
1.12784
2.0332
-0.182923
2.00444
2.16647
2.08129
0.901409
2.10375
1.96873
2.41762
3.0806
2.7463
2.60696
1.50227
1.50899
1.1903
3.16382
3.50952
3.50862
2.02579
2.5296
2.60413
2.21605
3.96108
2.02506
3.29514
0.676995
2.86099
2.16649
3.25921
2.01143
2.9451
0.859595
2.31586
1.53559
3.38393
1.96202
1.70921
2.19464
2.48038
1.74857
1.63895
3.18208
2.73004
1.44644
2.81195
2.50138
1.83322
3.0045
2.25899
1.7451
1.8587
2.85036
2.16646
2.44132
1.65556
2.54746
3.47958
1.86071
3.61122
1.43436
1.72543
2.31774
2.50981
2.05497
2.07292
2.0641
2.07008
2.32344
3.16781
1.44879
1.71828
2.04242
3.17379
3.1473
3.94686
2.57784
1.35189
3.55371
1.80855
2.34126
2.32967
1.99658
2.59265
0.688522
1.70238
1.87108
2.70385
1.34409
2.14599
3.94343
2.07968
3.0428
3.15936
2.06581
1.62283
2.16001
3.36483
3.00625
1.95748
1.88357
2.2534
1.10658
2.11892
1.30291
3.83568
1.29245
2.06588
2.59812
1.0067
2.89228
3.60127
3.31742
2.74516
-0.104417
0.944872
3.1081
1.92579
2.78301
2.58533
1.36584
1.02398
2.07493
2.00234
0.215163
2.31537
3.62967
2.57341
1.55866
2.99994
1.42221
3.08743
2.3942
2.21283
2.19831
4.17098
1.64089
1.65342
1.67655
1.92541
1.97673
2.78537
1.6724
2.08043
3.89076
3.99581
1.35169
2.74804
1.43184
2.23938
1.79682
2.71504
2.1132
2.03298
1.93239
1.36392
1.56965
2.09673
3.67796
2.1053
1.96024
2.58591
1.49109
2.11018
2.25364
1.69587
2.8188
2.41915
1.8665
1.21231
-0.24319
3.1445
2.25226
2.41213
2.29749
1.38547
1.04567
0.817507
2.89414
3.91203
1.94151
2.38168
1.58398
2.69538
1.49459
1.53014
2.23542
2.91594
2.05203
0.869257
1.93565
2.51171
2.57677
1.96029
1.89081
1.78538
2.55932
3.01588
1.84545
1.59363
1.76934
2.68829
2.09617
2.84426
3.53024
2.82547
3.13845
2.89701
2.3029
2.15051
3.39971
1.75468
1.54146
3.24217
2.29624
2.15887
2.94555
3.25668
3.48009
1.19955
0.257463
2.98329
1.69527
3.35436
0.990695
3.12428
2.02563
2.54465
1.15776
1.28036
1.91601
2.59085
1.92372
0.928408
1.61847
2.1883
2.13627
3.0202
3.18163
1.85104
3.45595
2.37777
1.6513
3.29708
2.64594
3.06391
2.32127
2.2353
2.58678
2.26219
1.19064
1.84587
2.47175
3.66035
2.49797
2.41812
1.03192
1.86556
2.2443
2.14604
2.56822
2.89769
2.32577
1.69648
2.2392
2.3358
1.09292
1.70569
2.37295
1.74318
2.68977
1.90697
0.66987
1.54247
1.91598
2.87618
1.95984
2.88743
2.91648
3.40595
2.70382
2.23856
2.23699
1.48573
2.55687
1.75607
1.7897
2.43337
3.73709
1.75489
1.90755
1.57719
3.16097
2.51168
2.37828
3.28827
2.78268
2.57146
3.00873
2.57902
2.47904
3.89966
1.2778
2.10211
2.46576
0.189081
2.5349
1.95847
1.05017
2.75104
1.68201
1.38782
2.38961
1.88689
0.0694949
2.79025
3.36319
2.31928
1.31603
1.03442
2.26846
3.13869
1.09209
2.06771
2.85263
1.41811
3.41078
1.49378
2.5101
2.0057
2.90438
1.8076
2.2162
1.75974
2.12901
2.00486
2.78182
1.89365
1.17002
2.33584
1.1754
1.46996
1.68701
3.61751
1.23481
2.83487
2.34299
3.00048
2.41294
1.85298
2.66299
2.77282
2.72149
2.29015
2.47878
1.48009
1.93694
2.11196
1.56855
1.60275
3.98512
2.42318
3.23934
3.23789
1.15305
3.94322
3.17921
3.65345
2.61991
3.10997
2.78521
3.33497
1.32014
2.36852
1.84552
2.60398
2.7758
2.17353
1.51853
1.75881
3.11111
2.2976
2.02913
1.16987
2.51724
2.89014
3.15818
1.63177
2.5912
1.88927
2.05285
1.45229
2.93416
0.628721
1.96444
1.8681
3.04959
2.20339
1.31944
2.37539
2.82611
2.55304
1.93774
3.53857
2.26498
1.6909
2.45388
3.13817
2.11621
3.70519
1.11765
1.62214
1.81318
2.15237
1.33371
1.6725
2.27751
1.97426
2.2803
1.34727
0.593303
3.35953
1.83911
3.01834
2.41182
1.99296
1.73349
3.26692
2.22209
2.15546
1.20541
2.05557
2.81727
2.20239
1.09081
1.86867
2.56985
3.11199
1.7279
2.09898
2.17037
1.27788
3.95851
1.65308
2.40914
2.18805
3.27777
1.41734
1.35359
2.72419
2.13931
1.84938
3.14887
2.28405
2.03202
2.62538
3.32799
2.27232
2.47789
1.72734
2.16999
2.93608
1.56287
2.89778
1.32095
3.22369
2.30642
2.26552
1.79098
2.1742
1.85386
2.14728
3.61312
1.64557
1.83717
1.35982
2.57698
3.11585
2.38729
2.9259
1.51503
2.49356
2.52889
2.04861
2.56112
2.56942
2.5665
1.2042
1.96547
1.02229
3.10987
1.78738
2.84417
1.93904
1.47569
3.84393
2.41098
2.23798
2.098
1.72822
1.68097
1.83749
2.62076
3.43416
2.15641
2.13536
1.90383
3.08713
3.17622
0.846139
1.94154
1.53787
2.0121
1.63708
2.72985
1.8042
2.56715
1.29004
1.55383
2.30653
1.81404
2.95428
2.59516
2.32447
1.46793
2.64669
2.31381
2.10372
2.7906
3.47262
1.85037
1.76681
1.35654
2.25911
1.74305
2.95906
2.04826
2.88778
2.68335
3.61131
2.19587
2.802
1.28053
2.86002
2.09048
1.78895
2.40691
2.11563
2.81321
2.4121
2.97194
1.41723
1.35782
2.57378
2.13123
0.97652
-0.166622
1.286
2.18765
3.69632
1.53412
1.40351
3.33105
3.0378
2.73984
2.37731
2.32425
2.13346
3.47313
1.68654
1.96112
2.43294
2.27128
3.2006
2.71742
2.32776
1.75983
1.93029
1.79022
1.49452
2.20092
1.4149
1.07636
1.58786
2.66135
1.88395
3.22563
2.7213
2.14116
2.25871
1.96677
2.02994
3.12177
2.93164
0.813191
1.87406
2.06064
1.42829
2.16973
0.983718
2.57333
4.45664
2.11137
1.87425
2.60732
2.081
2.78688
0.728934
2.46711
1.07215
2.78844
2.14927
1.87981
2.37473
1.96399
1.09449
2.56872
2.90145
0.50832
2.91212
2.38581
3.51351
2.20446
3.55981
1.62286
2.69623
2.59266
3.15561
2.50931
3.16335
0.492423
3.07055
3.44511
1.63243
1.79854
1.93048
3.20703
2.03653
1.21362
2.71144
0.204604
2.5342
2.69001
2.68392
1.81799
1.83053
3.58127
1.17799
1.8119
2.68107
1.78332
2.89763
3.02084
3.91308
1.00949
2.74453
2.83939
3.31868
2.28247
2.55111
2.14405
1.46366
1.19628
1.42386
2.35938
1.33203
3.38852
1.92811
2.4042
3.37247
2.33094
1.73882
1.86508
2.61686
2.31014
1.14213
4.11608
2.43421
2.51254
2.36808
1.55631
2.25279
1.30488
1.27015
2.80565
1.81915
1.84198
2.96651
0.506159
1.74208
1.84057
2.93071
2.31576
1.35002
1.79664
0.49955
2.14995
3.43576
1.41675
1.4201
3.24331
2.98417
2.49375
2.53926
1.63894
0.747093
2.1445
2.27707
2.87309
1.79491
1.68142
2.08542
3.47242
2.39849
1.98849
3.11838
1.36829
2.16797
2.65604
2.49566
4.42926
2.64121
2.82036
2.00315
2.72422
0.941674
3.0971
2.81872
0.221697
1.90319
2.25996
2.56902
3.35638
1.828
1.5081
3.65264
2.14897
0.870737
1.78878
1.7311
2.63742
3.18498
2.37029
1.18013
1.22742
1.97439
2.72624
1.81804
3.17735
1.85771
2.09639
1.19486
2.55578
1.92537
1.51408
3.29568
1.06325
1.34481
3.65266
3.36749
2.77091
2.49764
2.80695
0.952213
0.851734
2.55961
2.14868
2.0129
4.02513
2.84621
1.9501
2.77664
2.72128
2.18692
-0.409281
3.28189
1.87411
1.69242
3.02076
2.29916
2.91252
2.14543
1.2883
4.40464
2.58919
1.80102
1.71138
1.71148
1.7966
1.84772
2.69133
3.44936
2.87515
3.01142
3.86279
2.33704
2.2215
1.50321
1.71801
2.99598
2.27174
2.8437
2.55607
1.50448
2.41361
2.19795
2.89999
2.15743
2.75179
1.28921
2.00142
3.04862
3.07088
1.73884
2.24121
1.3739
2.24649
1.26289
2.77247
2.24058
1.86915
2.82716
0.948162
2.39745
1.74716
2.91962
3.16841
3.34504
2.32948
1.28165
2.26093
3.16638
1.46307
2.45383
2.72929
2.6964
1.86915
2.57789
3.0766
1.87989
2.9854
3.66724
2.29098
3.82878
3.04416
3.48599
3.12367
2.5467
2.49099
2.53894
2.32231
2.31185
1.74671
1.91532
2.12961
2.84933
1.76612
2.78032
1.92632
2.08744
2.01072
0.856244
2.96341
1.03109
1.60899
1.9295
2.33989
2.1029
2.51892
2.3623
1.69337
3.73878
2.81031
0.823786
1.46538
3.09677
2.54514
2.36108
2.5835
1.41246
1.25403
2.14178
2.89115
3.96594
2.79373
2.47155
1.76577
3.74785
1.9617
1.99889
3.35985
2.80903
2.60619
1.97732
2.65857
2.12238
2.36179
0.252633
1.54237
2.70536
1.85232
1.58947
2.15347
3.106
1.62136
3.19119
2.58479
1.27691
1.8689
2.23271
2.54597
1.9922
2.99361
1.70159
3.32631
2.73732
2.18983
2.46611
1.72375
2.62241
1.72335
2.79724
2.23849
1.8636
1.43023
1.38203
2.35803
1.26342
2.34523
2.32486
2.11871
2.12795
2.71833
1.91011
1.36114
2.94739
2.52687
2.34306
1.80729
1.10765
2.04336
1.69265
3.04019
2.64193
3.03945
2.64469
1.5782
1.00034
1.94308
2.63299
2.52252
0.738399
1.88721
2.46935
1.50299
0.905307
1.58953
2.63303
2.08688
3.08151
1.21102
0.885159
2.13235
2.04141
2.1179
1.94118
1.54905
1.63188
0.84795
1.79474
2.7873
2.85041
2.49499
3.58302
3.30391
1.73396
2.19507
2.8425
3.49495
2.30731
2.10195
2.25077
2.49253
2.05199
2.08209
2.98377
2.15826
4.53347
1.67845
1.57211
1.44065
2.48675
1.60565
2.32413
3.54917
2.49747
1.52371
2.29443
3.3805
1.21364
2.43512
1.99272
2.43259
1.079
2.21868
1.76082
1.28575
2.03256
3.03728
1.93014
3.64292
2.20877
2.13695
2.40326
2.5651
3.3543
2.46726
2.8858
2.97009
2.6943
2.18508
1.71813
2.3052
1.36285
3.72454
2.06085
1.31858
1.83083
1.67869
2.47097
2.09116
2.93869
2.01307
1.857
2.64193
2.05611
2.41504
2.71123
0.439015
1.90489
2.8416
2.049
3.49118
3.15548
1.37189
1.64104
2.57708
3.5976
1.60167
3.16235
1.14753
2.23728
3.02785
1.46335
2.80352
2.03339
1.21189
2.40592
1.64747
2.53971
1.93212
1.13939
2.12542
3.51984
1.69382
2.08298
2.48746
1.41317
3.09469
2.4906
2.15507
2.29352
3.44789
2.36426
3.28634
1.29095
1.62552
2.08847
1.33837
1.74974
2.73129
3.17703
2.30217
2.50483
1.45793
2.66808
2.40672
2.69523
2.00831
2.84247
1.83814
1.93036
2.80892
2.97311
0.905442
3.70381
1.39771
1.55486
2.19659
2.66512
2.09696
2.10473
1.65593
2.59312
1.84756
2.50971
1.30519
1.49042
1.55298
1.96675
1.44579
2.48958
1.63151
0.431092
1.81691
1.63596
2.27498
3.1845
2.34906
2.50351
2.12876
2.53995
3.40906
3.58192
2.82493
2.14535
2.15903
0.981546
1.89976
1.88589
1.96476
3.84044
1.54443
2.97458
3.96944
1.4829
1.79261
2.22836
2.82989
0.456767
0.953019
2.11945
2.13429
0.995159
2.02681
3.59431
3.21926
1.81902
2.31732
1.16819
2.72907
3.13941
2.06581
3.33044
0.685593
2.60794
1.44535
3.35756
1.80655
3.83477
3.30115
1.32768
2.6914
0.903749
2.98046
2.54736
1.97227
2.3165
2.27916
3.02343
1.5139
1.66109
3.47766
1.40864
2.12134
3.1045
2.17414
2.93456
2.59495
1.67444
2.9752
2.17564
2.23876
2.01089
1.9065
1.9371
2.5793
2.31127
1.84945
2.84656
1.88172
2.24378
3.65161
2.17989
1.69897
1.64428
1.84708
2.34436
2.94381
1.98491
2.80383
3.84097
2.72683
3.20708
2.01917
2.17297
1.72206
2.7433
1.91019
2.64724
2.50647
1.63657
1.8714
3.90389
1.37179
1.66997
1.93782
1.43241
2.3418
2.56668
2.02586
1.86912
2.18658
2.84161
3.33338
1.24564
2.7359
2.31218
1.84809
1.70246
2.55749
2.26736
3.89065
2.9031
1.19288
1.81788
1.72276
1.01409
2.62812
1.5925
2.30592
3.0211
0.571748
3.11703
1.84767
3.28757
3.29255
2.25797
2.37689
3.32323
4.15021
2.57724
2.31903
1.37022
1.49395
2.6601
2.07223
2.29437
2.04398
1.90475
1.6409
1.96847
2.33356
1.24785
2.21554
1.83979
1.91697
2.39496
1.14691
2.13614
3.22326
2.06264
2.04904
2.39214
2.35363
2.46882
2.29238
2.87117
0.85212
2.2233
1.77359
1.33199
1.15745
2.95114
2.48119
1.66995
2.02907
1.54139
2.25796
1.34442
3.46275
2.26495
1.02201
2.43374
2.3692
2.06327
2.92048
1.73172
1.59008
2.78045
1.81861
1.83173
2.11333
2.70483
0.882801
2.40884
2.27577
2.66218
3.31165
1.55196
2.71826
2.74215
2.01453
2.51878
3.10188
2.98686
1.40804
1.28503
1.96081
3.36332
1.84995
2.50737
1.5491
1.88732
2.48215
1.34765
1.92991
2.47584
2.17382
2.3902
2.12612
4.26213
2.01896
2.63536
1.14804
2.90822
3.06967
2.3017
2.83141
2.56268
2.27899
2.64524
3.60808
1.26427
2.81937
2.26268
2.99649
2.31114
2.40537
1.50092
2.33127
1.18109
3.07117
1.99183
2.30411
1.81219
1.68005
2.12888
2.96412
3.34656
1.5533
3.12813
2.31325
2.70176
1.95708
2.9042
1.27357
2.25463
2.03497
2.29992
2.53902
2.55124
2.81555
3.30727
1.36007
2.17847
2.31882
3.18811
1.8927
2.8342
2.5288
2.5885
2.8437
2.59864
1.29565
1.93768
0.118224
3.31645
1.53558
2.1271
1.45768
1.29704
1.39502
2.80618
2.82673
2.67526
3.31714
2.72217
1.18645
2.70876
1.9243
1.4417
2.31914
3.58667
1.53947
0.857673
2.6472
2.08654
2.31281
1.42836
1.43994
1.90012
1.8937
1.69998
1.82437
1.63482
1.18787
2.17978
3.81212
2.13222
1.63871
3.49769
3.54949
2.48328
1.87726
1.04092
2.03821
3.19451
2.13607
3.43929
2.26312
2.04739
1.84198
1.69688
1.58393
4.61813
2.4291
2.415
2.76293
1.30214
2.44016
2.04251
2.23202
2.18529
0.301705
3.42541
2.5475
1.74027
2.55259
2.31346
3.23232
1.10546
3.33996
2.16859
2.87419
2.35633
2.59269
1.35568
4.21682
2.0451
4.04863
2.56802
3.33737
2.40778
1.87615
2.07382
2.1446
2.22403
1.55755
2.92993
2.01301
1.40177
2.45312
3.18541
2.17509
1.98779
0.56949
2.84328
2.24567
2.11807
1.40621
1.5561
3.32956
2.64846
2.76466
3.42703
1.54836
1.61646
2.58008
2.18197
1.479
2.37373
1.67917
2.66195
2.94856
2.02197
2.68101
3.23185
2.71768
1.32284
2.98297
2.56667
2.92873
1.02453
3.03918
1.83619
2.50578
2.08925
3.38211
1.24773
1.338
1.40011
2.73202
0.90604
2.52339
3.16258
3.08236
1.76129
1.75427
1.79614
2.97754
2.09921
1.95186
2.38612
2.06534
3.13093
2.52781
1.80062
3.80697
1.76769
1.11286
0.927178
2.72862
2.61349
0.739231
2.05463
3.36023
3.52863
2.79602
1.54242
1.53903
2.97025
2.27854
2.18903
3.14944
1.7389
1.62186
1.74391
2.16251
3.32381
2.77631
2.81552
1.87169
1.49266
1.62574
1.29207
1.96365
1.44008
2.38589
1.58968
2.74168
3.19376
1.60297
1.70168
2.41671
2.28992
0.559468
2.188
1.28535
3.52301
1.74077
2.38372
3.47197
2.69251
3.48133
2.17113
1.23824
2.22751
3.85297
2.27068
3.18614
2.97469
3.18483
2.48015
3.35312
3.39631
2.0892
2.54222
2.39248
2.80792
2.36803
1.7558
2.22658
1.97589
0.405046
0.857877
2.53312
0.813702
2.31914
2.71085
2.26649
1.42859
4.28446
2.44513
2.92758
2.08546
2.17176
1.40612
1.7804
2.85672
3.32364
3.47414
1.71153
1.99319
1.85937
2.62131
2.497
3.82707
1.82228
1.68321
2.26513
3.26485
1.74301
0.808631
3.6875
1.95437
2.02572
1.82667
2.20499
2.36584
2.22673
3.08072
2.59325
3.25803
1.82566
2.75135
2.69816
2.21023
2.26333
0.872718
1.24036
1.96077
2.98668
2.14031
1.61124
2.48185
2.75517
2.542
3.26001
1.25462
2.10419
1.91624
2.33285
2.94883
2.1338
3.06399
2.01749
1.41477
1.86831
1.85992
2.09326
2.91072
1.61432
2.2353
1.76169
1.2584
1.86889
0.83262
2.12209
2.52271
2.2032
1.68833
2.42076
2.61677
2.09102
2.65103
2.21535
2.98608
1.07114
1.59824
2.50904
2.49757
2.08151
2.3485
2.855
1.69352
3.04632
2.38964
2.20117
1.41324
2.40978
1.50307
2.50954
2.72327
2.25772
2.6941
1.91154
2.69563
1.10082
2.76743
2.89775
2.00451
2.35875
1.61633
2.64014
1.08042
2.33387
2.51719
3.15501
1.34745
2.92194
1.91053
3.57551
2.53497
1.79758
3.10586
1.59928
2.1663
2.52991
0.660799
2.69376
1.82712
3.1914
2.28953
3.30491
2.38807
1.93127
2.14737
1.47007
1.25837
2.89272
1.81227
2.49719
1.57617
1.64582
2.23364
2.29388
1.61285
3.12607
1.62674
2.3251
1.95715
2.10128
1.93257
0.889063
2.46077
2.2864
2.52162
3.56734
1.80938
3.30143
2.44923
3.52351
2.474
1.97276
2.45579
2.05109
2.56461
2.74145
1.53173
1.08809
2.73537
2.74586
2.52662
2.19417
2.56111
3.91842
2.8274
0.99655
2.02076
2.67603
1.91114
2.3837
1.51271
1.94636
2.02997
1.77374
2.93543
1.77179
1.12527
3.28488
3.3531
0.939257
3.02275
2.7717
2.30225
2.06673
2.20552
2.82918
3.83435
2.14112
1.44458
0.956145
1.98749
2.65448
2.59261
1.75569
2.17703
1.23234
3.25007
2.55339
2.34145
2.41826
1.96963
1.30112
1.937
3.06654
2.75927
1.82842
3.34905
1.83583
1.9331
2.66226
2.96616
2.40518
1.29861
2.44616
1.66151
2.50144
3.3284
1.7857
3.27085
1.48406
2.32326
2.09569
2.39616
1.99012
2.31782
1.84933
1.71476
4.10112
3.13093
1.94481
0.700291
2.34741
1.34212
2.15587
1.23026
2.80145
2.63883
1.68458
2.79952
2.72126
1.26654
1.97542
1.79775
0.849971
2.158
2.21566
1.4483
2.3954
2.23571
4.02376
1.53367
2.12506
2.06129
1.49411
2.07858
2.6271
2.52119
2.38684
1.69145
2.82233
1.40302
1.50747
1.62053
2.78253
1.41265
2.15331
0.870692
3.65412
3.1858
1.0627
1.14251
2.63479
2.0081
1.24075
2.31605
0.366067
2.58796
2.68499
1.06039
1.49089
3.08411
2.27362
2.76949
2.33415
3.30146
2.13665
2.5902
1.67311
2.20857
2.17473
2.3794
2.48693
2.34021
3.0666
1.92793
0.95615
2.27668
3.62842
3.08866
3.28382
3.63438
3.49716
2.7335
2.04498
2.13472
2.88037
3.3322
2.54825
2.67584
2.00861
1.96288
2.96592
2.96846
3.71763
2.04145
2.64045
2.65176
2.19273
3.50088
1.17584
3.23302
1.74354
2.00453
2.2053
2.56058
1.61406
3.05226
1.26316
2.13445
3.18268
1.20923
1.13912
1.55798
2.88394
0.936733
1.28213
2.32798
1.87903
1.87129
1.47872
2.34408
2.36716
1.14957
2.93657
2.51382
2.79364
1.60562
2.84908
1.51239
2.81241
3.36832
2.2576
2.54143
2.34333
2.35375
2.2443
2.65
2.52323
2.16968
2.49513
2.68758
3.51977
1.72368
2.48781
1.28062
2.45341
2.81312
2.35235
2.91597
-0.13594
2.67131
1.37669
1.56974
2.88536
3.30437
1.28524
1.37944
3.54954
1.2107
3.227
2.09339
2.53725
0.823507
1.4029
0.406731
3.17046
0.837479
2.87528
1.65702
2.16145
1.689
1.88153
2.13158
2.52049
3.01467
2.64853
2.36735
1.7917
2.67682
1.90106
2.87436
2.65134
1.79598
2.27346
2.92691
2.26769
2.06079
1.84692
1.65266
0.679988
2.94761
1.28318
2.34835
1.80064
2.15895
2.32386
2.07071
1.29468
1.64859
2.60146
3.02529
2.15734
1.86568
1.73711
3.22394
1.7805
2.91318
2.93874
2.42787
2.17585
1.5475
3.37214
2.44736
2.35811
1.51938
1.54576
1.87744
2.23261
4.01893
2.73101
2.54852
2.73444
2.93063
2.03807
2.18179
2.14724
1.45125
3.02607
3.61572
1.47683
1.21621
3.02654
2.97162
0.539688
1.25922
3.03472
2.77944
1.45887
0.977496
3.11209
2.01114
2.64654
1.63894
2.15957
2.75608
1.67086
0.839255
1.20507
2.88492
1.28514
3.25218
1.22922
1.12411
2.00294
0.923491
2.02136
1.88733
1.82545
2.66752
2.30033
2.6295
2.86777
3.34271
2.32233
2.2004
2.76707
2.89603
1.63621
2.58557
2.49447
2.44524
2.02669
1.59421
1.67974
2.38422
3.62342
1.91175
2.4355
1.84338
1.70027
1.1963
1.55771
3.56262
2.65367
1.90357
1.43968
1.35087
1.33547
2.52992
1.68044
2.75647
2.41123
1.03354
0.762033
2.21826
2.64087
1.21042
0.97703
2.01808
2.92481
3.29666
2.84217
3.23
1.73889
3.15795
3.15668
0.56752
0.939224
3.14725
3.14787
2.29816
1.73038
1.89864
1.86888
2.63817
2.67472
2.01284
1.5012
2.026
2.71098
2.75468
2.0419
1.74497
2.03162
3.00109
1.82243
2.12105
2.86594
3.28057
4.0114
2.63126
2.67173
2.52136
1.62705
2.64196
1.71869
2.26129
1.34506
2.49947
2.03739
2.15811
2.18033
2.17049
1.44689
2.70185
2.19075
2.19712
1.1436
2.42413
1.63174
0.542291
2.7106
3.38688
2.74321
2.10496
2.78327
1.83197
1.89701
3.01514
2.59821
1.38747
1.68746
2.43737
1.19257
2.30396
1.78904
1.95262
1.6788
1.7785
1.94379
2.43207
2.94796
2.81664
2.89712
2.91048
2.5361
2.53754
2.59984
2.57681
1.99446
3.07433
1.40214
2.11227
2.05034
0.867221
1.62276
2.22284
3.22728
1.08574
1.33015
1.71305
3.58114
1.88673
2.23313
3.80192
2.6893
1.92225
2.58039
1.88224
2.7587
2.30743
2.32372
2.59943
2.32239
2.10402
2.70942
1.1889
1.98221
2.4887
4.07436
2.96055
2.44713
2.30853
2.37939
0.769652
2.05248
2.02785
2.80242
2.70907
2.00833
1.43931
2.77104
3.30798
3.4653
2.77687
2.07541
1.21975
0.810612
2.54331
1.92117
1.73714
2.58022
1.45084
2.88686
1.62586
3.22555
1.81477
2.94814
-0.600267
2.88584
2.98865
2.19191
2.74035
2.10404
0.719467
0.762148
2.11416
2.91925
2.66949
1.9355
1.16255
1.57673
1.1449
2.6723
1.43288
2.46498
1.77242
3.42177
3.46735
1.3315
2.49693
2.48403
2.7017
1.26411
3.12303
1.84662
1.77336
2.03085
1.73117
2.05444
1.43463
2.56418
2.13253
1.19518
2.4922
2.25305
3.17048
1.99874
3.00978
3.39749
0.969622
1.30083
3.88226
1.33391
3.07809
1.57672
3.00186
2.52018
1.5339
2.19553
3.01077
2.95337
1.9089
3.44347
3.13933
2.33799
1.9244
1.84235
2.67722
2.78663
1.71373
2.3546
3.41961
1.65131
0.898848
1.59341
2.66416
1.97555
1.87897
1.31707
3.27888
3.80349
3.03727
1.05307
3.4497
0.35553
2.60936
2.64255
2.41046
3.35075
3.80732
2.43156
2.04879
2.6202
1.78949
1.96249
1.96379
2.44232
2.14882
2.11331
1.9864
2.82653
2.36605
2.17568
2.67475
1.87354
2.36068
1.74752
1.50029
1.57371
0.664645
0.958759
1.92318
1.29979
3.33476
2.93109
2.28019
2.43006
1.25551
3.32971
2.88126
2.08454
1.26955
1.77352
1.92903
2.18345
2.54767
2.13968
1.98226
3.06736
3.19046
1.63887
2.09614
1.67971
0.59194
2.81229
1.98038
2.30282
2.74157
0.783204
2.43219
2.28787
2.34403
4.32561
2.22812
1.48208
3.31384
2.07372
2.87718
1.34888
2.61966
1.67251
1.68792
2.27189
-0.515078
1.51135
2.55498
2.17131
2.70878
1.88177
1.80141
2.49511
2.42129
3.00712
3.01969
1.86128
3.4372
2.83065
0.922742
2.12038
1.86072
3.03033
1.85707
1.13542
2.17805
2.62758
2.51769
0.484351
2.4587
1.9276
3.77359
1.54523
1.40945
1.16246
2.78999
3.74614
1.35986
0.775694
2.33523
3.66669
3.12748
2.19532
2.73359
3.03191
2.85481
2.54236
1.18941
1.57377
1.41227
2.4323
2.05817
1.41446
1.40822
0.139335
1.57943
3.02839
1.74161
1.45751
2.15576
1.1418
2.7515
1.71472
3.00176
2.04416
2.3828
1.53934
2.72104
1.75132
1.38853
1.1694
2.81165
3.13374
3.87812
2.88373
2.57778
1.80609
2.60932
2.82855
1.9825
1.31841
2.35298
3.50164
2.90958
3.03065
3.26239
2.88173
3.31779
2.3291
1.30138
2.71698
1.14921
1.61279
2.57066
3.12298
2.60177
2.42367
1.48921
1.74996
1.88545
3.99787
2.61546
3.06698
2.67942
2.61655
2.13609
1.35561
2.07726
1.45681
1.14713
2.11372
2.20222
1.14711
3.31904
1.74626
2.87384
1.38537
2.23409
1.74672
2.90563
2.77579
2.85025
1.85085
2.41724
2.27445
2.3179
1.38063
1.72679
2.87087
2.34627
1.92057
1.77015
3.11263
2.62677
1.39949
1.48335
2.23852
2.74206
3.01333
0.953988
1.28016
3.80613
1.61244
2.34199
1.97104
1.92175
1.12863
2.12069
2.27419
2.42877
2.96616
1.65389
1.82488
2.45355
0.720039
2.37374
2.43998
3.36518
1.92711
1.97961
2.70416
1.7487
3.2666
2.38844
1.40657
1.77942
3.09851
1.64977
2.35774
2.29377
2.80748
3.22371
2.05184
2.72528
2.54403
2.60799
1.16123
0.936167
2.64081
1.17083
2.05166
3.76118
2.12754
1.27472
3.01385
1.49189
2.32602
1.98588
3.04932
1.73165
2.72042
2.01623
3.25447
2.39085
1.73364
4.18306
2.7306
2.95984
2.645
2.05768
1.71896
2.54965
1.37958
2.34891
2.25654
1.68214
1.96287
1.92059
2.81887
1.13848
2.93809
3.69978
2.41874
3.3081
2.55285
1.55657
2.77711
2.2179
1.83415
3.65799
3.23111
3.58638
2.30495
3.3552
0.021308
1.40592
2.09648
1.35503
2.39348
2.5954
2.42604
1.85833
3.21983
1.73143
2.11712
2.88592
2.7362
2.04332
2.53524
2.32166
2.30562
2.25281
2.60411
2.51963
1.58753
2.45019
0.889922
1.95418
2.5859
2.05224
2.26596
3.28626
3.27649
2.12971
1.67792
3.4511
2.73058
4.53699
0.766626
3.04115
2.81816
0.961305
0.432021
1.61887
0.721734
1.33991
2.04861
2.58213
2.57919
0.80645
2.56837
3.08682
2.11832
2.04226
1.25767
2.22398
2.29071
1.86925
2.67543
2.77456
2.83765
2.36401
1.86
3.21718
2.79098
2.60113
1.48791
2.5652
0.738157
1.44979
2.8337
2.23777
2.14681
3.56695
2.17923
3.16183
2.1073
2.16038
2.50895
1.83862
2.4894
1.3146
2.04022
2.4537
2.02139
1.78989
1.5836
1.44222
2.7542
2.77194
3.36025
2.38696
3.19292
3.2618
2.99737
2.17504
1.85908
1.48275
2.23991
1.14123
2.13641
1.92296
1.83008
2.30595
2.10769
2.3827
2.40053
2.45282
0.880973
3.00538
3.14539
2.81771
2.53957
2.66517
1.25399
0.70047
1.80061
1.18681
0.706832
1.38399
0.701338
2.14159
3.11409
2.97667
1.65653
1.65605
3.26642
1.53052
0.902507
1.83282
1.59556
1.27205
2.54336
2.13288
2.18839
2.17778
2.06982
3.83336
1.78728
3.71856
1.31032
1.93347
1.61571
2.42293
1.52719
3.61644
1.90656
2.74589
2.67989
2.78577
3.84359
2.45831
3.38124
1.26944
1.79468
2.971
1.71914
2.83849
2.87743
2.9626
1.47304
1.99769
2.04579
1.63411
1.88229
2.15335
2.19492
1.23945
2.26676
2.78067
4.09684
1.22038
1.27656
1.78877
2.24604
2.57036
1.33777
2.11788
2.06596
2.17193
1.79645
1.56819
2.35141
1.62123
1.56405
2.4653
2.05458
1.3884
2.63497
2.88222
1.8611
1.74908
3.00671
2.44165
1.6559
2.04825
1.75457
1.73422
1.68553
1.84433
2.27733
3.22581
2.40894
2.22543
2.93473
2.12069
1.62901
1.24933
1.96367
0.839156
2.59606
3.12214
1.46522
1.50665
0.913388
2.30275
2.6541
2.86879
2.33702
3.46625
1.83446
0.787326
2.97459
1.46887
1.96134
2.32782
1.77894
1.91219
2.70215
3.11245
1.80459
1.8694
1.39221
1.63093
2.39057
2.80921
1.34864
1.4061
2.66005
1.50033
1.69344
2.85253
1.75357
1.71529
2.62057
1.85014
2.35085
1.73974
1.64506
1.82112
2.17098
2.84851
1.34516
1.77258
0.680481
2.3528
1.80658
1.74895
1.47768
1.83448
2.37846
2.35271
1.98594
1.92769
3.00031
2.07629
2.57835
1.1205
1.56457
2.50841
2.30402
1.07462
0.82967
2.24118
2.79246
1.48887
1.60466
1.00224
0.699682
3.51016
3.4156
1.96202
2.21294
2.56299
2.25444
2.58329
1.36199
1.19783
2.22201
1.44636
2.02978
1.78697
2.51761
2.6431
1.73273
2.22137
3.45088
1.31457
1.0363
2.25937
1.45969
1.93971
3.13767
0.956937
2.38985
1.49903
1.71752
1.64708
1.97203
2.30749
2.16425
2.26511
0.646332
2.65246
1.54854
3.76929
2.24172
1.9195
1.00173
3.2966
2.28061
2.18701
3.21648
1.77591
4.17834
2.15897
2.71617
2.04178
2.11665
2.1436
2.42635
2.58626
2.22604
1.58908
2.26421
2.97086
2.27133
1.46177
1.96925
1.35219
1.57135
2.46092
1.73951
2.02687
1.74877
2.40663
1.08193
2.19815
1.97725
2.36133
2.62443
1.96087
2.84918
1.38002
3.4186
3.80168
1.59235
2.90491
2.03303
1.89665
1.47027
2.36694
1.83709
3.54185
3.4965
2.54552
1.05448
1.80812
2.52857
2.07755
3.02816
1.96444
2.31693
1.2501
0.793274
3.06673
2.10606
3.02875
1.80175
3.01815
2.31473
3.29156
2.29293
1.92213
2.94627
2.40708
2.25275
2.54529
2.64096
3.13874
2.84121
3.23604
2.23531
1.5401
1.73432
1.98862
3.22985
2.58166
2.5087
1.96517
1.32726
2.00453
3.18073
2.12123
3.15918
2.9811
2.62558
3.03777
2.41457
2.56024
1.57571
3.67679
2.74274
2.53391
2.73954
2.7504
3.08913
1.52441
2.4348
1.84677
2.4884
1.30986
2.37867
1.74325
1.35285
1.61519
2.49823
3.28317
2.71848
1.99143
2.19816
2.0584
1.91827
2.27277
1.4203
0.748327
1.34903
3.89284
1.10623
1.84491
2.66084
1.63529
1.91438
1.34089
2.11561
2.8672
2.95522
1.79421
0.49911
2.0261
2.30965
1.88028
2.31344
2.58756
-0.177937
2.15756
3.21101
1.20279
3.07832
1.55577
2.9948
1.70517
2.42895
0.532462
0.860585
2.05022
1.17175
3.00154
2.4442
0.776258
2.03766
2.4633
1.74707
1.5798
2.94035
3.51926
2.32969
0.199362
2.41488
3.32115
3.0079
3.47478
0.970504
1.59925
2.16057
2.54582
3.56995
1.49624
2.06622
1.83535
2.48474
2.52932
1.96581
2.1664
0.826678
2.78643
0.693389
4.62461
1.42648
0.918727
3.05803
2.80003
1.6247
1.50835
2.81179
1.0535
1.11777
1.9163
2.57008
2.58856
3.09438
1.6738
2.80643
1.05192
3.02338
2.58862
2.78775
3.81869
2.65994
3.72393
1.18838
1.57904
2.15614
2.99042
1.26583
2.27376
1.37919
2.25876
2.36605
2.59223
1.79473
2.92435
2.69647
2.44155
2.52696
0.891545
0.972465
2.37745
2.18047
1.43743
2.56687
1.46622
1.4604
1.91734
2.19671
2.05502
2.19777
0.294181
2.05519
1.9379
2.78015
3.34073
2.20496
1.507
2.52183
2.52541
2.65054
2.85376
2.26147
3.59649
3.19146
2.00045
2.01203
2.38737
2.425
1.81016
2.60902
3.0302
1.94386
2.14944
1.75304
1.52404
2.35773
1.65409
1.90869
2.26368
2.08338
1.86438
1.36869
2.9752
2.41177
1.82308
1.39026
2.79612
1.99668
-0.178574
2.79387
1.54112
2.2068
1.60191
1.92283
1.79
2.27481
1.7783
3.47488
1.57582
0.694034
3.10924
1.68725
2.51672
2.41715
1.14132
1.24037
1.9972
2.44987
2.12045
2.91079
3.12714
1.96359
1.65807
2.45569
1.56355
1.50004
1.00352
1.52674
2.15217
2.84632
3.26932
1.53977
1.75989
2.70893
3.62039
1.22171
1.85321
3.41064
3.80886
3.53782
2.12458
2.53656
1.48053
1.85452
2.62657
3.12449
3.03965
2.72692
1.25572
1.03076
1.03701
2.09639
2.78131
1.493
2.59178
2.13744
2.75353
1.78926
3.20973
2.18598
1.7696
2.43372
1.724
1.62442
2.93732
2.0455
1.3069
2.04652
2.41584
2.37411
1.93959
2.75824
1.83125
1.52863
2.78843
2.29687
1.61386
2.69835
1.02785
2.00547
0.920447
2.64735
2.69978
1.5501
3.04216
4.23242
2.19848
1.98109
2.42016
2.55667
2.09647
1.12281
2.50568
1.92421
3.08612
3.09614
1.93498
2.99058
1.20832
2.08575
2.72037
1.05004
2.09019
1.76362
1.85157
2.59026
2.80675
2.09898
0.77076
2.63716
2.44094
1.02493
2.92996
1.94285
1.6156
2.00712
1.56388
2.52
3.02217
3.81682
2.2617
2.99559
3.01754
1.09907
0.812998
1.02432
2.58435
2.50013
2.94459
2.61531
3.43209
3.12533
1.5372
2.61785
4.10488
1.01088
1.91088
1.6192
2.05986
3.97414
2.31044
2.4251
3.90671
2.02343
2.23419
2.51644
1.38086
1.93615
2.92072
1.98593
2.6127
1.89461
1.66832
1.48443
2.60458
3.12631
3.00575
2.14266
2.53399
3.22398
2.96878
2.34088
3.0719
2.54014
4.0547
1.87623
2.42977
0.638985
2.49891
1.04912
1.52769
2.32832
2.80244
2.28433
2.44064
3.75261
2.48908
1.78905
1.53458
2.94906
2.27814
2.34395
1.90174
2.09385
1.59871
3.74101
2.38069
2.91695
1.14095
2.16019
2.88101
2.72258
2.44318
3.43235
1.99719
1.45005
1.84777
1.8218
1.94505
2.03739
1.64856
2.46579
1.83237
2.12478
1.84483
3.70544
2.78504
2.76436
2.98852
2.9452
2.92348
1.66445
2.36867
3.23264
1.59215
2.4992
1.45898
2.18079
2.62125
1.84303
0.748892
2.92571
0.337598
1.9711
2.07263
2.40473
1.71907
2.0448
2.0751
2.42291
1.52331
1.52946
2.98908
4.01793
3.44205
1.91193
2.02507
1.90443
2.98328
2.26479
1.6171
1.47109
3.20383
1.62894
2.46591
2.15173
0.844815
1.48076
3.25842
2.39497
1.76394
1.47771
1.86332
3.13015
0.95569
2.81903
0.656999
1.62801
2.53283
2.14164
2.21973
3.90283
3.19912
1.28006
0.849324
2.49483
2.00265
1.45915
1.94975
1.25392
1.5014
2.07685
1.71146
4.50467
1.82826
2.29761
2.50118
2.76795
1.74759
2.80286
2.33803
2.29332
1.15832
2.3666
1.7338
3.05044
2.89738
3.73197
1.68622
0.967779
1.9805
1.10712
2.30527
1.65852
2.39123
2.2256
1.24948
2.44409
1.23929
1.69569
2.44244
2.80513
2.09338
3.09197
3.20722
1.06923
2.38485
2.17295
2.40017
2.27416
1.88749
2.41719
2.49847
2.48242
2.78018
1.59763
0.867372
1.80047
2.44265
0.380061
1.9354
1.79055
2.05627
3.19801
2.4555
2.30752
1.62443
2.66715
3.27034
1.82379
1.65353
2.25248
1.21592
2.37652
3.46158
2.35668
2.96669
3.25945
1.62004
2.22317
3.15424
2.9853
2.02246
3.09461
1.97987
1.83235
1.45844
2.34308
1.90316
3.28108
2.72667
2.88314
2.67972
1.81876
1.43802
2.53578
1.87027
1.56229
1.91228
2.16628
0.386475
3.26819
3.22972
1.54238
3.61757
2.24268
3.46989
2.24368
2.59348
1.64241
2.93027
2.71348
3.0948
1.58694
1.04167
2.94774
2.83676
2.64374
3.19899
1.48852
0.486679
0.764086
1.57176
2.22439
2.42389
1.37517
2.42455
2.37076
0.934703
2.55863
1.37212
2.37529
0.996499
1.11984
2.97325
2.27808
1.37007
3.79956
2.7273
3.08998
2.99249
2.40942
1.65997
3.75364
2.64222
2.14476
1.70824
2.49833
1.86077
2.50756
1.94044
2.69272
3.23318
2.68682
1.80836
1.89303
2.97195
3.14659
0.657791
2.53183
2.28372
3.0653
2.63654
2.45253
2.97378
3.04068
2.42249
3.00925
3.87822
2.30957
2.04653
1.5352
2.82884
1.16253
2.77727
2.44915
2.74278
2.28064
0.723056
1.88364
2.20841
3.26485
2.44734
2.56272
2.11096
1.28494
3.65913
2.32123
1.95924
3.16324
1.7413
3.0472
2.52051
2.30011
2.02207
1.38157
1.39323
2.22715
1.51091
2.0291
2.62817
2.65757
3.30268
1.68978
1.30619
3.20416
2.17893
1.99167
2.45828
1.14166
2.36177
1.46738
2.40092
1.6879
2.82886
2.29606
2.02725
2.0391
2.49234
1.84408
3.02541
0.910354
2.61469
2.13918
0.685327
0.817543
3.40099
2.74614
2.3124
1.3249
0.655058
2.03325
2.49901
2.21171
2.25265
2.82618
2.51785
1.84421
2.5903
4.17039
1.56251
2.03943
1.77861
2.33548
2.19686
2.92573
2.22375
0.714778
1.67281
1.89463
1.03367
2.71484
1.46794
2.40694
2.24105
2.58392
1.73982
0.860788
1.91039
2.6653
1.11087
2.36557
1.71219
2.0902
2.34303
2.61902
3.92596
3.00352
2.61658
1.29411
3.04793
2.29188
1.965
0.740916
1.9364
2.5848
2.99114
2.18499
1.44438
2.07427
2.45471
2.64726
1.71473
1.43215
0.758598
1.96226
2.54917
3.35301
2.29088
0.84973
1.95919
2.27206
3.06279
2.2337
2.68425
3.03442
2.35273
2.30992
2.35268
1.51043
3.25869
1.7185
2.1484
1.66473
1.60601
1.84336
1.80123
1.71948
1.97888
3.73248
0.636389
3.42036
2.65173
3.27898
2.15811
1.41636
2.8313
2.03607
3.9451
2.8419
2.62772
2.63841
2.6546
2.97993
0.79689
3.15685
1.93244
2.99272
2.78525
1.91388
3.54538
1.52386
2.17422
2.36264
2.03142
2.71339
1.56886
2.24612
3.31229
3.50453
2.40198
1.00329
1.98675
2.44805
3.02315
0.991157
0.767818
2.32903
2.61164
1.8034
1.52254
1.98646
2.60318
2.65292
2.83335
1.86876
3.58772
1.24773
1.33696
2.09305
2.32365
2.25041
2.83876
2.66089
1.77879
0.879284
2.66849
2.28941
1.83285
1.09988
1.53745
1.95878
0.971018
3.036
2.02033
2.48778
2.88731
2.63078
1.96068
2.62988
2.41073
3.30585
3.05558
1.30707
2.29327
2.69184
1.65757
1.06633
2.49741
1.36173
1.46188
1.42026
3.02732
2.7701
1.9246
2.6117
2.01945
1.92809
2.86896
1.79999
3.4915
1.74762
3.35527
1.20934
1.97296
2.26911
2.01499
2.15318
1.5018
2.10993
1.92698
3.24019
2.68949
2.18464
1.92079
1.21654
3.29588
2.49968
2.12989
2.26302
2.99947
1.89495
2.43273
1.68908
1.81235
4.25446
1.87718
1.38588
0.899078
1.80695
1.62268
2.24944
2.07694
1.87476
2.35161
1.86981
2.86077
2.60001
2.13458
2.09515
2.91239
2.32812
2.74385
2.6211
1.06196
1.57523
1.89246
1.05841
2.91459
3.00982
0.771115
0.947264
1.39873
1.27395
2.61263
0.97361
2.26763
2.60463
3.48467
2.44599
1.84905
3.06502
3.32173
1.84302
1.53226
1.94247
2.77011
2.6514
3.69043
3.74371
2.80897
2.68158
1.76201
4.05592
1.76639
1.98568
1.74706
0.506153
2.9257
3.65453
1.84598
2.44073
2.60778
1.02543
1.82907
2.03906
1.91665
2.42743
1.68337
1.74814
2.12839
3.14079
3.41048
1.75638
2.62841
2.2847
2.41575
2.45744
2.50743
2.35965
1.27894
2.76025
2.58384
2.97289
2.44029
3.65652
2.27857
4.26887
2.27474
2.3039
2.04752
1.48105
2.75327
2.55267
2.6754
2.68119
1.52204
2.43869
1.94921
3.32007
1.48488
2.34543
2.42326
1.55066
1.52778
4.05504
2.94931
2.6627
2.72342
1.50596
2.79899
2.99167
2.18296
1.20917
2.1656
3.67204
2.98031
3.00066
2.24603
2.32841
2.00193
2.28283
2.21674
2.79053
3.53019
2.37401
1.66812
1.71728
0.244074
1.71825
2.93791
2.05155
3.20838
2.5476
1.88497
1.3049
3.20638
3.78671
1.23866
2.98229
2.15289
2.56218
2.42218
2.15752
1.3002
2.97304
2.01268
2.75117
2.2878
4.67472
2.60537
1.34799
1.34106
1.87545
4.26482
2.27434
2.26449
1.42916
3.57014
2.05339
2.35901
1.95511
2.17182
1.96485
2.44664
2.17429
2.93475
3.32931
3.01193
3.13462
3.44932
1.42445
2.53279
3.2705
3.50938
3.26364
1.25985
1.7308
1.852
1.96284
3.32585
3.62176
2.80699
3.06686
2.0895
2.62235
1.46106
1.43749
1.78933
1.47484
1.08979
2.21423
2.41064
1.76311
2.13568
3.43988
2.95924
2.66883
2.94763
0.868257
1.71891
1.5921
2.0739
0.702604
2.53505
2.86379
1.19737
3.25504
1.60756
2.32195
2.43925
1.98831
1.22586
1.97902
2.26901
2.05223
-0.925739
2.05193
2.47209
2.04795
1.22633
2.11803
2.53506
2.7345
2.155
3.57614
2.83561
2.54957
2.33223
2.74926
1.74262
2.61145
2.70709
3.16611
1.47619
2.69004
2.17474
0.96013
2.92804
2.33621
2.26286
2.72517
1.74881
2.2415
1.96116
2.99677
4.14095
2.82686
1.93703
2.1679
1.86159
3.10528
0.981704
2.23016
1.5312
3.16821
1.12136
1.75175
1.44586
3.58845
2.75916
3.02709
1.09397
2.46423
1.92639
2.64038
2.85813
2.60729
2.18917
1.45902
1.22996
1.71704
1.28599
2.7131
2.54817
1.30498
2.58508
2.71248
1.7523
1.04879
1.73587
1.71889
1.63761
2.51624
3.09669
3.01623
1.31487
0.890528
0.992424
2.89386
1.00091
0.0431623
1.92328
2.43423
3.58706
1.85953
1.87362
0.853246
2.40265
2.16493
1.74571
3.09932
1.98969
3.73491
2.28597
2.38245
2.91301
3.41926
2.66958
1.77916
2.61708
2.00695
1.7717
2.09106
2.57451
2.16634
0.348062
0.715166
3.61478
1.65336
2.09779
1.80611
2.20185
1.74748
2.60592
1.71235
2.52023
1.86432
2.62599
3.51873
3.34651
2.02621
2.19816
0.874342
2.3067
2.42037
1.95237
2.21399
1.7503
1.80516
1.31833
2.19032
2.26917
1.98378
3.14614
2.75988
3.15212
1.33865
2.93588
2.59329
2.67715
2.83398
2.62924
2.26028
1.62854
2.01558
2.43266
2.84735
3.36709
2.80156
2.45592
2.74566
2.33461
0.870495
1.92785
1.78683
3.3348
1.58949
1.94556
1.95918
2.79458
1.66116
1.16171
1.59571
2.38956
2.33479
1.73259
2.34984
2.0585
2.88051
1.37139
3.07087
3.18454
2.68918
2.94999
3.01896
1.55272
2.75802
3.25492
3.25945
1.97628
1.80623
2.36666
1.5916
2.68824
2.44071
2.41353
2.29397
3.66761
2.38903
1.83227
2.97353
2.31066
1.5564
1.67844
1.34779
2.25842
2.75988
1.94247
3.1588
3.02407
1.20893
2.06908
3.47205
3.02834
1.95423
1.407
1.62896
2.44597
3.25415
1.93284
3.09608
2.19459
2.03072
2.56561
3.3683
3.18381
3.13235
2.66587
1.53339
2.57974
1.46722
1.89365
3.55407
2.90745
0.207257
1.6477
3.15874
1.69589
1.66083
2.47024
3.18647
1.77323
2.15706
1.51534
2.96436
1.17377
2.03321
3.00175
2.87151
1.22786
1.96946
1.87865
1.52876
3.35864
2.32092
3.68553
1.52359
2.85558
2.79414
3.24953
1.53891
1.9947
2.05337
2.44229
0.818032
2.99418
2.38156
2.46523
1.73134
1.50453
2.27168
1.51034
2.15147
1.94777
1.73445
2.93206
2.68114
2.53926
3.53217
2.94834
2.02259
3.10086
3.66965
2.52604
1.70209
2.65087
2.29156
1.61396
3.12887
2.059
1.44261
3.88352
-0.54634
2.13124
0.415457
1.71398
1.25846
1.76873
2.30844
2.4504
1.16928
1.13599
1.73856
1.04024
2.41543
1.69575
1.86358
2.33285
1.96805
2.55981
2.71467
2.4513
1.96084
3.32476
2.38756
1.63468
2.26483
1.68968
0.906399
1.11106
2.96962
1.19334
2.34081
2.04231
1.72073
2.53365
2.98995
2.10697
1.85138
0.547194
1.5415
1.26092
2.54084
2.3377
3.02133
3.15135
2.10988
2.29444
2.92839
2.46364
2.3261
1.68578
-0.132802
1.97779
0.850143
1.38211
